-3.906250000000000000e-03,-3.208705357142857019e-03,-3.487723214285714472e-03,-2.929687500000000000e-03,-3.208705357142857019e-03,-3.627232142857142981e-03,-3.487723214285714472e-03,-2.929687500000000000e-03,-3.208705357142857019e-03,-2.929687500000000000e-03,-3.348214285714285528e-03,-4.045758928571428943e-03,-3.069196428571428509e-03,-3.208705357142857019e-03,-3.208705357142857019e-03,-3.627232142857142981e-03,-3.208705357142857019e-03,-3.627232142857142981e-03,-3.487723214285714472e-03,-2.790178571428571491e-03,-3.906250000000000000e-03,-2.650669642857142981e-03,-3.348214285714285528e-03,-3.487723214285714472e-03,-3.069196428571428509e-03,-3.906250000000000000e-03,-2.929687500000000000e-03,-3.487723214285714472e-03,-3.348214285714285528e-03,-3.766741071428571491e-03,-2.929687500000000000e-03,-3.906250000000000000e-03,-4.603794642857142981e-03,-3.487723214285714472e-03,-2.511160714285714472e-03,-3.487723214285714472e-03,-3.348214285714285528e-03,-3.487723214285714472e-03,-3.906250000000000000e-03,-3.766741071428571491e-03,-4.045758928571428943e-03,-4.324776785714285962e-03
-6.821986607142857539e-02,-6.752232142857142461e-02,-6.738281250000000000e-02,-6.696428571428571230e-02,-6.738281250000000000e-02,-6.724330357142857539e-02,-6.794084821428571230e-02,-6.654575892857142461e-02,-6.766183035714286309e-02,-6.626674107142857539e-02,-6.752232142857142461e-02,-6.724330357142857539e-02,-6.738281250000000000e-02,-6.682477678571428770e-02,-6.654575892857142461e-02,-6.738281250000000000e-02,-6.724330357142857539e-02,-6.752232142857142461e-02,-6.794084821428571230e-02,-6.780133928571428770e-02,-6.835937500000000000e-02,-6.724330357142857539e-02,-6.780133928571428770e-02,-6.891741071428571230e-02,-6.780133928571428770e-02,-6.794084821428571230e-02,-6.710379464285713691e-02,-6.780133928571428770e-02,-6.724330357142857539e-02,-6.766183035714286309e-02,-6.626674107142857539e-02,-6.808035714285713691e-02,-6.905691964285713691e-02,-6.780133928571428770e-02,-6.556919642857142461e-02,-6.668526785714286309e-02,-6.780133928571428770e-02,-6.710379464285713691e-02,-6.835937500000000000e-02,-6.738281250000000000e-02,-6.752232142857142461e-02,-6.863839285714286309e-02
2.399553571428571577e-02,2.329799107142857192e-02,2.315848214285714385e-02,2.273995535714285615e-02,2.301897321428571577e-02,2.357700892857142808e-02,2.357700892857142808e-02,2.329799107142857192e-02,2.385602678571428423e-02,2.260044642857142808e-02,2.315848214285714385e-02,2.273995535714285615e-02,2.260044642857142808e-02,2.315848214285714385e-02,2.301897321428571577e-02,2.343750000000000000e-02,2.343750000000000000e-02,2.343750000000000000e-02,2.329799107142857192e-02,2.399553571428571577e-02,2.273995535714285615e-02,2.287946428571428423e-02,2.287946428571428423e-02,2.371651785714285615e-02,2.287946428571428423e-02,2.343750000000000000e-02,2.357700892857142808e-02,2.301897321428571577e-02,2.287946428571428423e-02,2.357700892857142808e-02,2.329799107142857192e-02,2.287946428571428423e-02,2.343750000000000000e-02,2.301897321428571577e-02,2.315848214285714385e-02,2.287946428571428423e-02,2.357700892857142808e-02,2.301897321428571577e-02,2.371651785714285615e-02,2.315848214285714385e-02,2.287946428571428423e-02,2.301897321428571577e-02
6.724330357142857539e-02,6.668526785714286309e-02,6.682477678571428770e-02,6.584821428571428770e-02,6.668526785714286309e-02,6.724330357142857539e-02,6.682477678571428770e-02,6.682477678571428770e-02,6.640625000000000000e-02,6.682477678571428770e-02,6.682477678571428770e-02,6.682477678571428770e-02,6.612723214285713691e-02,6.682477678571428770e-02,6.626674107142857539e-02,6.724330357142857539e-02,6.654575892857142461e-02,6.738281250000000000e-02,6.668526785714286309e-02,6.696428571428571230e-02,6.598772321428571230e-02,6.654575892857142461e-02,6.612723214285713691e-02,6.752232142857142461e-02,6.570870535714286309e-02,6.738281250000000000e-02,6.626674107142857539e-02,6.640625000000000000e-02,6.696428571428571230e-02,6.696428571428571230e-02,6.542968750000000000e-02,6.598772321428571230e-02,6.710379464285713691e-02,6.682477678571428770e-02,6.556919642857142461e-02,6.598772321428571230e-02,6.710379464285713691e-02,6.640625000000000000e-02,6.808035714285713691e-02,6.724330357142857539e-02,6.682477678571428770e-02,6.682477678571428770e-02
4.380580357142856845e-02,4.366629464285714385e-02,4.380580357142856845e-02,4.450334821428571230e-02,4.408482142857143155e-02,4.310825892857143155e-02,4.338727678571428770e-02,4.380580357142856845e-02,4.394531250000000000e-02,4.366629464285714385e-02,4.366629464285714385e-02,4.310825892857143155e-02,4.310825892857143155e-02,4.324776785714285615e-02,4.324776785714285615e-02,4.324776785714285615e-02,4.324776785714285615e-02,4.492187500000000000e-02,4.506138392857143155e-02,4.492187500000000000e-02,4.366629464285714385e-02,4.534040178571428770e-02,4.464285714285714385e-02,4.478236607142856845e-02,4.492187500000000000e-02,4.380580357142856845e-02,4.450334821428571230e-02,4.408482142857143155e-02,4.464285714285714385e-02,4.408482142857143155e-02,4.478236607142856845e-02,4.422433035714285615e-02,4.380580357142856845e-02,4.422433035714285615e-02,4.422433035714285615e-02,4.408482142857143155e-02,4.380580357142856845e-02,4.366629464285714385e-02,4.310825892857143155e-02,4.352678571428571230e-02,4.324776785714285615e-02,4.352678571428571230e-02
-3.772321428571428492e-01,-3.723493303571428492e-01,-3.763950892857143016e-01,-3.685825892857143016e-01,-3.733258928571428492e-01,-3.762555803571428492e-01,-3.765345982142856984e-01,-3.740234375000000000e-01,-3.751395089285714524e-01,-3.724888392857143016e-01,-3.770926339285714524e-01,-3.777901785714285476e-01,-3.775111607142856984e-01,-3.779296875000000000e-01,-3.745814732142856984e-01,-3.775111607142856984e-01,-3.776506696428571508e-01,-3.699776785714285476e-01,-3.677455357142856984e-01,-3.688616071428571508e-01,-3.699776785714285476e-01,-3.659319196428571508e-01,-3.702566964285714524e-01,-3.738839285714285476e-01,-3.655133928571428492e-01,-3.741629464285714524e-01,-3.680245535714285476e-01,-3.717912946428571508e-01,-3.680245535714285476e-01,-3.713727678571428492e-01,-3.664899553571428492e-01,-3.727678571428571508e-01,-3.766741071428571508e-01,-3.730468750000000000e-01,-3.667689732142856984e-01,-3.680245535714285476e-01,-3.775111607142856984e-01,-3.736049107142856984e-01,-3.839285714285714524e-01,-3.779296875000000000e-01,-3.798828125000000000e-01,-3.791852678571428492e-01
-4.310825892857143155e-02,-4.394531250000000000e-02,-4.324776785714285615e-02,-4.464285714285714385e-02,-4.352678571428571230e-02,-4.324776785714285615e-02,-4.338727678571428770e-02,-4.324776785714285615e-02,-4.352678571428571230e-02,-4.296875000000000000e-02,-4.310825892857143155e-02,-4.255022321428571230e-02,-4.366629464285714385e-02,-4.338727678571428770e-02,-4.352678571428571230e-02,-4.282924107142856845e-02,-4.268973214285714385e-02,-4.464285714285714385e-02,-4.492187500000000000e-02,-4.450334821428571230e-02,-4.478236607142856845e-02,-4.506138392857143155e-02,-4.450334821428571230e-02,-4.408482142857143155e-02,-4.436383928571428770e-02,-4.478236607142856845e-02,-4.422433035714285615e-02,-4.464285714285714385e-02,-4.408482142857143155e-02,-4.352678571428571230e-02,-4.380580357142856845e-02,-4.338727678571428770e-02,-4.338727678571428770e-02,-4.422433035714285615e-02,-4.436383928571428770e-02,-4.422433035714285615e-02,-4.366629464285714385e-02,-4.422433035714285615e-02,-4.255022321428571230e-02,-4.338727678571428770e-02,-4.310825892857143155e-02,-4.324776785714285615e-02
1.674107142857142808e-02,1.436941964285714211e-02,1.618303571428571577e-02,1.367187500000000000e-02,1.478794642857142808e-02,1.646205357142857192e-02,1.590401785714285615e-02,1.548549107142857192e-02,1.506696428571428596e-02,1.534598214285714211e-02,1.618303571428571577e-02,1.674107142857142808e-02,1.534598214285714211e-02,1.604352678571428423e-02,1.534598214285714211e-02,1.702008928571428423e-02,1.632254464285714385e-02,1.520647321428571404e-02,1.422991071428571404e-02,1.478794642857142808e-02,1.409040178571428596e-02,1.367187500000000000e-02,1.436941964285714211e-02,1.646205357142857192e-02,1.325334821428571404e-02,1.590401785714285615e-02,1.436941964285714211e-02,1.548549107142857192e-02,1.381138392857142808e-02,1.506696428571428596e-02,1.311383928571428596e-02,1.562500000000000000e-02,1.632254464285714385e-02,1.548549107142857192e-02,1.450892857142857192e-02,1.395089285714285789e-02,1.618303571428571577e-02,1.520647321428571404e-02,1.785714285714285615e-02,1.660156250000000000e-02,1.729910714285714385e-02,1.632254464285714385e-02
-2.176339285714285615e-02,-2.148437500000000000e-02,-2.120535714285714385e-02,-2.134486607142857192e-02,-2.190290178571428423e-02,-2.190290178571428423e-02,-2.148437500000000000e-02,-2.162388392857142808e-02,-2.134486607142857192e-02,-2.106584821428571577e-02,-2.148437500000000000e-02,-2.218191964285714385e-02,-2.176339285714285615e-02,-2.134486607142857192e-02,-2.148437500000000000e-02,-2.190290178571428423e-02,-2.204241071428571577e-02,-2.218191964285714385e-02,-2.148437500000000000e-02,-2.162388392857142808e-02,-2.218191964285714385e-02,-2.148437500000000000e-02,-2.148437500000000000e-02,-2.162388392857142808e-02,-2.092633928571428423e-02,-2.218191964285714385e-02,-2.120535714285714385e-02,-2.162388392857142808e-02,-2.120535714285714385e-02,-2.148437500000000000e-02,-2.050781250000000000e-02,-2.106584821428571577e-02,-2.204241071428571577e-02,-2.246093750000000000e-02,-2.134486607142857192e-02,-2.176339285714285615e-02,-2.162388392857142808e-02,-2.148437500000000000e-02,-2.176339285714285615e-02,-2.148437500000000000e-02,-2.162388392857142808e-02,-2.162388392857142808e-02
-1.245814732142857123e-01,-1.237444196428571369e-01,-1.251395089285714246e-01,-1.217912946428571369e-01,-1.243024553571428631e-01,-1.243024553571428631e-01,-1.244419642857142877e-01,-1.245814732142857123e-01,-1.236049107142857123e-01,-1.237444196428571369e-01,-1.240234375000000000e-01,-1.243024553571428631e-01,-1.241629464285714246e-01,-1.236049107142857123e-01,-1.229073660714285754e-01,-1.237444196428571369e-01,-1.234654017857142877e-01,-1.252790178571428492e-01,-1.243024553571428631e-01,-1.252790178571428492e-01,-1.237444196428571369e-01,-1.233258928571428631e-01,-1.241629464285714246e-01,-1.248604910714285754e-01,-1.234654017857142877e-01,-1.256975446428571508e-01,-1.233258928571428631e-01,-1.241629464285714246e-01,-1.231863839285714246e-01,-1.248604910714285754e-01,-1.220703125000000000e-01,-1.244419642857142877e-01,-1.256975446428571508e-01,-1.252790178571428492e-01,-1.215122767857142877e-01,-1.223493303571428631e-01,-1.252790178571428492e-01,-1.231863839285714246e-01,-1.259765625000000000e-01,-1.252790178571428492e-01,-1.247209821428571369e-01,-1.241629464285714246e-01
-5.719866071428571057e-03,-5.719866071428571057e-03,-4.882812500000000000e-03,-6.556919642857142981e-03,-5.719866071428571057e-03,-5.301339285714285962e-03,-5.580357142857142981e-03,-5.719866071428571057e-03,-5.998883928571428943e-03,-5.580357142857142981e-03,-5.859375000000000000e-03,-4.882812500000000000e-03,-5.859375000000000000e-03,-5.440848214285714038e-03,-5.580357142857142981e-03,-5.301339285714285962e-03,-5.022321428571428943e-03,-5.719866071428571057e-03,-5.440848214285714038e-03,-5.301339285714285962e-03,-5.301339285714285962e-03,-5.998883928571428943e-03,-5.161830357142857019e-03,-5.580357142857142981e-03,-5.580357142857142981e-03,-5.440848214285714038e-03,-5.998883928571428943e-03,-5.859375000000000000e-03,-5.719866071428571057e-03,-5.440848214285714038e-03,-6.138392857142857019e-03,-5.580357142857142981e-03,-5.161830357142857019e-03,-5.580357142857142981e-03,-5.859375000000000000e-03,-5.998883928571428943e-03,-5.440848214285714038e-03,-5.859375000000000000e-03,-5.022321428571428943e-03,-5.719866071428571057e-03,-4.882812500000000000e-03,-4.324776785714285962e-03
6.180245535714285615e-02,5.943080357142856845e-02,6.012834821428571230e-02,5.747767857142856845e-02,5.998883928571428770e-02,6.096540178571428770e-02,6.040736607142856845e-02,5.845424107142856845e-02,5.929129464285714385e-02,5.873325892857143155e-02,5.984933035714285615e-02,6.068638392857143155e-02,5.929129464285714385e-02,5.957031250000000000e-02,5.957031250000000000e-02,6.040736607142856845e-02,6.040736607142856845e-02,6.012834821428571230e-02,5.984933035714285615e-02,5.998883928571428770e-02,6.026785714285714385e-02,5.929129464285714385e-02,6.012834821428571230e-02,6.082589285714285615e-02,5.887276785714285615e-02,6.138392857142856845e-02,5.984933035714285615e-02,6.054687500000000000e-02,5.831473214285714385e-02,5.998883928571428770e-02,5.789620535714285615e-02,6.026785714285714385e-02,6.110491071428571230e-02,5.984933035714285615e-02,5.887276785714285615e-02,5.817522321428571230e-02,6.166294642857143155e-02,5.859375000000000000e-02,6.166294642857143155e-02,6.040736607142856845e-02,6.208147321428571230e-02,5.970982142857143155e-02
1.925223214285714385e-02,1.939174107142857192e-02,1.953125000000000000e-02,2.008928571428571577e-02,1.994977678571428423e-02,1.967075892857142808e-02,1.939174107142857192e-02,1.967075892857142808e-02,1.925223214285714385e-02,2.022879464285714385e-02,1.925223214285714385e-02,1.911272321428571577e-02,1.939174107142857192e-02,1.925223214285714385e-02,1.953125000000000000e-02,1.883370535714285615e-02,1.967075892857142808e-02,2.078683035714285615e-02,2.078683035714285615e-02,2.036830357142857192e-02,2.064732142857142808e-02,2.050781250000000000e-02,2.064732142857142808e-02,1.967075892857142808e-02,2.078683035714285615e-02,1.981026785714285615e-02,2.064732142857142808e-02,2.022879464285714385e-02,2.022879464285714385e-02,1.925223214285714385e-02,2.050781250000000000e-02,1.981026785714285615e-02,1.897321428571428423e-02,1.981026785714285615e-02,2.022879464285714385e-02,2.050781250000000000e-02,1.981026785714285615e-02,1.953125000000000000e-02,1.855468750000000000e-02,1.925223214285714385e-02,1.925223214285714385e-02,1.967075892857142808e-02
-8.928571428571428770e-02,-8.830915178571428770e-02,-8.914620535714286309e-02,-8.775111607142857539e-02,-8.886718750000000000e-02,-8.872767857142857539e-02,-8.928571428571428770e-02,-8.928571428571428770e-02,-8.789062500000000000e-02,-8.844866071428571230e-02,-8.816964285714286309e-02,-8.816964285714286309e-02,-8.803013392857142461e-02,-8.844866071428571230e-02,-8.830915178571428770e-02,-8.775111607142857539e-02,-8.789062500000000000e-02,-9.040178571428571230e-02,-8.914620535714286309e-02,-8.984375000000000000e-02,-8.928571428571428770e-02,-8.872767857142857539e-02,-8.970424107142857539e-02,-8.998325892857142461e-02,-8.816964285714286309e-02,-8.900669642857142461e-02,-8.844866071428571230e-02,-8.942522321428571230e-02,-8.816964285714286309e-02,-8.984375000000000000e-02,-8.775111607142857539e-02,-8.858816964285713691e-02,-8.956473214285713691e-02,-8.984375000000000000e-02,-8.775111607142857539e-02,-8.816964285714286309e-02,-8.970424107142857539e-02,-8.900669642857142461e-02,-8.970424107142857539e-02,-8.970424107142857539e-02,-8.844866071428571230e-02,-8.886718750000000000e-02
-4.394531250000000000e-02,-4.380580357142856845e-02,-4.338727678571428770e-02,-4.380580357142856845e-02,-4.296875000000000000e-02,-4.310825892857143155e-02,-4.296875000000000000e-02,-4.310825892857143155e-02,-4.296875000000000000e-02,-4.338727678571428770e-02,-4.296875000000000000e-02,-4.227120535714285615e-02,-4.296875000000000000e-02,-4.282924107142856845e-02,-4.227120535714285615e-02,-4.199218750000000000e-02,-4.213169642857143155e-02,-4.464285714285714385e-02,-4.436383928571428770e-02,-4.464285714285714385e-02,-4.408482142857143155e-02,-4.394531250000000000e-02,-4.380580357142856845e-02,-4.366629464285714385e-02,-4.352678571428571230e-02,-4.394531250000000000e-02,-4.380580357142856845e-02,-4.366629464285714385e-02,-4.366629464285714385e-02,-4.366629464285714385e-02,-4.408482142857143155e-02,-4.394531250000000000e-02,-4.310825892857143155e-02,-4.324776785714285615e-02,-4.352678571428571230e-02,-4.338727678571428770e-02,-4.227120535714285615e-02,-4.394531250000000000e-02,-4.310825892857143155e-02,-4.227120535714285615e-02,-4.241071428571428770e-02,-4.268973214285714385e-02
1.660156250000000000e-02,1.478794642857142808e-02,1.604352678571428423e-02,1.311383928571428596e-02,1.450892857142857192e-02,1.562500000000000000e-02,1.590401785714285615e-02,1.464843750000000000e-02,1.548549107142857192e-02,1.464843750000000000e-02,1.576450892857142808e-02,1.674107142857142808e-02,1.534598214285714211e-02,1.478794642857142808e-02,1.520647321428571404e-02,1.618303571428571577e-02,1.590401785714285615e-02,1.422991071428571404e-02,1.450892857142857192e-02,1.478794642857142808e-02,1.367187500000000000e-02,1.353236607142857192e-02,1.492745535714285789e-02,1.548549107142857192e-02,1.450892857142857192e-02,1.590401785714285615e-02,1.325334821428571404e-02,1.562500000000000000e-02,1.297433035714285789e-02,1.506696428571428596e-02,1.311383928571428596e-02,1.632254464285714385e-02,1.688058035714285615e-02,1.632254464285714385e-02,1.422991071428571404e-02,1.339285714285714211e-02,1.674107142857142808e-02,1.492745535714285789e-02,1.702008928571428423e-02,1.674107142857142808e-02,1.702008928571428423e-02,1.646205357142857192e-02
-2.343750000000000000e-02,-2.287946428571428423e-02,-2.371651785714285615e-02,-2.260044642857142808e-02,-2.357700892857142808e-02,-2.329799107142857192e-02,-2.343750000000000000e-02,-2.315848214285714385e-02,-2.343750000000000000e-02,-2.343750000000000000e-02,-2.343750000000000000e-02,-2.385602678571428423e-02,-2.315848214285714385e-02,-2.315848214285714385e-02,-2.301897321428571577e-02,-2.357700892857142808e-02,-2.315848214285714385e-02,-2.329799107142857192e-02,-2.343750000000000000e-02,-2.441406250000000000e-02,-2.329799107142857192e-02,-2.329799107142857192e-02,-2.315848214285714385e-02,-2.329799107142857192e-02,-2.329799107142857192e-02,-2.315848214285714385e-02,-2.218191964285714385e-02,-2.246093750000000000e-02,-2.287946428571428423e-02,-2.357700892857142808e-02,-2.232142857142857192e-02,-2.371651785714285615e-02,-2.385602678571428423e-02,-2.371651785714285615e-02,-2.315848214285714385e-02,-2.246093750000000000e-02,-2.371651785714285615e-02,-2.413504464285714385e-02,-2.413504464285714385e-02,-2.343750000000000000e-02,-2.343750000000000000e-02,-2.357700892857142808e-02
-1.491350446428571508e-01,-1.474609375000000000e-01,-1.485770089285714246e-01,-1.463448660714285754e-01,-1.484375000000000000e-01,-1.480189732142857262e-01,-1.478794642857142738e-01,-1.476004464285714246e-01,-1.470424107142857262e-01,-1.477399553571428492e-01,-1.473214285714285754e-01,-1.481584821428571508e-01,-1.477399553571428492e-01,-1.470424107142857262e-01,-1.471819196428571508e-01,-1.471819196428571508e-01,-1.460658482142857262e-01,-1.489955357142857262e-01,-1.485770089285714246e-01,-1.501116071428571508e-01,-1.488560267857142738e-01,-1.484375000000000000e-01,-1.487165178571428492e-01,-1.494140625000000000e-01,-1.477399553571428492e-01,-1.496930803571428492e-01,-1.480189732142857262e-01,-1.485770089285714246e-01,-1.481584821428571508e-01,-1.484375000000000000e-01,-1.466238839285714246e-01,-1.480189732142857262e-01,-1.495535714285714246e-01,-1.489955357142857262e-01,-1.467633928571428492e-01,-1.466238839285714246e-01,-1.492745535714285754e-01,-1.477399553571428492e-01,-1.498325892857142738e-01,-1.484375000000000000e-01,-1.487165178571428492e-01,-1.481584821428571508e-01
-2.566964285714285615e-02,-2.553013392857142808e-02,-2.580915178571428423e-02,-2.553013392857142808e-02,-2.539062500000000000e-02,-2.525111607142857192e-02,-2.511160714285714385e-02,-2.553013392857142808e-02,-2.553013392857142808e-02,-2.622767857142857192e-02,-2.594866071428571577e-02,-2.511160714285714385e-02,-2.511160714285714385e-02,-2.525111607142857192e-02,-2.553013392857142808e-02,-2.455357142857142808e-02,-2.511160714285714385e-02,-2.622767857142857192e-02,-2.594866071428571577e-02,-2.594866071428571577e-02,-2.553013392857142808e-02,-2.566964285714285615e-02,-2.483258928571428423e-02,-2.553013392857142808e-02,-2.594866071428571577e-02,-2.497209821428571577e-02,-2.636718750000000000e-02,-2.539062500000000000e-02,-2.594866071428571577e-02,-2.580915178571428423e-02,-2.580915178571428423e-02,-2.566964285714285615e-02,-2.594866071428571577e-02,-2.566964285714285615e-02,-2.525111607142857192e-02,-2.553013392857142808e-02,-2.525111607142857192e-02,-2.580915178571428423e-02,-2.539062500000000000e-02,-2.566964285714285615e-02,-2.497209821428571577e-02,-2.566964285714285615e-02
4.241071428571428770e-02,4.101562500000000000e-02,4.171316964285714385e-02,4.003906250000000000e-02,4.101562500000000000e-02,4.255022321428571230e-02,4.282924107142856845e-02,4.129464285714285615e-02,4.199218750000000000e-02,4.129464285714285615e-02,4.227120535714285615e-02,4.366629464285714385e-02,4.157366071428571230e-02,4.171316964285714385e-02,4.213169642857143155e-02,4.268973214285714385e-02,4.199218750000000000e-02,4.129464285714285615e-02,4.185267857142856845e-02,4.185267857142856845e-02,4.171316964285714385e-02,4.087611607142856845e-02,4.227120535714285615e-02,4.310825892857143155e-02,4.115513392857143155e-02,4.380580357142856845e-02,4.087611607142856845e-02,4.171316964285714385e-02,4.101562500000000000e-02,4.241071428571428770e-02,4.031808035714285615e-02,4.268973214285714385e-02,4.366629464285714385e-02,4.296875000000000000e-02,4.129464285714285615e-02,4.017857142857143155e-02,4.324776785714285615e-02,4.073660714285714385e-02,4.394531250000000000e-02,4.324776785714285615e-02,4.380580357142856845e-02,4.380580357142856845e-02
6.138392857142857019e-03,6.835937500000000000e-03,6.277901785714285962e-03,7.533482142857142981e-03,6.556919642857142981e-03,6.835937500000000000e-03,6.417410714285714038e-03,6.556919642857142981e-03,6.835937500000000000e-03,6.138392857142857019e-03,6.277901785714285962e-03,6.417410714285714038e-03,6.417410714285714038e-03,6.277901785714285962e-03,6.138392857142857019e-03,6.138392857142857019e-03,6.417410714285714038e-03,7.254464285714285962e-03,7.533482142857142981e-03,7.114955357142857019e-03,7.672991071428571057e-03,7.393973214285714038e-03,7.393973214285714038e-03,7.393973214285714038e-03,6.975446428571428943e-03,6.835937500000000000e-03,7.114955357142857019e-03,7.393973214285714038e-03,7.114955357142857019e-03,6.696428571428571057e-03,7.533482142857142981e-03,6.696428571428571057e-03,5.998883928571428943e-03,6.556919642857142981e-03,7.672991071428571057e-03,7.254464285714285962e-03,5.998883928571428943e-03,6.975446428571428943e-03,5.859375000000000000e-03,6.556919642857142981e-03,6.277901785714285962e-03,5.998883928571428943e-03
-5.106026785714285615e-02,-5.050223214285714385e-02,-5.064174107142856845e-02,-4.854910714285714385e-02,-5.078125000000000000e-02,-5.064174107142856845e-02,-5.022321428571428770e-02,-4.910714285714285615e-02,-4.994419642857143155e-02,-5.036272321428571230e-02,-5.050223214285714385e-02,-5.050223214285714385e-02,-5.064174107142856845e-02,-4.966517857142856845e-02,-5.078125000000000000e-02,-5.050223214285714385e-02,-5.022321428571428770e-02,-4.994419642857143155e-02,-4.896763392857143155e-02,-4.952566964285714385e-02,-4.966517857142856845e-02,-4.896763392857143155e-02,-4.980468750000000000e-02,-5.106026785714285615e-02,-4.966517857142856845e-02,-5.133928571428571230e-02,-4.854910714285714385e-02,-4.966517857142856845e-02,-4.924665178571428770e-02,-4.980468750000000000e-02,-4.896763392857143155e-02,-5.050223214285714385e-02,-5.175781250000000000e-02,-5.161830357142856845e-02,-4.882812500000000000e-02,-4.854910714285714385e-02,-5.203683035714285615e-02,-5.008370535714285615e-02,-5.231584821428571230e-02,-5.092075892857143155e-02,-5.259486607142856845e-02,-5.092075892857143155e-02
5.970982142857143155e-02,5.817522321428571230e-02,5.845424107142856845e-02,5.901227678571428770e-02,5.873325892857143155e-02,5.817522321428571230e-02,5.859375000000000000e-02,5.831473214285714385e-02,5.831473214285714385e-02,5.789620535714285615e-02,5.803571428571428770e-02,5.817522321428571230e-02,5.817522321428571230e-02,5.747767857142856845e-02,5.775669642857143155e-02,5.789620535714285615e-02,5.831473214285714385e-02,6.026785714285714385e-02,6.026785714285714385e-02,5.998883928571428770e-02,5.984933035714285615e-02,5.943080357142856845e-02,5.970982142857143155e-02,6.040736607142856845e-02,5.859375000000000000e-02,5.943080357142856845e-02,5.915178571428571230e-02,5.970982142857143155e-02,5.957031250000000000e-02,5.887276785714285615e-02,5.845424107142856845e-02,5.901227678571428770e-02,5.929129464285714385e-02,5.859375000000000000e-02,5.887276785714285615e-02,5.845424107142856845e-02,5.901227678571428770e-02,5.817522321428571230e-02,5.929129464285714385e-02,5.845424107142856845e-02,5.943080357142856845e-02,5.873325892857143155e-02
1.185825892857142877e-01,1.166294642857142877e-01,1.180245535714285754e-01,1.162109375000000000e-01,1.177455357142857123e-01,1.176060267857142877e-01,1.185825892857142877e-01,1.170479910714285754e-01,1.164899553571428631e-01,1.170479910714285754e-01,1.173270089285714246e-01,1.188616071428571369e-01,1.173270089285714246e-01,1.170479910714285754e-01,1.170479910714285754e-01,1.174665178571428631e-01,1.171875000000000000e-01,1.185825892857142877e-01,1.187220982142857123e-01,1.184430803571428631e-01,1.188616071428571369e-01,1.173270089285714246e-01,1.183035714285714246e-01,1.201171875000000000e-01,1.177455357142857123e-01,1.199776785714285754e-01,1.173270089285714246e-01,1.181640625000000000e-01,1.185825892857142877e-01,1.174665178571428631e-01,1.173270089285714246e-01,1.188616071428571369e-01,1.199776785714285754e-01,1.191406250000000000e-01,1.170479910714285754e-01,1.156529017857142877e-01,1.190011160714285754e-01,1.171875000000000000e-01,1.187220982142857123e-01,1.183035714285714246e-01,1.202566964285714246e-01,1.191406250000000000e-01
6.696428571428571230e-02,6.598772321428571230e-02,6.556919642857142461e-02,6.710379464285713691e-02,6.542968750000000000e-02,6.626674107142857539e-02,6.584821428571428770e-02,6.542968750000000000e-02,6.556919642857142461e-02,6.487165178571428770e-02,6.529017857142857539e-02,6.501116071428571230e-02,6.515066964285713691e-02,6.501116071428571230e-02,6.473214285714286309e-02,6.501116071428571230e-02,6.487165178571428770e-02,6.724330357142857539e-02,6.821986607142857539e-02,6.752232142857142461e-02,6.696428571428571230e-02,6.752232142857142461e-02,6.668526785714286309e-02,6.752232142857142461e-02,6.668526785714286309e-02,6.668526785714286309e-02,6.752232142857142461e-02,6.710379464285713691e-02,6.640625000000000000e-02,6.640625000000000000e-02,6.710379464285713691e-02,6.654575892857142461e-02,6.556919642857142461e-02,6.542968750000000000e-02,6.696428571428571230e-02,6.612723214285713691e-02,6.529017857142857539e-02,6.570870535714286309e-02,6.529017857142857539e-02,6.570870535714286309e-02,6.487165178571428770e-02,6.542968750000000000e-02
-3.069196428571428423e-02,-3.152901785714285615e-02,-3.138950892857143155e-02,-2.943638392857142808e-02,-3.180803571428571230e-02,-3.083147321428571577e-02,-3.222656250000000000e-02,-3.055245535714285615e-02,-3.097098214285714385e-02,-3.013392857142857192e-02,-3.152901785714285615e-02,-3.152901785714285615e-02,-3.125000000000000000e-02,-3.125000000000000000e-02,-3.166852678571428770e-02,-3.208705357142856845e-02,-3.152901785714285615e-02,-3.027343750000000000e-02,-2.929687500000000000e-02,-3.097098214285714385e-02,-3.041294642857142808e-02,-2.915736607142857192e-02,-3.013392857142857192e-02,-3.111049107142857192e-02,-3.013392857142857192e-02,-3.194754464285714385e-02,-2.985491071428571577e-02,-3.027343750000000000e-02,-2.971540178571428423e-02,-3.055245535714285615e-02,-2.915736607142857192e-02,-3.194754464285714385e-02,-3.250558035714285615e-02,-3.097098214285714385e-02,-3.069196428571428423e-02,-2.901785714285714385e-02,-3.222656250000000000e-02,-2.999441964285714385e-02,-3.250558035714285615e-02,-3.180803571428571230e-02,-3.306361607142856845e-02,-3.264508928571428770e-02
7.170758928571428770e-02,7.017299107142857539e-02,7.031250000000000000e-02,7.003348214285713691e-02,7.003348214285713691e-02,7.073102678571428770e-02,7.059151785714286309e-02,7.017299107142857539e-02,6.975446428571428770e-02,6.961495535714286309e-02,7.045200892857142461e-02,7.045200892857142461e-02,6.961495535714286309e-02,6.989397321428571230e-02,6.975446428571428770e-02,6.947544642857142461e-02,6.989397321428571230e-02,7.184709821428571230e-02,7.240513392857142461e-02,7.156808035714286309e-02,7.226562500000000000e-02,7.114955357142857539e-02,7.128906250000000000e-02,7.170758928571428770e-02,7.101004464285713691e-02,7.198660714285713691e-02,7.101004464285713691e-02,7.114955357142857539e-02,7.045200892857142461e-02,7.059151785714286309e-02,7.101004464285713691e-02,7.087053571428571230e-02,7.156808035714286309e-02,7.059151785714286309e-02,6.975446428571428770e-02,7.003348214285713691e-02,7.101004464285713691e-02,7.017299107142857539e-02,7.087053571428571230e-02,7.073102678571428770e-02,7.059151785714286309e-02,7.045200892857142461e-02
1.251395089285714246e-01,1.247209821428571369e-01,1.244419642857142877e-01,1.226283482142857123e-01,1.236049107142857123e-01,1.237444196428571369e-01,1.251395089285714246e-01,1.238839285714285754e-01,1.234654017857142877e-01,1.233258928571428631e-01,1.243024553571428631e-01,1.250000000000000000e-01,1.236049107142857123e-01,1.233258928571428631e-01,1.236049107142857123e-01,1.233258928571428631e-01,1.236049107142857123e-01,1.258370535714285754e-01,1.252790178571428492e-01,1.251395089285714246e-01,1.261160714285714246e-01,1.233258928571428631e-01,1.255580357142857262e-01,1.263950892857142738e-01,1.250000000000000000e-01,1.268136160714285754e-01,1.244419642857142877e-01,1.252790178571428492e-01,1.251395089285714246e-01,1.244419642857142877e-01,1.238839285714285754e-01,1.255580357142857262e-01,1.261160714285714246e-01,1.259765625000000000e-01,1.237444196428571369e-01,1.223493303571428631e-01,1.258370535714285754e-01,1.238839285714285754e-01,1.261160714285714246e-01,1.258370535714285754e-01,1.262555803571428492e-01,1.252790178571428492e-01
7.114955357142857539e-02,7.045200892857142461e-02,7.031250000000000000e-02,7.087053571428571230e-02,6.989397321428571230e-02,7.073102678571428770e-02,7.017299107142857539e-02,7.031250000000000000e-02,7.017299107142857539e-02,7.045200892857142461e-02,6.975446428571428770e-02,7.031250000000000000e-02,7.003348214285713691e-02,6.947544642857142461e-02,6.891741071428571230e-02,6.947544642857142461e-02,6.989397321428571230e-02,7.184709821428571230e-02,7.212611607142857539e-02,7.156808035714286309e-02,7.198660714285713691e-02,7.212611607142857539e-02,7.087053571428571230e-02,7.073102678571428770e-02,7.184709821428571230e-02,7.087053571428571230e-02,7.128906250000000000e-02,7.101004464285713691e-02,7.156808035714286309e-02,7.142857142857142461e-02,7.156808035714286309e-02,7.101004464285713691e-02,7.073102678571428770e-02,7.031250000000000000e-02,7.059151785714286309e-02,7.045200892857142461e-02,6.975446428571428770e-02,7.073102678571428770e-02,6.961495535714286309e-02,6.961495535714286309e-02,6.989397321428571230e-02,6.961495535714286309e-02
-8.649553571428571230e-02,-8.635602678571428770e-02,-8.691406250000000000e-02,-8.510044642857142461e-02,-8.621651785714286309e-02,-8.537946428571428770e-02,-8.635602678571428770e-02,-8.523995535714286309e-02,-8.579799107142857539e-02,-8.537946428571428770e-02,-8.635602678571428770e-02,-8.607700892857142461e-02,-8.551897321428571230e-02,-8.510044642857142461e-02,-8.551897321428571230e-02,-8.510044642857142461e-02,-8.523995535714286309e-02,-8.747209821428571230e-02,-8.635602678571428770e-02,-8.719308035714286309e-02,-8.663504464285713691e-02,-8.691406250000000000e-02,-8.747209821428571230e-02,-8.761160714285713691e-02,-8.691406250000000000e-02,-8.733258928571428770e-02,-8.663504464285713691e-02,-8.621651785714286309e-02,-8.691406250000000000e-02,-8.663504464285713691e-02,-8.551897321428571230e-02,-8.691406250000000000e-02,-8.761160714285713691e-02,-8.621651785714286309e-02,-8.621651785714286309e-02,-8.510044642857142461e-02,-8.677455357142857539e-02,-8.537946428571428770e-02,-8.649553571428571230e-02,-8.579799107142857539e-02,-8.719308035714286309e-02,-8.705357142857142461e-02
-5.287388392857143155e-02,-5.231584821428571230e-02,-5.203683035714285615e-02,-5.287388392857143155e-02,-5.231584821428571230e-02,-5.175781250000000000e-02,-5.189732142857143155e-02,-5.245535714285714385e-02,-5.189732142857143155e-02,-5.203683035714285615e-02,-5.161830357142856845e-02,-5.133928571428571230e-02,-5.231584821428571230e-02,-5.106026785714285615e-02,-5.175781250000000000e-02,-5.203683035714285615e-02,-5.147879464285714385e-02,-5.371093750000000000e-02,-5.315290178571428770e-02,-5.357142857142856845e-02,-5.301339285714285615e-02,-5.301339285714285615e-02,-5.301339285714285615e-02,-5.301339285714285615e-02,-5.329241071428571230e-02,-5.259486607142856845e-02,-5.273437500000000000e-02,-5.231584821428571230e-02,-5.287388392857143155e-02,-5.315290178571428770e-02,-5.259486607142856845e-02,-5.259486607142856845e-02,-5.203683035714285615e-02,-5.189732142857143155e-02,-5.259486607142856845e-02,-5.301339285714285615e-02,-5.231584821428571230e-02,-5.245535714285714385e-02,-5.245535714285714385e-02,-5.119977678571428770e-02,-5.189732142857143155e-02,-5.203683035714285615e-02
7.254464285714285962e-03,7.812500000000000000e-03,7.393973214285714038e-03,4.882812500000000000e-03,6.417410714285714038e-03,6.975446428571428943e-03,7.533482142857142981e-03,5.859375000000000000e-03,7.254464285714285962e-03,6.417410714285714038e-03,7.672991071428571057e-03,7.952008928571428076e-03,7.393973214285714038e-03,7.533482142857142981e-03,7.812500000000000000e-03,7.812500000000000000e-03,7.672991071428571057e-03,6.556919642857142981e-03,5.998883928571428943e-03,5.859375000000000000e-03,6.277901785714285962e-03,5.161830357142857019e-03,6.556919642857142981e-03,7.672991071428571057e-03,6.138392857142857019e-03,8.231026785714285962e-03,6.835937500000000000e-03,6.417410714285714038e-03,6.138392857142857019e-03,6.138392857142857019e-03,5.440848214285714038e-03,7.812500000000000000e-03,8.370535714285714038e-03,8.231026785714285962e-03,6.696428571428571057e-03,5.440848214285714038e-03,8.231026785714285962e-03,5.440848214285714038e-03,8.370535714285714038e-03,8.789062500000000000e-03,9.626116071428571924e-03,7.254464285714285962e-03
-2.971540178571428423e-02,-3.041294642857142808e-02,-2.999441964285714385e-02,-2.985491071428571577e-02,-3.069196428571428423e-02,-2.985491071428571577e-02,-2.985491071428571577e-02,-2.971540178571428423e-02,-2.971540178571428423e-02,-2.943638392857142808e-02,-2.985491071428571577e-02,-2.971540178571428423e-02,-2.957589285714285615e-02,-2.901785714285714385e-02,-3.013392857142857192e-02,-2.943638392857142808e-02,-2.985491071428571577e-02,-2.999441964285714385e-02,-2.943638392857142808e-02,-2.957589285714285615e-02,-2.971540178571428423e-02,-2.915736607142857192e-02,-2.985491071428571577e-02,-2.985491071428571577e-02,-2.957589285714285615e-02,-3.041294642857142808e-02,-2.957589285714285615e-02,-2.999441964285714385e-02,-2.971540178571428423e-02,-2.985491071428571577e-02,-2.943638392857142808e-02,-3.013392857142857192e-02,-3.027343750000000000e-02,-2.999441964285714385e-02,-2.985491071428571577e-02,-2.929687500000000000e-02,-3.041294642857142808e-02,-2.971540178571428423e-02,-3.027343750000000000e-02,-2.999441964285714385e-02,-3.041294642857142808e-02,-2.971540178571428423e-02
-1.615513392857142738e-01,-1.612723214285714246e-01,-1.616908482142857262e-01,-1.591796875000000000e-01,-1.612723214285714246e-01,-1.607142857142857262e-01,-1.611328125000000000e-01,-1.597377232142857262e-01,-1.598772321428571508e-01,-1.600167410714285754e-01,-1.605747767857142738e-01,-1.612723214285714246e-01,-1.601562500000000000e-01,-1.593191964285714246e-01,-1.594587053571428492e-01,-1.598772321428571508e-01,-1.600167410714285754e-01,-1.639229910714285754e-01,-1.614118303571428492e-01,-1.629464285714285754e-01,-1.621093750000000000e-01,-1.614118303571428492e-01,-1.621093750000000000e-01,-1.628069196428571508e-01,-1.628069196428571508e-01,-1.629464285714285754e-01,-1.612723214285714246e-01,-1.611328125000000000e-01,-1.616908482142857262e-01,-1.607142857142857262e-01,-1.605747767857142738e-01,-1.621093750000000000e-01,-1.623883928571428492e-01,-1.618303571428571508e-01,-1.601562500000000000e-01,-1.591796875000000000e-01,-1.622488839285714246e-01,-1.604352678571428492e-01,-1.622488839285714246e-01,-1.609933035714285754e-01,-1.616908482142857262e-01,-1.619698660714285754e-01
-8.147321428571428770e-02,-8.049665178571428770e-02,-7.993861607142857539e-02,-8.133370535714286309e-02,-8.049665178571428770e-02,-8.035714285714286309e-02,-7.979910714285713691e-02,-8.049665178571428770e-02,-8.035714285714286309e-02,-7.993861607142857539e-02,-8.063616071428571230e-02,-7.882254464285713691e-02,-8.007812500000000000e-02,-7.938058035714286309e-02,-7.965959821428571230e-02,-7.993861607142857539e-02,-7.952008928571428770e-02,-8.203125000000000000e-02,-8.272879464285713691e-02,-8.175223214285713691e-02,-8.175223214285713691e-02,-8.231026785714286309e-02,-8.119419642857142461e-02,-8.231026785714286309e-02,-8.161272321428571230e-02,-8.119419642857142461e-02,-8.161272321428571230e-02,-8.147321428571428770e-02,-8.119419642857142461e-02,-8.063616071428571230e-02,-8.105468750000000000e-02,-8.077566964285713691e-02,-8.021763392857142461e-02,-8.063616071428571230e-02,-8.049665178571428770e-02,-8.091517857142857539e-02,-8.049665178571428770e-02,-8.105468750000000000e-02,-8.091517857142857539e-02,-7.979910714285713691e-02,-7.965959821428571230e-02,-8.007812500000000000e-02
-1.534598214285714211e-02,-1.562500000000000000e-02,-1.562500000000000000e-02,-1.757812500000000000e-02,-1.548549107142857192e-02,-1.562500000000000000e-02,-1.534598214285714211e-02,-1.576450892857142808e-02,-1.618303571428571577e-02,-1.688058035714285615e-02,-1.534598214285714211e-02,-1.409040178571428596e-02,-1.492745535714285789e-02,-1.506696428571428596e-02,-1.492745535714285789e-02,-1.422991071428571404e-02,-1.464843750000000000e-02,-1.618303571428571577e-02,-1.827566964285714385e-02,-1.729910714285714385e-02,-1.702008928571428423e-02,-1.729910714285714385e-02,-1.660156250000000000e-02,-1.464843750000000000e-02,-1.646205357142857192e-02,-1.436941964285714211e-02,-1.646205357142857192e-02,-1.604352678571428423e-02,-1.729910714285714385e-02,-1.632254464285714385e-02,-1.715959821428571577e-02,-1.436941964285714211e-02,-1.409040178571428596e-02,-1.464843750000000000e-02,-1.562500000000000000e-02,-1.757812500000000000e-02,-1.422991071428571404e-02,-1.674107142857142808e-02,-1.422991071428571404e-02,-1.534598214285714211e-02,-1.297433035714285789e-02,-1.478794642857142808e-02
-4.659598214285714385e-02,-4.603794642857143155e-02,-4.575892857142856845e-02,-4.547991071428571230e-02,-4.575892857142856845e-02,-4.631696428571428770e-02,-4.575892857142856845e-02,-4.561941964285714385e-02,-4.575892857142856845e-02,-4.506138392857143155e-02,-4.575892857142856845e-02,-4.589843750000000000e-02,-4.575892857142856845e-02,-4.575892857142856845e-02,-4.589843750000000000e-02,-4.575892857142856845e-02,-4.575892857142856845e-02,-4.673549107142856845e-02,-4.575892857142856845e-02,-4.743303571428571230e-02,-4.617745535714285615e-02,-4.547991071428571230e-02,-4.603794642857143155e-02,-4.659598214285714385e-02,-4.645647321428571230e-02,-4.701450892857143155e-02,-4.603794642857143155e-02,-4.645647321428571230e-02,-4.534040178571428770e-02,-4.589843750000000000e-02,-4.561941964285714385e-02,-4.645647321428571230e-02,-4.631696428571428770e-02,-4.589843750000000000e-02,-4.589843750000000000e-02,-4.506138392857143155e-02,-4.673549107142856845e-02,-4.534040178571428770e-02,-4.631696428571428770e-02,-4.534040178571428770e-02,-4.645647321428571230e-02,-4.631696428571428770e-02
-1.537388392857142738e-01,-1.534598214285714246e-01,-1.544363839285714246e-01,-1.519252232142857262e-01,-1.537388392857142738e-01,-1.529017857142857262e-01,-1.533203125000000000e-01,-1.519252232142857262e-01,-1.526227678571428492e-01,-1.526227678571428492e-01,-1.523437500000000000e-01,-1.535993303571428492e-01,-1.526227678571428492e-01,-1.519252232142857262e-01,-1.523437500000000000e-01,-1.523437500000000000e-01,-1.524832589285714246e-01,-1.561104910714285754e-01,-1.538783482142857262e-01,-1.551339285714285754e-01,-1.538783482142857262e-01,-1.540178571428571508e-01,-1.548549107142857262e-01,-1.554129464285714246e-01,-1.544363839285714246e-01,-1.549944196428571508e-01,-1.542968750000000000e-01,-1.540178571428571508e-01,-1.533203125000000000e-01,-1.533203125000000000e-01,-1.533203125000000000e-01,-1.542968750000000000e-01,-1.551339285714285754e-01,-1.534598214285714246e-01,-1.534598214285714246e-01,-1.522042410714285754e-01,-1.549944196428571508e-01,-1.524832589285714246e-01,-1.548549107142857262e-01,-1.538783482142857262e-01,-1.549944196428571508e-01,-1.538783482142857262e-01
-6.766183035714286309e-02,-6.668526785714286309e-02,-6.668526785714286309e-02,-6.682477678571428770e-02,-6.710379464285713691e-02,-6.668526785714286309e-02,-6.668526785714286309e-02,-6.626674107142857539e-02,-6.780133928571428770e-02,-6.584821428571428770e-02,-6.654575892857142461e-02,-6.626674107142857539e-02,-6.668526785714286309e-02,-6.612723214285713691e-02,-6.626674107142857539e-02,-6.570870535714286309e-02,-6.584821428571428770e-02,-6.905691964285713691e-02,-6.863839285714286309e-02,-6.794084821428571230e-02,-6.835937500000000000e-02,-6.794084821428571230e-02,-6.808035714285713691e-02,-6.766183035714286309e-02,-6.863839285714286309e-02,-6.794084821428571230e-02,-6.780133928571428770e-02,-6.808035714285713691e-02,-6.724330357142857539e-02,-6.696428571428571230e-02,-6.808035714285713691e-02,-6.696428571428571230e-02,-6.724330357142857539e-02,-6.668526785714286309e-02,-6.752232142857142461e-02,-6.738281250000000000e-02,-6.696428571428571230e-02,-6.696428571428571230e-02,-6.668526785714286309e-02,-6.696428571428571230e-02,-6.668526785714286309e-02,-6.654575892857142461e-02
-2.092633928571428509e-03,-1.953125000000000000e-03,-1.534598214285714255e-03,-3.766741071428571491e-03,-2.092633928571428509e-03,-1.813616071428571491e-03,-1.255580357142857236e-03,-2.929687500000000000e-03,-2.929687500000000000e-03,-3.069196428571428509e-03,-1.674107142857142764e-03,-4.185267857142856911e-04,-1.953125000000000000e-03,-2.511160714285714472e-03,-1.813616071428571491e-03,-4.185267857142856911e-04,-1.395089285714285745e-03,-3.766741071428571491e-03,-5.161830357142857019e-03,-3.487723214285714472e-03,-3.906250000000000000e-03,-4.045758928571428943e-03,-3.348214285714285528e-03,-2.790178571428571491e-03,-3.348214285714285528e-03,-1.116071428571428509e-03,-3.627232142857142981e-03,-3.208705357142857019e-03,-3.208705357142857019e-03,-2.929687500000000000e-03,-3.487723214285714472e-03,-6.975446428571428726e-04,-2.790178571428571274e-04,-8.370535714285713821e-04,-3.627232142857142981e-03,-4.324776785714285962e-03,-8.370535714285713821e-04,-3.069196428571428509e-03,-2.790178571428571274e-04,-2.511160714285714472e-03,4.185267857142856911e-04,-4.185267857142856911e-04
-3.655133928571428770e-02,-3.613281250000000000e-02,-3.669084821428571230e-02,-3.557477678571428770e-02,-3.627232142857143155e-02,-3.613281250000000000e-02,-3.599330357142856845e-02,-3.571428571428571230e-02,-3.641183035714285615e-02,-3.655133928571428770e-02,-3.599330357142856845e-02,-3.641183035714285615e-02,-3.613281250000000000e-02,-3.683035714285714385e-02,-3.599330357142856845e-02,-3.585379464285714385e-02,-3.641183035714285615e-02,-3.669084821428571230e-02,-3.599330357142856845e-02,-3.655133928571428770e-02,-3.683035714285714385e-02,-3.585379464285714385e-02,-3.655133928571428770e-02,-3.599330357142856845e-02,-3.696986607142856845e-02,-3.613281250000000000e-02,-3.613281250000000000e-02,-3.613281250000000000e-02,-3.571428571428571230e-02,-3.613281250000000000e-02,-3.515625000000000000e-02,-3.710937500000000000e-02,-3.669084821428571230e-02,-3.683035714285714385e-02,-3.669084821428571230e-02,-3.627232142857143155e-02,-3.710937500000000000e-02,-3.585379464285714385e-02,-3.696986607142856845e-02,-3.613281250000000000e-02,-3.696986607142856845e-02,-3.696986607142856845e-02
-1.369977678571428492e-01,-1.369977678571428492e-01,-1.369977678571428492e-01,-1.354631696428571508e-01,-1.367187500000000000e-01,-1.363002232142857262e-01,-1.368582589285714246e-01,-1.349051339285714246e-01,-1.363002232142857262e-01,-1.347656250000000000e-01,-1.349051339285714246e-01,-1.363002232142857262e-01,-1.351841517857142738e-01,-1.358816964285714246e-01,-1.354631696428571508e-01,-1.350446428571428492e-01,-1.354631696428571508e-01,-1.383928571428571508e-01,-1.354631696428571508e-01,-1.371372767857142738e-01,-1.365792410714285754e-01,-1.361607142857142738e-01,-1.371372767857142738e-01,-1.379743303571428492e-01,-1.367187500000000000e-01,-1.376953125000000000e-01,-1.363002232142857262e-01,-1.367187500000000000e-01,-1.361607142857142738e-01,-1.367187500000000000e-01,-1.353236607142857262e-01,-1.378348214285714246e-01,-1.378348214285714246e-01,-1.374162946428571508e-01,-1.371372767857142738e-01,-1.350446428571428492e-01,-1.374162946428571508e-01,-1.354631696428571508e-01,-1.379743303571428492e-01,-1.368582589285714246e-01,-1.379743303571428492e-01,-1.367187500000000000e-01
-1.604352678571428423e-02,-1.604352678571428423e-02,-1.660156250000000000e-02,-1.688058035714285615e-02,-1.646205357142857192e-02,-1.660156250000000000e-02,-1.632254464285714385e-02,-1.576450892857142808e-02,-1.729910714285714385e-02,-1.660156250000000000e-02,-1.646205357142857192e-02,-1.660156250000000000e-02,-1.632254464285714385e-02,-1.646205357142857192e-02,-1.674107142857142808e-02,-1.618303571428571577e-02,-1.674107142857142808e-02,-1.702008928571428423e-02,-1.674107142857142808e-02,-1.646205357142857192e-02,-1.674107142857142808e-02,-1.604352678571428423e-02,-1.618303571428571577e-02,-1.632254464285714385e-02,-1.632254464285714385e-02,-1.590401785714285615e-02,-1.646205357142857192e-02,-1.688058035714285615e-02,-1.632254464285714385e-02,-1.618303571428571577e-02,-1.702008928571428423e-02,-1.688058035714285615e-02,-1.618303571428571577e-02,-1.618303571428571577e-02,-1.688058035714285615e-02,-1.674107142857142808e-02,-1.632254464285714385e-02,-1.660156250000000000e-02,-1.632254464285714385e-02,-1.576450892857142808e-02,-1.618303571428571577e-02,-1.604352678571428423e-02
5.119977678571428770e-02,5.147879464285714385e-02,5.119977678571428770e-02,4.799107142857143155e-02,5.092075892857143155e-02,5.119977678571428770e-02,5.078125000000000000e-02,4.966517857142856845e-02,4.938616071428571230e-02,4.938616071428571230e-02,5.036272321428571230e-02,5.203683035714285615e-02,5.022321428571428770e-02,5.078125000000000000e-02,5.008370535714285615e-02,5.064174107142856845e-02,5.050223214285714385e-02,5.092075892857143155e-02,4.882812500000000000e-02,5.092075892857143155e-02,5.064174107142856845e-02,4.994419642857143155e-02,5.147879464285714385e-02,5.217633928571428770e-02,5.119977678571428770e-02,5.273437500000000000e-02,4.952566964285714385e-02,4.994419642857143155e-02,5.036272321428571230e-02,5.133928571428571230e-02,4.938616071428571230e-02,5.217633928571428770e-02,5.273437500000000000e-02,5.161830357142856845e-02,4.980468750000000000e-02,4.813058035714285615e-02,5.217633928571428770e-02,4.994419642857143155e-02,5.273437500000000000e-02,5.106026785714285615e-02,5.245535714285714385e-02,5.245535714285714385e-02
1.353236607142857192e-02,1.311383928571428596e-02,1.283482142857142808e-02,1.450892857142857192e-02,1.353236607142857192e-02,1.353236607142857192e-02,1.395089285714285789e-02,1.381138392857142808e-02,1.381138392857142808e-02,1.339285714285714211e-02,1.381138392857142808e-02,1.269531250000000000e-02,1.339285714285714211e-02,1.325334821428571404e-02,1.325334821428571404e-02,1.339285714285714211e-02,1.255580357142857192e-02,1.395089285714285789e-02,1.464843750000000000e-02,1.450892857142857192e-02,1.422991071428571404e-02,1.395089285714285789e-02,1.409040178571428596e-02,1.436941964285714211e-02,1.409040178571428596e-02,1.409040178571428596e-02,1.436941964285714211e-02,1.367187500000000000e-02,1.381138392857142808e-02,1.339285714285714211e-02,1.409040178571428596e-02,1.311383928571428596e-02,1.297433035714285789e-02,1.339285714285714211e-02,1.339285714285714211e-02,1.409040178571428596e-02,1.311383928571428596e-02,1.381138392857142808e-02,1.255580357142857192e-02,1.311383928571428596e-02,1.269531250000000000e-02,1.241629464285714211e-02
-1.046316964285714246e-01,-1.044921875000000000e-01,-1.037946428571428631e-01,-1.042131696428571369e-01,-1.039341517857142877e-01,-1.037946428571428631e-01,-1.037946428571428631e-01,-1.029575892857142877e-01,-1.037946428571428631e-01,-1.029575892857142877e-01,-1.040736607142857123e-01,-1.030970982142857123e-01,-1.035156250000000000e-01,-1.026785714285714246e-01,-1.032366071428571369e-01,-1.032366071428571369e-01,-1.025390625000000000e-01,-1.051897321428571369e-01,-1.050502232142857123e-01,-1.053292410714285754e-01,-1.051897321428571369e-01,-1.047712053571428631e-01,-1.043526785714285754e-01,-1.051897321428571369e-01,-1.053292410714285754e-01,-1.056082589285714246e-01,-1.037946428571428631e-01,-1.046316964285714246e-01,-1.043526785714285754e-01,-1.047712053571428631e-01,-1.035156250000000000e-01,-1.051897321428571369e-01,-1.058872767857142877e-01,-1.042131696428571369e-01,-1.032366071428571369e-01,-1.033761160714285754e-01,-1.053292410714285754e-01,-1.035156250000000000e-01,-1.053292410714285754e-01,-1.033761160714285754e-01,-1.051897321428571369e-01,-1.039341517857142877e-01
-6.026785714285714385e-02,-5.998883928571428770e-02,-6.026785714285714385e-02,-5.998883928571428770e-02,-6.026785714285714385e-02,-5.998883928571428770e-02,-5.984933035714285615e-02,-5.998883928571428770e-02,-6.040736607142856845e-02,-6.026785714285714385e-02,-5.957031250000000000e-02,-5.915178571428571230e-02,-5.984933035714285615e-02,-5.984933035714285615e-02,-5.929129464285714385e-02,-5.984933035714285615e-02,-5.915178571428571230e-02,-6.166294642857143155e-02,-6.124441964285714385e-02,-6.054687500000000000e-02,-6.138392857142856845e-02,-6.110491071428571230e-02,-6.012834821428571230e-02,-6.054687500000000000e-02,-6.054687500000000000e-02,-5.970982142857143155e-02,-6.040736607142856845e-02,-5.998883928571428770e-02,-6.054687500000000000e-02,-6.026785714285714385e-02,-5.998883928571428770e-02,-5.957031250000000000e-02,-6.040736607142856845e-02,-6.026785714285714385e-02,-5.970982142857143155e-02,-6.012834821428571230e-02,-6.012834821428571230e-02,-5.984933035714285615e-02,-5.957031250000000000e-02,-5.998883928571428770e-02,-5.943080357142856845e-02,-5.984933035714285615e-02
9.765625000000000000e-04,9.765625000000000000e-04,1.674107142857142764e-03,-1.813616071428571491e-03,1.674107142857142764e-03,1.395089285714285637e-04,4.185267857142856911e-04,1.395089285714285637e-04,-6.975446428571428726e-04,0.000000000000000000e+00,1.395089285714285637e-04,3.208705357142857019e-03,1.255580357142857236e-03,1.953125000000000000e-03,6.975446428571428726e-04,1.395089285714285745e-03,9.765625000000000000e-04,-8.370535714285713821e-04,-2.232142857142857019e-03,-8.370535714285713821e-04,-1.395089285714285637e-04,-8.370535714285713821e-04,1.116071428571428509e-03,2.790178571428571274e-04,4.185267857142856911e-04,9.765625000000000000e-04,-6.975446428571428726e-04,-8.370535714285713821e-04,-1.395089285714285637e-04,1.534598214285714255e-03,-8.370535714285713821e-04,6.975446428571428726e-04,1.953125000000000000e-03,1.674107142857142764e-03,0.000000000000000000e+00,-9.765625000000000000e-04,2.092633928571428509e-03,1.395089285714285637e-04,2.790178571428571491e-03,1.395089285714285745e-03,3.208705357142857019e-03,2.511160714285714472e-03
-3.390066964285714385e-02,-3.334263392857143155e-02,-3.334263392857143155e-02,-3.278459821428571230e-02,-3.362165178571428770e-02,-3.348214285714285615e-02,-3.362165178571428770e-02,-3.348214285714285615e-02,-3.376116071428571230e-02,-3.306361607142856845e-02,-3.278459821428571230e-02,-3.362165178571428770e-02,-3.362165178571428770e-02,-3.306361607142856845e-02,-3.334263392857143155e-02,-3.348214285714285615e-02,-3.334263392857143155e-02,-3.334263392857143155e-02,-3.292410714285714385e-02,-3.320312500000000000e-02,-3.334263392857143155e-02,-3.320312500000000000e-02,-3.362165178571428770e-02,-3.320312500000000000e-02,-3.320312500000000000e-02,-3.320312500000000000e-02,-3.278459821428571230e-02,-3.334263392857143155e-02,-3.376116071428571230e-02,-3.362165178571428770e-02,-3.306361607142856845e-02,-3.320312500000000000e-02,-3.431919642857143155e-02,-3.362165178571428770e-02,-3.334263392857143155e-02,-3.306361607142856845e-02,-3.320312500000000000e-02,-3.306361607142856845e-02,-3.362165178571428770e-02,-3.376116071428571230e-02,-3.417968750000000000e-02,-3.390066964285714385e-02
-1.888950892857142738e-01,-1.881975446428571508e-01,-1.876395089285714246e-01,-1.866629464285714246e-01,-1.879185267857142738e-01,-1.880580357142857262e-01,-1.873604910714285754e-01,-1.856863839285714246e-01,-1.862444196428571508e-01,-1.855468750000000000e-01,-1.876395089285714246e-01,-1.880580357142857262e-01,-1.876395089285714246e-01,-1.866629464285714246e-01,-1.865234375000000000e-01,-1.862444196428571508e-01,-1.858258928571428492e-01,-1.895926339285714246e-01,-1.879185267857142738e-01,-1.891741071428571508e-01,-1.894531250000000000e-01,-1.875000000000000000e-01,-1.890345982142857262e-01,-1.886160714285714246e-01,-1.886160714285714246e-01,-1.893136160714285754e-01,-1.880580357142857262e-01,-1.880580357142857262e-01,-1.872209821428571508e-01,-1.880580357142857262e-01,-1.863839285714285754e-01,-1.887555803571428492e-01,-1.901506696428571508e-01,-1.881975446428571508e-01,-1.865234375000000000e-01,-1.866629464285714246e-01,-1.890345982142857262e-01,-1.869419642857142738e-01,-1.891741071428571508e-01,-1.872209821428571508e-01,-1.888950892857142738e-01,-1.891741071428571508e-01
-5.984933035714285615e-02,-5.984933035714285615e-02,-6.026785714285714385e-02,-6.012834821428571230e-02,-6.026785714285714385e-02,-5.984933035714285615e-02,-6.026785714285714385e-02,-6.026785714285714385e-02,-5.998883928571428770e-02,-6.040736607142856845e-02,-6.026785714285714385e-02,-5.984933035714285615e-02,-6.054687500000000000e-02,-5.970982142857143155e-02,-6.040736607142856845e-02,-5.998883928571428770e-02,-5.970982142857143155e-02,-6.110491071428571230e-02,-6.110491071428571230e-02,-6.068638392857143155e-02,-6.082589285714285615e-02,-6.068638392857143155e-02,-6.054687500000000000e-02,-6.054687500000000000e-02,-6.026785714285714385e-02,-6.026785714285714385e-02,-6.054687500000000000e-02,-6.068638392857143155e-02,-6.026785714285714385e-02,-6.054687500000000000e-02,-6.054687500000000000e-02,-5.998883928571428770e-02,-6.012834821428571230e-02,-6.040736607142856845e-02,-5.970982142857143155e-02,-6.012834821428571230e-02,-5.998883928571428770e-02,-5.970982142857143155e-02,-5.970982142857143155e-02,-5.998883928571428770e-02,-5.998883928571428770e-02,-6.012834821428571230e-02
1.562500000000000000e-02,1.492745535714285789e-02,1.506696428571428596e-02,1.297433035714285789e-02,1.464843750000000000e-02,1.464843750000000000e-02,1.450892857142857192e-02,1.436941964285714211e-02,1.353236607142857192e-02,1.297433035714285789e-02,1.395089285714285789e-02,1.520647321428571404e-02,1.381138392857142808e-02,1.506696428571428596e-02,1.395089285714285789e-02,1.506696428571428596e-02,1.422991071428571404e-02,1.422991071428571404e-02,1.255580357142857192e-02,1.478794642857142808e-02,1.409040178571428596e-02,1.353236607142857192e-02,1.534598214285714211e-02,1.450892857142857192e-02,1.492745535714285789e-02,1.478794642857142808e-02,1.325334821428571404e-02,1.381138392857142808e-02,1.450892857142857192e-02,1.422991071428571404e-02,1.283482142857142808e-02,1.520647321428571404e-02,1.618303571428571577e-02,1.534598214285714211e-02,1.436941964285714211e-02,1.283482142857142808e-02,1.632254464285714385e-02,1.339285714285714211e-02,1.646205357142857192e-02,1.492745535714285789e-02,1.562500000000000000e-02,1.520647321428571404e-02
-1.353236607142857192e-02,-1.381138392857142808e-02,-1.325334821428571404e-02,-1.367187500000000000e-02,-1.367187500000000000e-02,-1.339285714285714211e-02,-1.325334821428571404e-02,-1.325334821428571404e-02,-1.325334821428571404e-02,-1.353236607142857192e-02,-1.283482142857142808e-02,-1.422991071428571404e-02,-1.381138392857142808e-02,-1.422991071428571404e-02,-1.353236607142857192e-02,-1.297433035714285789e-02,-1.353236607142857192e-02,-1.255580357142857192e-02,-1.213727678571428596e-02,-1.297433035714285789e-02,-1.283482142857142808e-02,-1.255580357142857192e-02,-1.283482142857142808e-02,-1.269531250000000000e-02,-1.213727678571428596e-02,-1.339285714285714211e-02,-1.255580357142857192e-02,-1.297433035714285789e-02,-1.283482142857142808e-02,-1.255580357142857192e-02,-1.255580357142857192e-02,-1.325334821428571404e-02,-1.353236607142857192e-02,-1.353236607142857192e-02,-1.241629464285714211e-02,-1.297433035714285789e-02,-1.395089285714285789e-02,-1.353236607142857192e-02,-1.339285714285714211e-02,-1.353236607142857192e-02,-1.381138392857142808e-02,-1.395089285714285789e-02
-1.063058035714285754e-01,-1.072823660714285754e-01,-1.058872767857142877e-01,-1.050502232142857123e-01,-1.065848214285714246e-01,-1.057477678571428631e-01,-1.065848214285714246e-01,-1.053292410714285754e-01,-1.051897321428571369e-01,-1.047712053571428631e-01,-1.054687500000000000e-01,-1.078404017857142877e-01,-1.065848214285714246e-01,-1.067243303571428631e-01,-1.063058035714285754e-01,-1.061662946428571369e-01,-1.060267857142857123e-01,-1.063058035714285754e-01,-1.053292410714285754e-01,-1.074218750000000000e-01,-1.061662946428571369e-01,-1.050502232142857123e-01,-1.064453125000000000e-01,-1.064453125000000000e-01,-1.065848214285714246e-01,-1.064453125000000000e-01,-1.049107142857142877e-01,-1.054687500000000000e-01,-1.058872767857142877e-01,-1.057477678571428631e-01,-1.049107142857142877e-01,-1.078404017857142877e-01,-1.079799107142857123e-01,-1.065848214285714246e-01,-1.046316964285714246e-01,-1.040736607142857123e-01,-1.077008928571428631e-01,-1.053292410714285754e-01,-1.074218750000000000e-01,-1.058872767857142877e-01,-1.067243303571428631e-01,-1.077008928571428631e-01
7.672991071428571057e-03,7.533482142857142981e-03,7.393973214285714038e-03,7.114955357142857019e-03,6.975446428571428943e-03,7.393973214285714038e-03,7.533482142857142981e-03,7.254464285714285962e-03,7.114955357142857019e-03,7.114955357142857019e-03,6.696428571428571057e-03,7.952008928571428076e-03,6.835937500000000000e-03,7.114955357142857019e-03,6.835937500000000000e-03,6.975446428571428943e-03,7.533482142857142981e-03,8.649553571428571924e-03,7.533482142857142981e-03,7.812500000000000000e-03,8.231026785714285962e-03,7.672991071428571057e-03,7.812500000000000000e-03,8.091517857142857886e-03,8.091517857142857886e-03,8.091517857142857886e-03,7.533482142857142981e-03,7.672991071428571057e-03,7.672991071428571057e-03,7.672991071428571057e-03,7.393973214285714038e-03,8.370535714285714038e-03,8.789062500000000000e-03,7.114955357142857019e-03,7.952008928571428076e-03,6.556919642857142981e-03,7.952008928571428076e-03,7.254464285714285962e-03,7.254464285714285962e-03,6.696428571428571057e-03,7.533482142857142981e-03,7.533482142857142981e-03
7.533482142857142461e-02,7.407924107142857539e-02,7.407924107142857539e-02,7.240513392857142461e-02,7.352120535714286309e-02,7.296316964285713691e-02,7.421875000000000000e-02,7.282366071428571230e-02,7.184709821428571230e-02,7.198660714285713691e-02,7.324218750000000000e-02,7.449776785714286309e-02,7.338169642857142461e-02,7.449776785714286309e-02,7.310267857142857539e-02,7.380022321428571230e-02,7.324218750000000000e-02,7.393973214285713691e-02,7.366071428571428770e-02,7.435825892857142461e-02,7.435825892857142461e-02,7.226562500000000000e-02,7.477678571428571230e-02,7.505580357142857539e-02,7.435825892857142461e-02,7.491629464285713691e-02,7.282366071428571230e-02,7.352120535714286309e-02,7.366071428571428770e-02,7.393973214285713691e-02,7.184709821428571230e-02,7.477678571428571230e-02,7.561383928571428770e-02,7.421875000000000000e-02,7.310267857142857539e-02,7.184709821428571230e-02,7.575334821428571230e-02,7.310267857142857539e-02,7.519531250000000000e-02,7.407924107142857539e-02,7.491629464285713691e-02,7.547433035714286309e-02
3.278459821428571230e-02,3.138950892857143155e-02,3.250558035714285615e-02,3.194754464285714385e-02,3.236607142857143155e-02,3.264508928571428770e-02,3.264508928571428770e-02,3.278459821428571230e-02,3.222656250000000000e-02,3.250558035714285615e-02,3.236607142857143155e-02,3.138950892857143155e-02,3.111049107142857192e-02,3.166852678571428770e-02,3.180803571428571230e-02,3.125000000000000000e-02,3.138950892857143155e-02,3.362165178571428770e-02,3.417968750000000000e-02,3.320312500000000000e-02,3.334263392857143155e-02,3.348214285714285615e-02,3.376116071428571230e-02,3.348214285714285615e-02,3.320312500000000000e-02,3.292410714285714385e-02,3.348214285714285615e-02,3.250558035714285615e-02,3.320312500000000000e-02,3.264508928571428770e-02,3.292410714285714385e-02,3.264508928571428770e-02,3.236607142857143155e-02,3.236607142857143155e-02,3.306361607142856845e-02,3.306361607142856845e-02,3.208705357142856845e-02,3.222656250000000000e-02,3.236607142857143155e-02,3.292410714285714385e-02,3.180803571428571230e-02,3.180803571428571230e-02
-3.529575892857143155e-02,-3.655133928571428770e-02,-3.724888392857143155e-02,-3.431919642857143155e-02,-3.599330357142856845e-02,-3.501674107142856845e-02,-3.655133928571428770e-02,-3.501674107142856845e-02,-3.515625000000000000e-02,-3.557477678571428770e-02,-3.641183035714285615e-02,-3.752790178571428770e-02,-3.669084821428571230e-02,-3.613281250000000000e-02,-3.627232142857143155e-02,-3.599330357142856845e-02,-3.641183035714285615e-02,-3.473772321428571230e-02,-3.306361607142856845e-02,-3.585379464285714385e-02,-3.501674107142856845e-02,-3.264508928571428770e-02,-3.515625000000000000e-02,-3.431919642857143155e-02,-3.571428571428571230e-02,-3.571428571428571230e-02,-3.431919642857143155e-02,-3.445870535714285615e-02,-3.487723214285714385e-02,-3.557477678571428770e-02,-3.404017857142856845e-02,-3.655133928571428770e-02,-3.710937500000000000e-02,-3.599330357142856845e-02,-3.459821428571428770e-02,-3.348214285714285615e-02,-3.766741071428571230e-02,-3.585379464285714385e-02,-3.683035714285714385e-02,-3.641183035714285615e-02,-3.641183035714285615e-02,-3.752790178571428770e-02
7.170758928571428770e-02,7.101004464285713691e-02,7.114955357142857539e-02,7.059151785714286309e-02,7.087053571428571230e-02,7.059151785714286309e-02,7.128906250000000000e-02,7.087053571428571230e-02,6.975446428571428770e-02,7.045200892857142461e-02,7.059151785714286309e-02,7.101004464285713691e-02,7.017299107142857539e-02,7.045200892857142461e-02,7.003348214285713691e-02,7.017299107142857539e-02,7.003348214285713691e-02,7.184709821428571230e-02,7.212611607142857539e-02,7.198660714285713691e-02,7.142857142857142461e-02,7.170758928571428770e-02,7.240513392857142461e-02,7.170758928571428770e-02,7.198660714285713691e-02,7.184709821428571230e-02,7.114955357142857539e-02,7.156808035714286309e-02,7.142857142857142461e-02,7.101004464285713691e-02,7.101004464285713691e-02,7.087053571428571230e-02,7.184709821428571230e-02,7.045200892857142461e-02,7.114955357142857539e-02,7.059151785714286309e-02,7.114955357142857539e-02,6.989397321428571230e-02,7.128906250000000000e-02,7.101004464285713691e-02,7.101004464285713691e-02,7.073102678571428770e-02
1.304408482142857262e-01,1.294642857142857262e-01,1.290457589285714246e-01,1.269531250000000000e-01,1.283482142857142738e-01,1.280691964285714246e-01,1.291852678571428492e-01,1.266741071428571508e-01,1.276506696428571508e-01,1.273716517857142738e-01,1.283482142857142738e-01,1.290457589285714246e-01,1.279296875000000000e-01,1.282087053571428492e-01,1.270926339285714246e-01,1.282087053571428492e-01,1.279296875000000000e-01,1.297433035714285754e-01,1.291852678571428492e-01,1.307198660714285754e-01,1.303013392857142738e-01,1.276506696428571508e-01,1.307198660714285754e-01,1.296037946428571508e-01,1.297433035714285754e-01,1.304408482142857262e-01,1.286272321428571508e-01,1.291852678571428492e-01,1.280691964285714246e-01,1.290457589285714246e-01,1.272321428571428492e-01,1.305803571428571508e-01,1.309988839285714246e-01,1.287667410714285754e-01,1.284877232142857262e-01,1.261160714285714246e-01,1.311383928571428492e-01,1.266741071428571508e-01,1.294642857142857262e-01,1.275111607142857262e-01,1.293247767857142738e-01,1.296037946428571508e-01
7.561383928571428770e-02,7.491629464285713691e-02,7.533482142857142461e-02,7.575334821428571230e-02,7.533482142857142461e-02,7.561383928571428770e-02,7.519531250000000000e-02,7.533482142857142461e-02,7.491629464285713691e-02,7.519531250000000000e-02,7.435825892857142461e-02,7.421875000000000000e-02,7.421875000000000000e-02,7.421875000000000000e-02,7.491629464285713691e-02,7.421875000000000000e-02,7.380022321428571230e-02,7.700892857142857539e-02,7.714843750000000000e-02,7.631138392857142461e-02,7.659040178571428770e-02,7.700892857142857539e-02,7.714843750000000000e-02,7.631138392857142461e-02,7.561383928571428770e-02,7.589285714285713691e-02,7.631138392857142461e-02,7.659040178571428770e-02,7.603236607142857539e-02,7.617187500000000000e-02,7.631138392857142461e-02,7.533482142857142461e-02,7.519531250000000000e-02,7.533482142857142461e-02,7.603236607142857539e-02,7.589285714285713691e-02,7.505580357142857539e-02,7.519531250000000000e-02,7.533482142857142461e-02,7.547433035714286309e-02,7.491629464285713691e-02,7.393973214285713691e-02
-1.771763392857142808e-02,-1.855468750000000000e-02,-1.869419642857142808e-02,-1.715959821428571577e-02,-1.785714285714285615e-02,-1.702008928571428423e-02,-1.799665178571428423e-02,-1.813616071428571577e-02,-1.743861607142857192e-02,-1.729910714285714385e-02,-1.743861607142857192e-02,-1.855468750000000000e-02,-1.827566964285714385e-02,-1.855468750000000000e-02,-1.813616071428571577e-02,-1.785714285714285615e-02,-1.799665178571428423e-02,-1.785714285714285615e-02,-1.702008928571428423e-02,-1.855468750000000000e-02,-1.771763392857142808e-02,-1.632254464285714385e-02,-1.771763392857142808e-02,-1.757812500000000000e-02,-1.827566964285714385e-02,-1.743861607142857192e-02,-1.729910714285714385e-02,-1.729910714285714385e-02,-1.729910714285714385e-02,-1.799665178571428423e-02,-1.729910714285714385e-02,-1.827566964285714385e-02,-1.911272321428571577e-02,-1.841517857142857192e-02,-1.715959821428571577e-02,-1.702008928571428423e-02,-1.911272321428571577e-02,-1.715959821428571577e-02,-1.799665178571428423e-02,-1.771763392857142808e-02,-1.827566964285714385e-02,-1.869419642857142808e-02
2.455357142857142808e-02,2.399553571428571577e-02,2.371651785714285615e-02,2.329799107142857192e-02,2.357700892857142808e-02,2.343750000000000000e-02,2.399553571428571577e-02,2.329799107142857192e-02,2.301897321428571577e-02,2.385602678571428423e-02,2.343750000000000000e-02,2.385602678571428423e-02,2.413504464285714385e-02,2.343750000000000000e-02,2.357700892857142808e-02,2.427455357142857192e-02,2.357700892857142808e-02,2.343750000000000000e-02,2.357700892857142808e-02,2.371651785714285615e-02,2.399553571428571577e-02,2.315848214285714385e-02,2.399553571428571577e-02,2.441406250000000000e-02,2.441406250000000000e-02,2.357700892857142808e-02,2.329799107142857192e-02,2.385602678571428423e-02,2.343750000000000000e-02,2.413504464285714385e-02,2.315848214285714385e-02,2.413504464285714385e-02,2.441406250000000000e-02,2.427455357142857192e-02,2.413504464285714385e-02,2.301897321428571577e-02,2.441406250000000000e-02,2.329799107142857192e-02,2.357700892857142808e-02,2.413504464285714385e-02,2.427455357142857192e-02,2.455357142857142808e-02
7.645089285714286309e-02,7.672991071428571230e-02,7.561383928571428770e-02,7.380022321428571230e-02,7.463727678571428770e-02,7.505580357142857539e-02,7.561383928571428770e-02,7.421875000000000000e-02,7.393973214285713691e-02,7.407924107142857539e-02,7.533482142857142461e-02,7.756696428571428770e-02,7.547433035714286309e-02,7.505580357142857539e-02,7.505580357142857539e-02,7.519531250000000000e-02,7.547433035714286309e-02,7.519531250000000000e-02,7.463727678571428770e-02,7.631138392857142461e-02,7.533482142857142461e-02,7.338169642857142461e-02,7.659040178571428770e-02,7.589285714285713691e-02,7.589285714285713691e-02,7.617187500000000000e-02,7.533482142857142461e-02,7.547433035714286309e-02,7.463727678571428770e-02,7.561383928571428770e-02,7.407924107142857539e-02,7.756696428571428770e-02,7.756696428571428770e-02,7.547433035714286309e-02,7.617187500000000000e-02,7.282366071428571230e-02,7.784598214285713691e-02,7.380022321428571230e-02,7.561383928571428770e-02,7.505580357142857539e-02,7.686941964285713691e-02,7.672991071428571230e-02
2.399553571428571577e-02,2.343750000000000000e-02,2.371651785714285615e-02,2.455357142857142808e-02,2.441406250000000000e-02,2.413504464285714385e-02,2.427455357142857192e-02,2.427455357142857192e-02,2.357700892857142808e-02,2.399553571428571577e-02,2.399553571428571577e-02,2.315848214285714385e-02,2.329799107142857192e-02,2.357700892857142808e-02,2.399553571428571577e-02,2.399553571428571577e-02,2.399553571428571577e-02,2.427455357142857192e-02,2.539062500000000000e-02,2.343750000000000000e-02,2.469308035714285615e-02,2.483258928571428423e-02,2.511160714285714385e-02,2.455357142857142808e-02,2.427455357142857192e-02,2.441406250000000000e-02,2.427455357142857192e-02,2.497209821428571577e-02,2.427455357142857192e-02,2.469308035714285615e-02,2.427455357142857192e-02,2.399553571428571577e-02,2.287946428571428423e-02,2.441406250000000000e-02,2.427455357142857192e-02,2.497209821428571577e-02,2.357700892857142808e-02,2.427455357142857192e-02,2.427455357142857192e-02,2.385602678571428423e-02,2.343750000000000000e-02,2.329799107142857192e-02
-9.109933035714286309e-02,-9.054129464285713691e-02,-9.095982142857142461e-02,-8.970424107142857539e-02,-9.068080357142857539e-02,-8.942522321428571230e-02,-8.998325892857142461e-02,-8.970424107142857539e-02,-8.914620535714286309e-02,-8.956473214285713691e-02,-9.012276785714286309e-02,-9.054129464285713691e-02,-9.054129464285713691e-02,-8.998325892857142461e-02,-9.026227678571428770e-02,-8.984375000000000000e-02,-8.886718750000000000e-02,-9.095982142857142461e-02,-9.054129464285713691e-02,-9.193638392857142461e-02,-9.123883928571428770e-02,-8.970424107142857539e-02,-9.123883928571428770e-02,-9.040178571428571230e-02,-9.054129464285713691e-02,-9.082031250000000000e-02,-9.068080357142857539e-02,-9.068080357142857539e-02,-8.970424107142857539e-02,-9.026227678571428770e-02,-8.970424107142857539e-02,-9.151785714285713691e-02,-9.165736607142857539e-02,-9.082031250000000000e-02,-9.054129464285713691e-02,-8.844866071428571230e-02,-9.235491071428571230e-02,-9.026227678571428770e-02,-9.095982142857142461e-02,-8.998325892857142461e-02,-9.109933035714286309e-02,-9.109933035714286309e-02
-1.757812500000000000e-02,-1.660156250000000000e-02,-1.702008928571428423e-02,-1.729910714285714385e-02,-1.660156250000000000e-02,-1.688058035714285615e-02,-1.702008928571428423e-02,-1.688058035714285615e-02,-1.646205357142857192e-02,-1.715959821428571577e-02,-1.660156250000000000e-02,-1.632254464285714385e-02,-1.660156250000000000e-02,-1.660156250000000000e-02,-1.674107142857142808e-02,-1.618303571428571577e-02,-1.632254464285714385e-02,-1.743861607142857192e-02,-1.785714285714285615e-02,-1.771763392857142808e-02,-1.729910714285714385e-02,-1.785714285714285615e-02,-1.715959821428571577e-02,-1.729910714285714385e-02,-1.702008928571428423e-02,-1.688058035714285615e-02,-1.743861607142857192e-02,-1.646205357142857192e-02,-1.771763392857142808e-02,-1.715959821428571577e-02,-1.757812500000000000e-02,-1.702008928571428423e-02,-1.660156250000000000e-02,-1.715959821428571577e-02,-1.688058035714285615e-02,-1.660156250000000000e-02,-1.618303571428571577e-02,-1.702008928571428423e-02,-1.702008928571428423e-02,-1.715959821428571577e-02,-1.604352678571428423e-02,-1.632254464285714385e-02
3.920200892857143155e-02,3.892299107142856845e-02,3.962053571428571230e-02,3.724888392857143155e-02,3.808593750000000000e-02,3.836495535714285615e-02,3.920200892857143155e-02,3.920200892857143155e-02,3.808593750000000000e-02,3.836495535714285615e-02,3.850446428571428770e-02,4.059709821428571230e-02,3.850446428571428770e-02,3.962053571428571230e-02,3.878348214285714385e-02,3.948102678571428770e-02,3.989955357142856845e-02,3.822544642857143155e-02,3.724888392857143155e-02,3.976004464285714385e-02,3.864397321428571230e-02,3.655133928571428770e-02,3.836495535714285615e-02,3.850446428571428770e-02,3.836495535714285615e-02,4.003906250000000000e-02,3.808593750000000000e-02,3.836495535714285615e-02,3.710937500000000000e-02,3.864397321428571230e-02,3.794642857142856845e-02,4.129464285714285615e-02,4.115513392857143155e-02,3.962053571428571230e-02,3.934151785714285615e-02,3.683035714285714385e-02,4.115513392857143155e-02,3.710937500000000000e-02,3.962053571428571230e-02,3.906250000000000000e-02,3.976004464285714385e-02,4.045758928571428770e-02
-4.743303571428571057e-03,-5.022321428571428943e-03,-5.022321428571428943e-03,-3.208705357142857019e-03,-4.045758928571428943e-03,-4.045758928571428943e-03,-4.185267857142857019e-03,-3.766741071428571491e-03,-3.487723214285714472e-03,-5.022321428571428943e-03,-4.464285714285714038e-03,-5.161830357142857019e-03,-4.464285714285714038e-03,-4.185267857142857019e-03,-4.464285714285714038e-03,-4.045758928571428943e-03,-4.603794642857142981e-03,-4.464285714285714038e-03,-4.324776785714285962e-03,-4.743303571428571057e-03,-4.603794642857142981e-03,-4.464285714285714038e-03,-4.464285714285714038e-03,-4.324776785714285962e-03,-4.464285714285714038e-03,-5.022321428571428943e-03,-4.882812500000000000e-03,-4.185267857142857019e-03,-4.882812500000000000e-03,-4.464285714285714038e-03,-4.045758928571428943e-03,-4.882812500000000000e-03,-5.440848214285714038e-03,-5.022321428571428943e-03,-4.464285714285714038e-03,-3.906250000000000000e-03,-5.161830357142857019e-03,-4.464285714285714038e-03,-4.464285714285714038e-03,-5.161830357142857019e-03,-4.464285714285714038e-03,-4.882812500000000000e-03
-1.459263392857142738e-01,-1.456473214285714246e-01,-1.452287946428571508e-01,-1.436941964285714246e-01,-1.439732142857142738e-01,-1.431361607142857262e-01,-1.443917410714285754e-01,-1.432756696428571508e-01,-1.428571428571428492e-01,-1.429966517857142738e-01,-1.436941964285714246e-01,-1.442522321428571508e-01,-1.434151785714285754e-01,-1.425781250000000000e-01,-1.431361607142857262e-01,-1.438337053571428492e-01,-1.425781250000000000e-01,-1.466238839285714246e-01,-1.456473214285714246e-01,-1.463448660714285754e-01,-1.459263392857142738e-01,-1.445312500000000000e-01,-1.463448660714285754e-01,-1.455078125000000000e-01,-1.459263392857142738e-01,-1.456473214285714246e-01,-1.455078125000000000e-01,-1.452287946428571508e-01,-1.442522321428571508e-01,-1.448102678571428492e-01,-1.432756696428571508e-01,-1.460658482142857262e-01,-1.462053571428571508e-01,-1.450892857142857262e-01,-1.446707589285714246e-01,-1.417410714285714246e-01,-1.462053571428571508e-01,-1.439732142857142738e-01,-1.443917410714285754e-01,-1.434151785714285754e-01,-1.452287946428571508e-01,-1.448102678571428492e-01
-6.305803571428571230e-02,-6.236049107142856845e-02,-6.250000000000000000e-02,-6.277901785714286309e-02,-6.305803571428571230e-02,-6.263950892857142461e-02,-6.222098214285714385e-02,-6.250000000000000000e-02,-6.194196428571428770e-02,-6.333705357142857539e-02,-6.166294642857143155e-02,-6.138392857142856845e-02,-6.222098214285714385e-02,-6.194196428571428770e-02,-6.180245535714285615e-02,-6.166294642857143155e-02,-6.124441964285714385e-02,-6.417410714285713691e-02,-6.389508928571428770e-02,-6.333705357142857539e-02,-6.305803571428571230e-02,-6.417410714285713691e-02,-6.375558035714286309e-02,-6.333705357142857539e-02,-6.333705357142857539e-02,-6.375558035714286309e-02,-6.347656250000000000e-02,-6.236049107142856845e-02,-6.403459821428571230e-02,-6.375558035714286309e-02,-6.291852678571428770e-02,-6.277901785714286309e-02,-6.250000000000000000e-02,-6.333705357142857539e-02,-6.208147321428571230e-02,-6.222098214285714385e-02,-6.208147321428571230e-02,-6.263950892857142461e-02,-6.208147321428571230e-02,-6.277901785714286309e-02,-6.166294642857143155e-02,-6.208147321428571230e-02
-2.650669642857142981e-03,-2.650669642857142981e-03,-2.092633928571428509e-03,-4.743303571428571057e-03,-3.208705357142857019e-03,-3.627232142857142981e-03,-2.650669642857142981e-03,-1.813616071428571491e-03,-3.906250000000000000e-03,-2.929687500000000000e-03,-3.348214285714285528e-03,-8.370535714285713821e-04,-2.232142857142857019e-03,-2.511160714285714472e-03,-1.674107142857142764e-03,-1.674107142857142764e-03,-1.674107142857142764e-03,-4.185267857142857019e-03,-4.185267857142857019e-03,-2.511160714285714472e-03,-3.766741071428571491e-03,-5.161830357142857019e-03,-4.324776785714285962e-03,-3.906250000000000000e-03,-4.324776785714285962e-03,-2.929687500000000000e-03,-4.185267857142857019e-03,-3.069196428571428509e-03,-3.906250000000000000e-03,-3.627232142857142981e-03,-4.045758928571428943e-03,-1.534598214285714255e-03,-9.765625000000000000e-04,-2.371651785714285528e-03,-2.511160714285714472e-03,-5.440848214285714038e-03,-4.185267857142856911e-04,-2.929687500000000000e-03,-4.185267857142856911e-04,-2.650669642857142981e-03,-1.255580357142857236e-03,-9.765625000000000000e-04
-3.613281250000000000e-02,-3.669084821428571230e-02,-3.696986607142856845e-02,-3.543526785714285615e-02,-3.557477678571428770e-02,-3.585379464285714385e-02,-3.669084821428571230e-02,-3.613281250000000000e-02,-3.557477678571428770e-02,-3.641183035714285615e-02,-3.627232142857143155e-02,-3.627232142857143155e-02,-3.641183035714285615e-02,-3.641183035714285615e-02,-3.669084821428571230e-02,-3.599330357142856845e-02,-3.585379464285714385e-02,-3.655133928571428770e-02,-3.655133928571428770e-02,-3.669084821428571230e-02,-3.696986607142856845e-02,-3.683035714285714385e-02,-3.724888392857143155e-02,-3.655133928571428770e-02,-3.710937500000000000e-02,-3.613281250000000000e-02,-3.669084821428571230e-02,-3.669084821428571230e-02,-3.669084821428571230e-02,-3.683035714285714385e-02,-3.599330357142856845e-02,-3.696986607142856845e-02,-3.669084821428571230e-02,-3.655133928571428770e-02,-3.669084821428571230e-02,-3.543526785714285615e-02,-3.752790178571428770e-02,-3.599330357142856845e-02,-3.613281250000000000e-02,-3.613281250000000000e-02,-3.613281250000000000e-02,-3.627232142857143155e-02
-1.875000000000000000e-01,-1.900111607142857262e-01,-1.893136160714285754e-01,-1.883370535714285754e-01,-1.893136160714285754e-01,-1.869419642857142738e-01,-1.883370535714285754e-01,-1.863839285714285754e-01,-1.869419642857142738e-01,-1.849888392857142738e-01,-1.851283482142857262e-01,-1.865234375000000000e-01,-1.854073660714285754e-01,-1.879185267857142738e-01,-1.876395089285714246e-01,-1.875000000000000000e-01,-1.858258928571428492e-01,-1.891741071428571508e-01,-1.922433035714285754e-01,-1.919642857142857262e-01,-1.893136160714285754e-01,-1.916852678571428492e-01,-1.895926339285714246e-01,-1.888950892857142738e-01,-1.884765625000000000e-01,-1.916852678571428492e-01,-1.898716517857142738e-01,-1.912667410714285754e-01,-1.876395089285714246e-01,-1.870814732142857262e-01,-1.852678571428571508e-01,-1.936383928571428492e-01,-1.914062500000000000e-01,-1.872209821428571508e-01,-1.869419642857142738e-01,-1.869419642857142738e-01,-1.891741071428571508e-01,-1.880580357142857262e-01,-1.881975446428571508e-01,-1.877790178571428492e-01,-1.895926339285714246e-01,-1.891741071428571508e-01
-9.584263392857142461e-02,-9.960937500000000000e-02,-9.891183035714286309e-02,-1.000279017857142877e-01,-1.001674107142857123e-01,-9.877232142857142461e-02,-9.821428571428571230e-02,-9.779575892857142461e-02,-9.821428571428571230e-02,-9.654017857142857539e-02,-9.542410714285713691e-02,-9.626116071428571230e-02,-9.584263392857142461e-02,-9.863281250000000000e-02,-9.779575892857142461e-02,-9.835379464285713691e-02,-9.626116071428571230e-02,-9.877232142857142461e-02,-1.022600446428571369e-01,-1.005859375000000000e-01,-9.877232142857142461e-02,-1.025390625000000000e-01,-9.891183035714286309e-02,-9.891183035714286309e-02,-9.849330357142857539e-02,-1.010044642857142877e-01,-1.004464285714285754e-01,-1.008649553571428631e-01,-9.877232142857142461e-02,-9.751674107142857539e-02,-9.695870535714286309e-02,-1.017020089285714246e-01,-9.933035714285713691e-02,-9.737723214285713691e-02,-9.709821428571428770e-02,-9.905133928571428770e-02,-9.654017857142857539e-02,-9.835379464285713691e-02,-9.626116071428571230e-02,-9.835379464285713691e-02,-9.905133928571428770e-02,-9.863281250000000000e-02
-2.664620535714285615e-02,-2.818080357142857192e-02,-2.873883928571428423e-02,-3.208705357142856845e-02,-3.083147321428571577e-02,-2.915736607142857192e-02,-2.901785714285714385e-02,-2.832031250000000000e-02,-3.097098214285714385e-02,-2.748325892857142808e-02,-2.762276785714285615e-02,-2.594866071428571577e-02,-2.608816964285714385e-02,-2.943638392857142808e-02,-2.748325892857142808e-02,-2.845982142857142808e-02,-2.608816964285714385e-02,-2.929687500000000000e-02,-3.306361607142856845e-02,-3.083147321428571577e-02,-2.929687500000000000e-02,-3.292410714285714385e-02,-2.887834821428571577e-02,-2.873883928571428423e-02,-2.887834821428571577e-02,-2.985491071428571577e-02,-3.111049107142857192e-02,-3.125000000000000000e-02,-2.957589285714285615e-02,-2.790178571428571577e-02,-2.901785714285714385e-02,-3.013392857142857192e-02,-2.832031250000000000e-02,-2.776227678571428423e-02,-2.776227678571428423e-02,-3.152901785714285615e-02,-2.636718750000000000e-02,-2.873883928571428423e-02,-2.678571428571428423e-02,-2.873883928571428423e-02,-2.804129464285714385e-02,-2.832031250000000000e-02
-5.468750000000000000e-02,-5.636160714285714385e-02,-5.622209821428571230e-02,-5.636160714285714385e-02,-5.608258928571428770e-02,-5.524553571428571230e-02,-5.566406250000000000e-02,-5.552455357142856845e-02,-5.510602678571428770e-02,-5.426897321428571230e-02,-5.343191964285714385e-02,-5.426897321428571230e-02,-5.440848214285714385e-02,-5.594308035714285615e-02,-5.622209821428571230e-02,-5.566406250000000000e-02,-5.426897321428571230e-02,-5.580357142857143155e-02,-5.761718750000000000e-02,-5.747767857142856845e-02,-5.594308035714285615e-02,-5.775669642857143155e-02,-5.636160714285714385e-02,-5.636160714285714385e-02,-5.594308035714285615e-02,-5.747767857142856845e-02,-5.705915178571428770e-02,-5.747767857142856845e-02,-5.552455357142856845e-02,-5.510602678571428770e-02,-5.440848214285714385e-02,-5.845424107142856845e-02,-5.678013392857143155e-02,-5.538504464285714385e-02,-5.524553571428571230e-02,-5.566406250000000000e-02,-5.594308035714285615e-02,-5.552455357142856845e-02,-5.510602678571428770e-02,-5.594308035714285615e-02,-5.664062500000000000e-02,-5.650111607142856845e-02
-1.655970982142857262e-01,-1.669921875000000000e-01,-1.679687500000000000e-01,-1.646205357142857262e-01,-1.647600446428571508e-01,-1.675502232142857262e-01,-1.651785714285714246e-01,-1.643415178571428492e-01,-1.642020089285714246e-01,-1.664341517857142738e-01,-1.621093750000000000e-01,-1.632254464285714246e-01,-1.664341517857142738e-01,-1.655970982142857262e-01,-1.623883928571428492e-01,-1.648995535714285754e-01,-1.628069196428571508e-01,-1.644810267857142738e-01,-1.688058035714285754e-01,-1.718750000000000000e-01,-1.681082589285714246e-01,-1.686662946428571508e-01,-1.695033482142857262e-01,-1.688058035714285754e-01,-1.702008928571428492e-01,-1.688058035714285754e-01,-1.668526785714285754e-01,-1.692243303571428492e-01,-1.664341517857142738e-01,-1.693638392857142738e-01,-1.662946428571428492e-01,-1.692243303571428492e-01,-1.702008928571428492e-01,-1.661551339285714246e-01,-1.650390625000000000e-01,-1.660156250000000000e-01,-1.688058035714285754e-01,-1.651785714285714246e-01,-1.678292410714285754e-01,-1.676897321428571508e-01,-1.654575892857142738e-01,-1.650390625000000000e-01
-3.738839285714285615e-02,-3.892299107142856845e-02,-3.934151785714285615e-02,-3.906250000000000000e-02,-3.864397321428571230e-02,-4.101562500000000000e-02,-3.808593750000000000e-02,-3.822544642857143155e-02,-3.766741071428571230e-02,-4.045758928571428770e-02,-3.683035714285714385e-02,-3.641183035714285615e-02,-3.962053571428571230e-02,-3.920200892857143155e-02,-3.585379464285714385e-02,-3.836495535714285615e-02,-3.585379464285714385e-02,-3.683035714285714385e-02,-4.129464285714285615e-02,-4.199218750000000000e-02,-4.059709821428571230e-02,-4.157366071428571230e-02,-4.171316964285714385e-02,-4.115513392857143155e-02,-4.157366071428571230e-02,-4.017857142857143155e-02,-3.962053571428571230e-02,-4.143415178571428770e-02,-4.031808035714285615e-02,-4.101562500000000000e-02,-4.045758928571428770e-02,-3.878348214285714385e-02,-3.989955357142856845e-02,-3.766741071428571230e-02,-3.752790178571428770e-02,-4.101562500000000000e-02,-3.892299107142856845e-02,-3.822544642857143155e-02,-3.906250000000000000e-02,-4.073660714285714385e-02,-3.780691964285714385e-02,-3.696986607142856845e-02
3.390066964285714385e-02,3.264508928571428770e-02,3.166852678571428770e-02,3.097098214285714385e-02,3.125000000000000000e-02,2.985491071428571577e-02,3.166852678571428770e-02,3.180803571428571230e-02,3.083147321428571577e-02,2.999441964285714385e-02,3.222656250000000000e-02,3.376116071428571230e-02,3.152901785714285615e-02,3.041294642857142808e-02,3.417968750000000000e-02,3.138950892857143155e-02,3.390066964285714385e-02,3.459821428571428770e-02,2.971540178571428423e-02,2.957589285714285615e-02,3.069196428571428423e-02,2.929687500000000000e-02,2.999441964285714385e-02,3.111049107142857192e-02,2.999441964285714385e-02,3.083147321428571577e-02,3.166852678571428770e-02,3.041294642857142808e-02,2.999441964285714385e-02,2.999441964285714385e-02,3.027343750000000000e-02,3.292410714285714385e-02,3.236607142857143155e-02,3.236607142857143155e-02,3.376116071428571230e-02,2.776227678571428423e-02,3.362165178571428770e-02,3.180803571428571230e-02,3.236607142857143155e-02,2.985491071428571577e-02,3.376116071428571230e-02,3.376116071428571230e-02
9.765625000000000000e-04,1.395089285714285637e-04,0.000000000000000000e+00,1.116071428571428509e-03,9.765625000000000000e-04,-4.185267857142856911e-04,9.765625000000000000e-04,8.370535714285713821e-04,1.116071428571428509e-03,-6.975446428571428726e-04,1.395089285714285745e-03,1.674107142857142764e-03,-6.975446428571428726e-04,8.370535714285713821e-04,1.255580357142857236e-03,2.790178571428571274e-04,9.765625000000000000e-04,2.232142857142857019e-03,-6.975446428571428726e-04,-9.765625000000000000e-04,0.000000000000000000e+00,-4.185267857142856911e-04,-2.790178571428571274e-04,-6.975446428571428726e-04,-9.765625000000000000e-04,-1.395089285714285637e-04,4.185267857142856911e-04,-6.975446428571428726e-04,6.975446428571428726e-04,-1.116071428571428509e-03,2.790178571428571274e-04,-1.395089285714285637e-04,-1.395089285714285745e-03,9.765625000000000000e-04,1.395089285714285745e-03,-2.790178571428571274e-04,-8.370535714285713821e-04,6.975446428571428726e-04,-1.395089285714285637e-04,-2.790178571428571274e-04,5.580357142857142547e-04,8.370535714285713821e-04
-8.328683035714286309e-02,-8.454241071428571230e-02,-8.454241071428571230e-02,-8.091517857142857539e-02,-8.258928571428571230e-02,-8.370535714285713691e-02,-8.272879464285713691e-02,-8.175223214285713691e-02,-8.063616071428571230e-02,-8.384486607142857539e-02,-8.063616071428571230e-02,-8.203125000000000000e-02,-8.468191964285713691e-02,-8.217075892857142461e-02,-8.133370535714286309e-02,-8.231026785714286309e-02,-8.189174107142857539e-02,-8.049665178571428770e-02,-8.300781250000000000e-02,-8.593750000000000000e-02,-8.342633928571428770e-02,-8.300781250000000000e-02,-8.468191964285713691e-02,-8.468191964285713691e-02,-8.537946428571428770e-02,-8.300781250000000000e-02,-8.328683035714286309e-02,-8.426339285714286309e-02,-8.272879464285713691e-02,-8.482142857142857539e-02,-8.314732142857142461e-02,-8.440290178571428770e-02,-8.649553571428571230e-02,-8.384486607142857539e-02,-8.217075892857142461e-02,-8.189174107142857539e-02,-8.579799107142857539e-02,-8.258928571428571230e-02,-8.537946428571428770e-02,-8.523995535714286309e-02,-8.356584821428571230e-02,-8.342633928571428770e-02
3.041294642857142808e-02,2.971540178571428423e-02,3.027343750000000000e-02,3.055245535714285615e-02,2.971540178571428423e-02,2.832031250000000000e-02,3.013392857142857192e-02,3.069196428571428423e-02,2.971540178571428423e-02,2.873883928571428423e-02,3.111049107142857192e-02,3.166852678571428770e-02,2.859933035714285615e-02,2.957589285714285615e-02,3.097098214285714385e-02,2.943638392857142808e-02,3.097098214285714385e-02,3.278459821428571230e-02,2.957589285714285615e-02,2.915736607142857192e-02,3.069196428571428423e-02,2.943638392857142808e-02,2.887834821428571577e-02,2.957589285714285615e-02,2.887834821428571577e-02,3.027343750000000000e-02,2.985491071428571577e-02,2.873883928571428423e-02,3.083147321428571577e-02,2.887834821428571577e-02,2.887834821428571577e-02,3.069196428571428423e-02,2.957589285714285615e-02,3.055245535714285615e-02,3.083147321428571577e-02,2.804129464285714385e-02,2.901785714285714385e-02,3.083147321428571577e-02,2.915736607142857192e-02,2.859933035714285615e-02,3.041294642857142808e-02,3.138950892857143155e-02
9.263392857142857539e-02,9.095982142857142461e-02,9.026227678571428770e-02,9.026227678571428770e-02,8.956473214285713691e-02,8.872767857142857539e-02,9.012276785714286309e-02,9.095982142857142461e-02,8.872767857142857539e-02,8.900669642857142461e-02,9.026227678571428770e-02,9.235491071428571230e-02,8.956473214285713691e-02,8.914620535714286309e-02,9.165736607142857539e-02,8.942522321428571230e-02,9.123883928571428770e-02,9.347098214285713691e-02,8.998325892857142461e-02,9.026227678571428770e-02,9.151785714285713691e-02,8.956473214285713691e-02,8.900669642857142461e-02,9.109933035714286309e-02,8.942522321428571230e-02,9.151785714285713691e-02,9.165736607142857539e-02,9.026227678571428770e-02,8.998325892857142461e-02,8.942522321428571230e-02,8.830915178571428770e-02,9.263392857142857539e-02,9.235491071428571230e-02,9.109933035714286309e-02,9.207589285714286309e-02,8.677455357142857539e-02,9.179687500000000000e-02,9.137834821428571230e-02,9.095982142857142461e-02,8.984375000000000000e-02,9.193638392857142461e-02,9.249441964285713691e-02
4.575892857142856845e-02,4.534040178571428770e-02,4.534040178571428770e-02,4.673549107142856845e-02,4.659598214285714385e-02,4.492187500000000000e-02,4.589843750000000000e-02,4.603794642857143155e-02,4.617745535714285615e-02,4.464285714285714385e-02,4.617745535714285615e-02,4.701450892857143155e-02,4.436383928571428770e-02,4.561941964285714385e-02,4.631696428571428770e-02,4.589843750000000000e-02,4.534040178571428770e-02,4.896763392857143155e-02,4.687500000000000000e-02,4.547991071428571230e-02,4.645647321428571230e-02,4.645647321428571230e-02,4.575892857142856845e-02,4.575892857142856845e-02,4.547991071428571230e-02,4.603794642857143155e-02,4.631696428571428770e-02,4.506138392857143155e-02,4.659598214285714385e-02,4.561941964285714385e-02,4.617745535714285615e-02,4.534040178571428770e-02,4.464285714285714385e-02,4.589843750000000000e-02,4.645647321428571230e-02,4.561941964285714385e-02,4.492187500000000000e-02,4.645647321428571230e-02,4.492187500000000000e-02,4.506138392857143155e-02,4.561941964285714385e-02,4.589843750000000000e-02
-6.250000000000000000e-02,-6.389508928571428770e-02,-6.305803571428571230e-02,-5.915178571428571230e-02,-5.929129464285714385e-02,-6.431361607142857539e-02,-6.375558035714286309e-02,-6.250000000000000000e-02,-6.054687500000000000e-02,-6.431361607142857539e-02,-6.305803571428571230e-02,-6.054687500000000000e-02,-6.612723214285713691e-02,-6.236049107142856845e-02,-5.915178571428571230e-02,-6.012834821428571230e-02,-5.984933035714285615e-02,-5.873325892857143155e-02,-6.152343750000000000e-02,-6.375558035714286309e-02,-6.250000000000000000e-02,-6.138392857142856845e-02,-6.515066964285713691e-02,-6.473214285714286309e-02,-6.445312500000000000e-02,-6.417410714285713691e-02,-6.277901785714286309e-02,-6.445312500000000000e-02,-6.277901785714286309e-02,-6.626674107142857539e-02,-6.277901785714286309e-02,-6.194196428571428770e-02,-6.417410714285713691e-02,-6.180245535714285615e-02,-6.152343750000000000e-02,-6.361607142857142461e-02,-6.361607142857142461e-02,-6.096540178571428770e-02,-6.487165178571428770e-02,-6.529017857142857539e-02,-6.263950892857142461e-02,-6.180245535714285615e-02
4.324776785714285615e-02,4.157366071428571230e-02,4.227120535714285615e-02,4.464285714285714385e-02,4.422433035714285615e-02,3.976004464285714385e-02,4.073660714285714385e-02,4.199218750000000000e-02,4.227120535714285615e-02,3.906250000000000000e-02,4.017857142857143155e-02,4.450334821428571230e-02,3.948102678571428770e-02,4.115513392857143155e-02,4.436383928571428770e-02,4.213169642857143155e-02,4.436383928571428770e-02,4.575892857142856845e-02,4.227120535714285615e-02,4.241071428571428770e-02,4.255022321428571230e-02,4.255022321428571230e-02,3.976004464285714385e-02,4.087611607142856845e-02,4.073660714285714385e-02,4.087611607142856845e-02,4.310825892857143155e-02,4.101562500000000000e-02,4.282924107142856845e-02,3.878348214285714385e-02,3.989955357142856845e-02,4.436383928571428770e-02,4.282924107142856845e-02,4.408482142857143155e-02,4.310825892857143155e-02,3.934151785714285615e-02,4.296875000000000000e-02,4.310825892857143155e-02,4.031808035714285615e-02,4.003906250000000000e-02,4.380580357142856845e-02,4.310825892857143155e-02
1.043526785714285754e-01,1.019810267857142877e-01,1.026785714285714246e-01,1.033761160714285754e-01,1.029575892857142877e-01,9.946986607142857539e-02,1.001674107142857123e-01,1.012834821428571369e-01,1.010044642857142877e-01,9.849330357142857539e-02,9.960937500000000000e-02,1.047712053571428631e-01,1.000279017857142877e-01,1.001674107142857123e-01,1.040736607142857123e-01,1.007254464285714246e-01,1.032366071428571369e-01,1.057477678571428631e-01,1.019810267857142877e-01,1.033761160714285754e-01,1.033761160714285754e-01,1.017020089285714246e-01,9.946986607142857539e-02,1.018415178571428631e-01,1.021205357142857123e-01,1.018415178571428631e-01,1.040736607142857123e-01,1.015625000000000000e-01,1.021205357142857123e-01,9.933035714285713691e-02,9.877232142857142461e-02,1.056082589285714246e-01,1.047712053571428631e-01,1.037946428571428631e-01,1.032366071428571369e-01,9.695870535714286309e-02,1.047712053571428631e-01,1.030970982142857123e-01,1.011439732142857123e-01,1.012834821428571369e-01,1.035156250000000000e-01,1.042131696428571369e-01
5.552455357142856845e-02,5.426897321428571230e-02,5.440848214285714385e-02,5.705915178571428770e-02,5.678013392857143155e-02,5.385044642857143155e-02,5.385044642857143155e-02,5.454799107142856845e-02,5.510602678571428770e-02,5.315290178571428770e-02,5.343191964285714385e-02,5.608258928571428770e-02,5.231584821428571230e-02,5.426897321428571230e-02,5.636160714285714385e-02,5.496651785714285615e-02,5.552455357142856845e-02,5.817522321428571230e-02,5.608258928571428770e-02,5.538504464285714385e-02,5.538504464285714385e-02,5.678013392857143155e-02,5.426897321428571230e-02,5.454799107142856845e-02,5.426897321428571230e-02,5.482700892857143155e-02,5.594308035714285615e-02,5.454799107142856845e-02,5.552455357142856845e-02,5.287388392857143155e-02,5.468750000000000000e-02,5.566406250000000000e-02,5.468750000000000000e-02,5.580357142857143155e-02,5.482700892857143155e-02,5.385044642857143155e-02,5.496651785714285615e-02,5.524553571428571230e-02,5.315290178571428770e-02,5.315290178571428770e-02,5.538504464285714385e-02,5.454799107142856845e-02
-4.631696428571428770e-02,-4.868861607142856845e-02,-3.683035714285714385e-02,-3.334263392857143155e-02,-3.306361607142856845e-02,-4.729352678571428770e-02,-3.878348214285714385e-02,-3.529575892857143155e-02,-4.282924107142856845e-02,-4.603794642857143155e-02,-4.017857142857143155e-02,-3.348214285714285615e-02,-4.757254464285714385e-02,-3.543526785714285615e-02,-3.571428571428571230e-02,-3.557477678571428770e-02,-3.376116071428571230e-02,-3.431919642857143155e-02,-3.585379464285714385e-02,-4.617745535714285615e-02,-3.571428571428571230e-02,-3.473772321428571230e-02,-4.729352678571428770e-02,-4.687500000000000000e-02,-4.715401785714285615e-02,-3.836495535714285615e-02,-3.613281250000000000e-02,-3.794642857142856845e-02,-3.487723214285714385e-02,-4.952566964285714385e-02,-4.561941964285714385e-02,-3.710937500000000000e-02,-4.868861607142856845e-02,-4.478236607142856845e-02,-4.771205357142856845e-02,-4.645647321428571230e-02,-4.464285714285714385e-02,-3.641183035714285615e-02,-4.673549107142856845e-02,-4.813058035714285615e-02,-3.613281250000000000e-02,-3.641183035714285615e-02
6.096540178571428770e-02,5.887276785714285615e-02,6.961495535714286309e-02,7.087053571428571230e-02,7.142857142857142461e-02,5.859375000000000000e-02,6.696428571428571230e-02,6.919642857142857539e-02,6.166294642857143155e-02,5.915178571428571230e-02,6.473214285714286309e-02,7.156808035714286309e-02,6.012834821428571230e-02,6.891741071428571230e-02,6.905691964285713691e-02,6.808035714285713691e-02,7.003348214285713691e-02,7.087053571428571230e-02,6.905691964285713691e-02,6.068638392857143155e-02,7.017299107142857539e-02,6.863839285714286309e-02,5.929129464285714385e-02,6.026785714285714385e-02,6.040736607142856845e-02,6.766183035714286309e-02,7.059151785714286309e-02,6.808035714285713691e-02,7.031250000000000000e-02,5.719866071428571230e-02,5.845424107142856845e-02,6.989397321428571230e-02,5.984933035714285615e-02,6.222098214285714385e-02,5.957031250000000000e-02,5.761718750000000000e-02,6.375558035714286309e-02,6.933593750000000000e-02,6.026785714285714385e-02,5.943080357142856845e-02,7.003348214285713691e-02,6.975446428571428770e-02
1.171875000000000000e-01,1.153738839285714246e-01,1.240234375000000000e-01,1.243024553571428631e-01,1.248604910714285754e-01,1.142578125000000000e-01,1.216517857142857123e-01,1.240234375000000000e-01,1.162109375000000000e-01,1.146763392857142877e-01,1.192801339285714246e-01,1.265345982142857262e-01,1.169084821428571369e-01,1.234654017857142877e-01,1.234654017857142877e-01,1.224888392857142877e-01,1.248604910714285754e-01,1.245814732142857123e-01,1.227678571428571369e-01,1.178850446428571369e-01,1.256975446428571508e-01,1.227678571428571369e-01,1.156529017857142877e-01,1.164899553571428631e-01,1.174665178571428631e-01,1.231863839285714246e-01,1.266741071428571508e-01,1.234654017857142877e-01,1.241629464285714246e-01,1.132812500000000000e-01,1.138392857142857123e-01,1.270926339285714246e-01,1.173270089285714246e-01,1.187220982142857123e-01,1.160714285714285754e-01,1.124441964285714246e-01,1.208147321428571369e-01,1.243024553571428631e-01,1.164899553571428631e-01,1.169084821428571369e-01,1.259765625000000000e-01,1.256975446428571508e-01
6.612723214285713691e-02,6.473214285714286309e-02,7.156808035714286309e-02,7.366071428571428770e-02,7.338169642857142461e-02,6.445312500000000000e-02,7.031250000000000000e-02,7.184709821428571230e-02,6.682477678571428770e-02,6.473214285714286309e-02,6.877790178571428770e-02,7.254464285714286309e-02,6.487165178571428770e-02,7.170758928571428770e-02,7.101004464285713691e-02,7.114955357142857539e-02,7.296316964285713691e-02,7.393973214285713691e-02,7.310267857142857539e-02,6.752232142857142461e-02,7.324218750000000000e-02,7.254464285714286309e-02,6.570870535714286309e-02,6.640625000000000000e-02,6.584821428571428770e-02,7.101004464285713691e-02,7.282366071428571230e-02,7.101004464285713691e-02,7.310267857142857539e-02,6.375558035714286309e-02,6.584821428571428770e-02,7.212611607142857539e-02,6.459263392857142461e-02,6.682477678571428770e-02,6.473214285714286309e-02,6.501116071428571230e-02,6.668526785714286309e-02,7.198660714285713691e-02,6.542968750000000000e-02,6.445312500000000000e-02,7.198660714285713691e-02,7.170758928571428770e-02
-2.148437500000000000e-02,-2.287946428571428423e-02,-1.018415178571428596e-02,-8.231026785714285962e-03,-8.510044642857142114e-03,-2.204241071428571577e-02,-1.171875000000000000e-02,-8.789062500000000000e-03,-1.743861607142857192e-02,-1.883370535714285615e-02,-1.353236607142857192e-02,-7.393973214285714038e-03,-2.190290178571428423e-02,-8.649553571428571924e-03,-1.060267857142857192e-02,-9.347098214285714038e-03,-8.928571428571428076e-03,-8.649553571428571924e-03,-8.510044642857142114e-03,-1.939174107142857192e-02,-9.068080357142857886e-03,-8.510044642857142114e-03,-2.162388392857142808e-02,-2.008928571428571577e-02,-2.064732142857142808e-02,-1.143973214285714211e-02,-9.486607142857142114e-03,-1.060267857142857192e-02,-8.370535714285714038e-03,-2.273995535714285615e-02,-2.022879464285714385e-02,-1.130022321428571404e-02,-2.260044642857142808e-02,-1.897321428571428423e-02,-2.134486607142857192e-02,-1.967075892857142808e-02,-1.785714285714285615e-02,-1.018415178571428596e-02,-2.078683035714285615e-02,-2.008928571428571577e-02,-9.765625000000000000e-03,-1.102120535714285789e-02
8.272879464285713691e-02,8.091517857142857539e-02,9.095982142857142461e-02,9.179687500000000000e-02,9.235491071428571230e-02,7.993861607142857539e-02,8.886718750000000000e-02,9.068080357142857539e-02,8.328683035714286309e-02,8.119419642857142461e-02,8.705357142857142461e-02,9.235491071428571230e-02,8.091517857142857539e-02,9.082031250000000000e-02,8.984375000000000000e-02,9.026227678571428770e-02,9.165736607142857539e-02,9.263392857142857539e-02,9.095982142857142461e-02,8.370535714285713691e-02,9.263392857142857539e-02,9.221540178571428770e-02,8.021763392857142461e-02,8.272879464285713691e-02,8.203125000000000000e-02,9.040178571428571230e-02,9.235491071428571230e-02,9.082031250000000000e-02,9.207589285714286309e-02,7.965959821428571230e-02,7.952008928571428770e-02,9.263392857142857539e-02,8.189174107142857539e-02,8.286830357142857539e-02,8.189174107142857539e-02,8.049665178571428770e-02,8.579799107142857539e-02,9.137834821428571230e-02,8.175223214285713691e-02,8.272879464285713691e-02,9.179687500000000000e-02,9.095982142857142461e-02
1.349051339285714246e-01,1.326729910714285754e-01,1.425781250000000000e-01,1.414620535714285754e-01,1.425781250000000000e-01,1.318359375000000000e-01,1.400669642857142738e-01,1.414620535714285754e-01,1.349051339285714246e-01,1.328125000000000000e-01,1.368582589285714246e-01,1.436941964285714246e-01,1.344866071428571508e-01,1.407645089285714246e-01,1.409040178571428492e-01,1.406250000000000000e-01,1.420200892857142738e-01,1.428571428571428492e-01,1.411830357142857262e-01,1.354631696428571508e-01,1.427176339285714246e-01,1.411830357142857262e-01,1.321149553571428492e-01,1.346261160714285754e-01,1.351841517857142738e-01,1.407645089285714246e-01,1.442522321428571508e-01,1.418805803571428492e-01,1.435546875000000000e-01,1.314174107142857262e-01,1.311383928571428492e-01,1.453683035714285754e-01,1.357421875000000000e-01,1.361607142857142738e-01,1.346261160714285754e-01,1.312779017857142738e-01,1.379743303571428492e-01,1.424386160714285754e-01,1.330915178571428492e-01,1.358816964285714246e-01,1.431361607142857262e-01,1.427176339285714246e-01
7.938058035714286309e-02,7.756696428571428770e-02,8.579799107142857539e-02,8.663504464285713691e-02,8.663504464285713691e-02,7.784598214285713691e-02,8.482142857142857539e-02,8.621651785714286309e-02,8.063616071428571230e-02,7.854352678571428770e-02,8.314732142857142461e-02,8.607700892857142461e-02,7.770647321428571230e-02,8.579799107142857539e-02,8.454241071428571230e-02,8.482142857142857539e-02,8.621651785714286309e-02,8.705357142857142461e-02,8.733258928571428770e-02,8.091517857142857539e-02,8.719308035714286309e-02,8.677455357142857539e-02,7.868303571428571230e-02,8.063616071428571230e-02,7.979910714285713691e-02,8.579799107142857539e-02,8.649553571428571230e-02,8.579799107142857539e-02,8.663504464285713691e-02,7.742745535714286309e-02,7.784598214285713691e-02,8.579799107142857539e-02,7.826450892857142461e-02,8.007812500000000000e-02,7.826450892857142461e-02,7.882254464285713691e-02,8.175223214285713691e-02,8.565848214285713691e-02,7.840401785714286309e-02,7.910156250000000000e-02,8.551897321428571230e-02,8.510044642857142461e-02
-3.362165178571428770e-02,-3.599330357142856845e-02,-1.409040178571428596e-02,-1.116071428571428596e-02,-1.157924107142857192e-02,-3.222656250000000000e-02,-1.534598214285714211e-02,-1.185825892857142808e-02,-2.887834821428571577e-02,-3.013392857142857192e-02,-1.688058035714285615e-02,-1.213727678571428596e-02,-3.376116071428571230e-02,-1.269531250000000000e-02,-1.464843750000000000e-02,-1.409040178571428596e-02,-1.353236607142857192e-02,-1.143973214285714211e-02,-1.367187500000000000e-02,-3.125000000000000000e-02,-1.269531250000000000e-02,-1.185825892857142808e-02,-3.571428571428571230e-02,-3.292410714285714385e-02,-3.292410714285714385e-02,-1.506696428571428596e-02,-1.381138392857142808e-02,-1.506696428571428596e-02,-1.227678571428571404e-02,-3.599330357142856845e-02,-3.376116071428571230e-02,-1.548549107142857192e-02,-3.557477678571428770e-02,-3.111049107142857192e-02,-3.362165178571428770e-02,-3.111049107142857192e-02,-2.985491071428571577e-02,-1.381138392857142808e-02,-3.376116071428571230e-02,-3.125000000000000000e-02,-1.409040178571428596e-02,-1.422991071428571404e-02
6.766183035714286309e-02,6.403459821428571230e-02,8.468191964285713691e-02,8.510044642857142461e-02,8.496093750000000000e-02,6.584821428571428770e-02,8.258928571428571230e-02,8.496093750000000000e-02,6.975446428571428770e-02,6.668526785714286309e-02,8.063616071428571230e-02,8.607700892857142461e-02,6.529017857142857539e-02,8.454241071428571230e-02,8.286830357142857539e-02,8.342633928571428770e-02,8.412388392857142461e-02,8.510044642857142461e-02,8.426339285714286309e-02,6.919642857142857539e-02,8.523995535714286309e-02,8.482142857142857539e-02,6.417410714285713691e-02,6.752232142857142461e-02,6.766183035714286309e-02,8.356584821428571230e-02,8.579799107142857539e-02,8.370535714285713691e-02,8.579799107142857539e-02,6.375558035714286309e-02,6.501116071428571230e-02,8.510044642857142461e-02,6.682477678571428770e-02,6.849888392857142461e-02,6.640625000000000000e-02,6.626674107142857539e-02,7.114955357142857539e-02,8.426339285714286309e-02,6.738281250000000000e-02,6.863839285714286309e-02,8.440290178571428770e-02,8.398437500000000000e-02
1.213727678571428631e-01,1.180245535714285754e-01,1.361607142857142738e-01,1.342075892857142738e-01,1.360212053571428492e-01,1.176060267857142877e-01,1.337890625000000000e-01,1.350446428571428492e-01,1.215122767857142877e-01,1.184430803571428631e-01,1.308593750000000000e-01,1.361607142857142738e-01,1.192801339285714246e-01,1.340680803571428492e-01,1.343470982142857262e-01,1.346261160714285754e-01,1.351841517857142738e-01,1.356026785714285754e-01,1.346261160714285754e-01,1.209542410714285754e-01,1.365792410714285754e-01,1.343470982142857262e-01,1.169084821428571369e-01,1.206752232142857123e-01,1.199776785714285754e-01,1.349051339285714246e-01,1.368582589285714246e-01,1.342075892857142738e-01,1.371372767857142738e-01,1.160714285714285754e-01,1.169084821428571369e-01,1.383928571428571508e-01,1.210937500000000000e-01,1.209542410714285754e-01,1.194196428571428631e-01,1.173270089285714246e-01,1.245814732142857123e-01,1.356026785714285754e-01,1.203962053571428631e-01,1.229073660714285754e-01,1.357421875000000000e-01,1.356026785714285754e-01
6.682477678571428770e-02,6.529017857142857539e-02,7.952008928571428770e-02,8.035714285714286309e-02,8.105468750000000000e-02,6.710379464285713691e-02,7.868303571428571230e-02,7.979910714285713691e-02,6.905691964285713691e-02,6.738281250000000000e-02,7.742745535714286309e-02,8.007812500000000000e-02,6.542968750000000000e-02,7.952008928571428770e-02,7.798549107142857539e-02,7.896205357142857539e-02,7.924107142857142461e-02,8.077566964285713691e-02,8.077566964285713691e-02,6.919642857142857539e-02,8.091517857142857539e-02,8.119419642857142461e-02,6.584821428571428770e-02,6.808035714285713691e-02,6.808035714285713691e-02,7.938058035714286309e-02,8.063616071428571230e-02,7.924107142857142461e-02,8.133370535714286309e-02,6.584821428571428770e-02,6.654575892857142461e-02,7.952008928571428770e-02,6.654575892857142461e-02,6.835937500000000000e-02,6.626674107142857539e-02,6.780133928571428770e-02,6.947544642857142461e-02,7.924107142857142461e-02,6.724330357142857539e-02,6.794084821428571230e-02,7.938058035714286309e-02,7.854352678571428770e-02
-4.227120535714285615e-02,-4.478236607142856845e-02,-2.553013392857142808e-02,-2.301897321428571577e-02,-2.315848214285714385e-02,-4.143415178571428770e-02,-2.650669642857142808e-02,-2.357700892857142808e-02,-3.822544642857143155e-02,-4.031808035714285615e-02,-2.734375000000000000e-02,-2.329799107142857192e-02,-4.268973214285714385e-02,-2.441406250000000000e-02,-2.622767857142857192e-02,-2.343750000000000000e-02,-2.511160714285714385e-02,-2.441406250000000000e-02,-2.441406250000000000e-02,-4.017857142857143155e-02,-2.357700892857142808e-02,-2.385602678571428423e-02,-4.450334821428571230e-02,-4.129464285714285615e-02,-4.199218750000000000e-02,-2.622767857142857192e-02,-2.511160714285714385e-02,-2.580915178571428423e-02,-2.287946428571428423e-02,-4.422433035714285615e-02,-4.255022321428571230e-02,-2.636718750000000000e-02,-4.436383928571428770e-02,-3.989955357142856845e-02,-4.282924107142856845e-02,-3.934151785714285615e-02,-3.906250000000000000e-02,-2.594866071428571577e-02,-4.199218750000000000e-02,-3.976004464285714385e-02,-2.539062500000000000e-02,-2.594866071428571577e-02
5.984933035714285615e-02,5.650111607142856845e-02,7.393973214285713691e-02,7.296316964285713691e-02,7.380022321428571230e-02,5.789620535714285615e-02,7.212611607142857539e-02,7.366071428571428770e-02,6.110491071428571230e-02,5.817522321428571230e-02,7.003348214285713691e-02,7.477678571428571230e-02,5.817522321428571230e-02,7.282366071428571230e-02,7.212611607142857539e-02,7.240513392857142461e-02,7.310267857142857539e-02,7.393973214285713691e-02,7.366071428571428770e-02,6.040736607142856845e-02,7.407924107142857539e-02,7.338169642857142461e-02,5.636160714285714385e-02,5.915178571428571230e-02,6.012834821428571230e-02,7.212611607142857539e-02,7.393973214285713691e-02,7.268415178571428770e-02,7.435825892857142461e-02,5.664062500000000000e-02,5.733816964285714385e-02,7.393973214285713691e-02,5.901227678571428770e-02,5.943080357142856845e-02,5.859375000000000000e-02,5.859375000000000000e-02,6.222098214285714385e-02,7.296316964285713691e-02,5.929129464285714385e-02,6.040736607142856845e-02,7.282366071428571230e-02,7.268415178571428770e-02
1.170479910714285754e-01,1.139787946428571369e-01,1.286272321428571508e-01,1.266741071428571508e-01,1.279296875000000000e-01,1.145368303571428631e-01,1.262555803571428492e-01,1.269531250000000000e-01,1.164899553571428631e-01,1.134207589285714246e-01,1.238839285714285754e-01,1.284877232142857262e-01,1.148158482142857123e-01,1.269531250000000000e-01,1.265345982142857262e-01,1.263950892857142738e-01,1.272321428571428492e-01,1.277901785714285754e-01,1.283482142857142738e-01,1.169084821428571369e-01,1.286272321428571508e-01,1.266741071428571508e-01,1.134207589285714246e-01,1.169084821428571369e-01,1.169084821428571369e-01,1.272321428571428492e-01,1.297433035714285754e-01,1.268136160714285754e-01,1.289062500000000000e-01,1.116071428571428631e-01,1.131417410714285754e-01,1.300223214285714246e-01,1.170479910714285754e-01,1.160714285714285754e-01,1.157924107142857123e-01,1.138392857142857123e-01,1.195591517857142877e-01,1.283482142857142738e-01,1.167689732142857123e-01,1.176060267857142877e-01,1.286272321428571508e-01,1.275111607142857262e-01
6.403459821428571230e-02,6.236049107142856845e-02,7.366071428571428770e-02,7.310267857142857539e-02,7.407924107142857539e-02,6.333705357142857539e-02,7.240513392857142461e-02,7.296316964285713691e-02,6.515066964285713691e-02,6.375558035714286309e-02,7.101004464285713691e-02,7.366071428571428770e-02,6.208147321428571230e-02,7.254464285714286309e-02,7.184709821428571230e-02,7.184709821428571230e-02,7.226562500000000000e-02,7.435825892857142461e-02,7.421875000000000000e-02,6.529017857142857539e-02,7.463727678571428770e-02,7.449776785714286309e-02,6.263950892857142461e-02,6.501116071428571230e-02,6.403459821428571230e-02,7.282366071428571230e-02,7.393973214285713691e-02,7.324218750000000000e-02,7.449776785714286309e-02,6.250000000000000000e-02,6.347656250000000000e-02,7.268415178571428770e-02,6.319754464285713691e-02,6.445312500000000000e-02,6.277901785714286309e-02,6.403459821428571230e-02,6.473214285714286309e-02,7.254464285714286309e-02,6.403459821428571230e-02,6.431361607142857539e-02,7.212611607142857539e-02,7.310267857142857539e-02
-1.128627232142857123e-01,-1.174665178571428631e-01,-1.011439732142857123e-01,-9.751674107142857539e-02,-9.709821428571428770e-02,-1.127232142857142877e-01,-1.025390625000000000e-01,-9.960937500000000000e-02,-1.086774553571428631e-01,-1.111886160714285754e-01,-1.039341517857142877e-01,-9.612165178571428770e-02,-1.131417410714285754e-01,-9.779575892857142461e-02,-1.008649553571428631e-01,-9.807477678571428770e-02,-9.779575892857142461e-02,-1.028180803571428631e-01,-1.023995535714285754e-01,-1.136997767857142877e-01,-1.008649553571428631e-01,-1.028180803571428631e-01,-1.191406250000000000e-01,-1.142578125000000000e-01,-1.145368303571428631e-01,-1.039341517857142877e-01,-9.960937500000000000e-02,-1.028180803571428631e-01,-1.001674107142857123e-01,-1.183035714285714246e-01,-1.160714285714285754e-01,-1.012834821428571369e-01,-1.159319196428571369e-01,-1.120256696428571369e-01,-1.146763392857142877e-01,-1.117466517857142877e-01,-1.079799107142857123e-01,-1.005859375000000000e-01,-1.120256696428571369e-01,-1.106305803571428631e-01,-9.891183035714286309e-02,-1.005859375000000000e-01
-7.031250000000000000e-02,-7.380022321428571230e-02,-5.831473214285714385e-02,-5.873325892857143155e-02,-5.719866071428571230e-02,-7.114955357142857539e-02,-6.054687500000000000e-02,-5.775669642857143155e-02,-6.626674107142857539e-02,-6.905691964285713691e-02,-6.389508928571428770e-02,-5.510602678571428770e-02,-7.003348214285713691e-02,-5.705915178571428770e-02,-5.943080357142856845e-02,-5.789620535714285615e-02,-5.691964285714285615e-02,-6.180245535714285615e-02,-6.096540178571428770e-02,-7.045200892857142461e-02,-5.901227678571428770e-02,-6.152343750000000000e-02,-7.561383928571428770e-02,-7.101004464285713691e-02,-7.045200892857142461e-02,-6.277901785714286309e-02,-5.803571428571428770e-02,-6.152343750000000000e-02,-5.803571428571428770e-02,-7.547433035714286309e-02,-7.310267857142857539e-02,-5.873325892857143155e-02,-7.142857142857142461e-02,-6.947544642857142461e-02,-7.170758928571428770e-02,-7.017299107142857539e-02,-6.487165178571428770e-02,-5.845424107142856845e-02,-6.849888392857142461e-02,-6.640625000000000000e-02,-5.761718750000000000e-02,-5.845424107142856845e-02
-7.952008928571428076e-03,-1.157924107142857192e-02,1.116071428571428509e-03,-5.580357142857142547e-04,5.580357142857142547e-04,-9.905133928571428076e-03,-1.255580357142857236e-03,-5.580357142857142547e-04,-6.138392857142857019e-03,-1.060267857142857192e-02,-5.301339285714285962e-03,3.069196428571428509e-03,-8.370535714285714038e-03,9.765625000000000000e-04,1.395089285714285637e-04,0.000000000000000000e+00,2.511160714285714472e-03,-2.929687500000000000e-03,-1.395089285714285745e-03,-9.068080357142857886e-03,-1.395089285714285637e-04,-2.092633928571428509e-03,-1.422991071428571404e-02,-9.207589285714285962e-03,-8.231026785714285962e-03,-1.813616071428571491e-03,1.813616071428571491e-03,-2.232142857142857019e-03,6.975446428571428726e-04,-1.395089285714285789e-02,-1.130022321428571404e-02,2.790178571428571491e-03,-7.952008928571428076e-03,-8.510044642857142114e-03,-9.347098214285714038e-03,-9.765625000000000000e-03,-3.766741071428571491e-03,5.580357142857142547e-04,-6.975446428571428943e-03,-5.580357142857142981e-03,2.232142857142857019e-03,-4.185267857142856911e-04
-4.255022321428571230e-02,-4.408482142857143155e-02,-3.543526785714285615e-02,-3.445870535714285615e-02,-3.334263392857143155e-02,-4.171316964285714385e-02,-3.669084821428571230e-02,-3.529575892857143155e-02,-3.934151785714285615e-02,-4.101562500000000000e-02,-3.878348214285714385e-02,-3.404017857142856845e-02,-4.213169642857143155e-02,-3.473772321428571230e-02,-3.641183035714285615e-02,-3.487723214285714385e-02,-3.529575892857143155e-02,-3.641183035714285615e-02,-3.599330357142856845e-02,-4.115513392857143155e-02,-3.487723214285714385e-02,-3.655133928571428770e-02,-4.408482142857143155e-02,-4.171316964285714385e-02,-4.241071428571428770e-02,-3.710937500000000000e-02,-3.543526785714285615e-02,-3.669084821428571230e-02,-3.543526785714285615e-02,-4.436383928571428770e-02,-4.310825892857143155e-02,-3.613281250000000000e-02,-4.352678571428571230e-02,-4.143415178571428770e-02,-4.296875000000000000e-02,-4.115513392857143155e-02,-3.906250000000000000e-02,-3.571428571428571230e-02,-4.171316964285714385e-02,-4.031808035714285615e-02,-3.543526785714285615e-02,-3.557477678571428770e-02
-1.682477678571428492e-01,-1.717354910714285754e-01,-1.593191964285714246e-01,-1.549944196428571508e-01,-1.558314732142857262e-01,-1.672712053571428492e-01,-1.598772321428571508e-01,-1.569475446428571508e-01,-1.640625000000000000e-01,-1.665736607142857262e-01,-1.591796875000000000e-01,-1.555524553571428492e-01,-1.672712053571428492e-01,-1.558314732142857262e-01,-1.591796875000000000e-01,-1.563895089285714246e-01,-1.558314732142857262e-01,-1.611328125000000000e-01,-1.604352678571428492e-01,-1.686662946428571508e-01,-1.580636160714285754e-01,-1.597377232142857262e-01,-1.720145089285714246e-01,-1.699218750000000000e-01,-1.693638392857142738e-01,-1.604352678571428492e-01,-1.584821428571428492e-01,-1.602957589285714246e-01,-1.597377232142857262e-01,-1.714564732142857262e-01,-1.699218750000000000e-01,-1.587611607142857262e-01,-1.704799107142857262e-01,-1.671316964285714246e-01,-1.692243303571428492e-01,-1.678292410714285754e-01,-1.647600446428571508e-01,-1.589006696428571508e-01,-1.683872767857142738e-01,-1.660156250000000000e-01,-1.579241071428571508e-01,-1.580636160714285754e-01
-8.035714285714286309e-02,-8.203125000000000000e-02,-7.212611607142857539e-02,-7.087053571428571230e-02,-7.045200892857142461e-02,-8.021763392857142461e-02,-7.268415178571428770e-02,-7.170758928571428770e-02,-7.784598214285713691e-02,-7.910156250000000000e-02,-7.435825892857142461e-02,-6.919642857142857539e-02,-7.882254464285713691e-02,-7.017299107142857539e-02,-7.170758928571428770e-02,-7.170758928571428770e-02,-7.017299107142857539e-02,-7.519531250000000000e-02,-7.296316964285713691e-02,-8.063616071428571230e-02,-7.282366071428571230e-02,-7.407924107142857539e-02,-8.356584821428571230e-02,-8.119419642857142461e-02,-8.077566964285713691e-02,-7.380022321428571230e-02,-7.128906250000000000e-02,-7.296316964285713691e-02,-7.240513392857142461e-02,-8.272879464285713691e-02,-8.133370535714286309e-02,-7.156808035714286309e-02,-8.091517857142857539e-02,-7.896205357142857539e-02,-8.077566964285713691e-02,-7.965959821428571230e-02,-7.659040178571428770e-02,-7.142857142857142461e-02,-7.938058035714286309e-02,-7.700892857142857539e-02,-7.059151785714286309e-02,-7.170758928571428770e-02
-1.715959821428571577e-02,-1.939174107142857192e-02,-1.143973214285714211e-02,-1.311383928571428596e-02,-1.255580357142857192e-02,-1.869419642857142808e-02,-1.241629464285714211e-02,-1.283482142857142808e-02,-1.688058035714285615e-02,-1.939174107142857192e-02,-1.492745535714285789e-02,-9.068080357142857886e-03,-1.729910714285714385e-02,-1.060267857142857192e-02,-1.157924107142857192e-02,-1.185825892857142808e-02,-9.765625000000000000e-03,-1.506696428571428596e-02,-1.171875000000000000e-02,-1.897321428571428423e-02,-1.241629464285714211e-02,-1.339285714285714211e-02,-2.204241071428571577e-02,-1.869419642857142808e-02,-1.771763392857142808e-02,-1.297433035714285789e-02,-1.032366071428571404e-02,-1.297433035714285789e-02,-1.185825892857142808e-02,-2.190290178571428423e-02,-1.994977678571428423e-02,-9.068080357142857886e-03,-1.702008928571428423e-02,-1.785714285714285615e-02,-1.743861607142857192e-02,-1.911272321428571577e-02,-1.436941964285714211e-02,-1.143973214285714211e-02,-1.743861607142857192e-02,-1.576450892857142808e-02,-9.207589285714285962e-03,-1.241629464285714211e-02
-4.882812500000000000e-02,-5.008370535714285615e-02,-4.422433035714285615e-02,-4.338727678571428770e-02,-4.338727678571428770e-02,-4.785156250000000000e-02,-4.492187500000000000e-02,-4.380580357142856845e-02,-4.701450892857143155e-02,-4.799107142857143155e-02,-4.561941964285714385e-02,-4.366629464285714385e-02,-4.827008928571428770e-02,-4.282924107142856845e-02,-4.492187500000000000e-02,-4.394531250000000000e-02,-4.394531250000000000e-02,-4.561941964285714385e-02,-4.478236607142856845e-02,-4.924665178571428770e-02,-4.436383928571428770e-02,-4.506138392857143155e-02,-4.966517857142856845e-02,-4.896763392857143155e-02,-4.840959821428571230e-02,-4.506138392857143155e-02,-4.408482142857143155e-02,-4.492187500000000000e-02,-4.408482142857143155e-02,-4.994419642857143155e-02,-4.938616071428571230e-02,-4.478236607142856845e-02,-4.980468750000000000e-02,-4.854910714285714385e-02,-4.924665178571428770e-02,-4.799107142857143155e-02,-4.701450892857143155e-02,-4.492187500000000000e-02,-4.882812500000000000e-02,-4.785156250000000000e-02,-4.408482142857143155e-02,-4.450334821428571230e-02
-1.914062500000000000e-01,-1.922433035714285754e-01,-1.761997767857142738e-01,-1.738281250000000000e-01,-1.745256696428571508e-01,-1.887555803571428492e-01,-1.764787946428571508e-01,-1.743861607142857262e-01,-1.858258928571428492e-01,-1.869419642857142738e-01,-1.739676339285714246e-01,-1.735491071428571508e-01,-1.887555803571428492e-01,-1.727120535714285754e-01,-1.767578125000000000e-01,-1.741071428571428492e-01,-1.742466517857142738e-01,-1.792689732142857262e-01,-1.784319196428571508e-01,-1.916852678571428492e-01,-1.768973214285714246e-01,-1.789899553571428492e-01,-1.934988839285714246e-01,-1.912667410714285754e-01,-1.916852678571428492e-01,-1.781529017857142738e-01,-1.781529017857142738e-01,-1.778738839285714246e-01,-1.780133928571428492e-01,-1.921037946428571508e-01,-1.914062500000000000e-01,-1.771763392857142738e-01,-1.928013392857142738e-01,-1.893136160714285754e-01,-1.908482142857142738e-01,-1.888950892857142738e-01,-1.877790178571428492e-01,-1.761997767857142738e-01,-1.900111607142857262e-01,-1.879185267857142738e-01,-1.752232142857142738e-01,-1.753627232142857262e-01
-1.029575892857142877e-01,-1.046316964285714246e-01,-9.068080357142857539e-02,-9.040178571428571230e-02,-9.082031250000000000e-02,-1.028180803571428631e-01,-9.207589285714286309e-02,-9.040178571428571230e-02,-1.000279017857142877e-01,-1.025390625000000000e-01,-9.207589285714286309e-02,-8.942522321428571230e-02,-1.015625000000000000e-01,-8.886718750000000000e-02,-9.123883928571428770e-02,-9.040178571428571230e-02,-8.942522321428571230e-02,-9.333147321428571230e-02,-9.207589285714286309e-02,-1.046316964285714246e-01,-9.221540178571428770e-02,-9.388950892857142461e-02,-1.074218750000000000e-01,-1.030970982142857123e-01,-1.042131696428571369e-01,-9.291294642857142461e-02,-9.151785714285713691e-02,-9.123883928571428770e-02,-9.207589285714286309e-02,-1.064453125000000000e-01,-1.042131696428571369e-01,-9.193638392857142461e-02,-1.043526785714285754e-01,-1.025390625000000000e-01,-1.029575892857142877e-01,-1.025390625000000000e-01,-1.001674107142857123e-01,-9.137834821428571230e-02,-1.023995535714285754e-01,-1.001674107142857123e-01,-8.928571428571428770e-02,-9.082031250000000000e-02
-3.487723214285714385e-02,-3.627232142857143155e-02,-2.427455357142857192e-02,-2.762276785714285615e-02,-2.720424107142857192e-02,-3.669084821428571230e-02,-2.622767857142857192e-02,-2.539062500000000000e-02,-3.431919642857143155e-02,-3.613281250000000000e-02,-2.748325892857142808e-02,-2.385602678571428423e-02,-3.404017857142856845e-02,-2.399553571428571577e-02,-2.622767857142857192e-02,-2.566964285714285615e-02,-2.357700892857142808e-02,-2.804129464285714385e-02,-2.594866071428571577e-02,-3.641183035714285615e-02,-2.720424107142857192e-02,-2.762276785714285615e-02,-3.934151785714285615e-02,-3.599330357142856845e-02,-3.529575892857143155e-02,-2.664620535714285615e-02,-2.511160714285714385e-02,-2.664620535714285615e-02,-2.664620535714285615e-02,-3.836495535714285615e-02,-3.683035714285714385e-02,-2.371651785714285615e-02,-3.445870535714285615e-02,-3.543526785714285615e-02,-3.459821428571428770e-02,-3.585379464285714385e-02,-3.236607142857143155e-02,-2.594866071428571577e-02,-3.473772321428571230e-02,-3.152901785714285615e-02,-2.273995535714285615e-02,-2.525111607142857192e-02
-5.998883928571428770e-02,-6.124441964285714385e-02,-5.385044642857143155e-02,-5.273437500000000000e-02,-5.273437500000000000e-02,-5.943080357142856845e-02,-5.398995535714285615e-02,-5.301339285714285615e-02,-5.817522321428571230e-02,-5.970982142857143155e-02,-5.371093750000000000e-02,-5.315290178571428770e-02,-5.970982142857143155e-02,-5.245535714285714385e-02,-5.454799107142856845e-02,-5.301339285714285615e-02,-5.301339285714285615e-02,-5.468750000000000000e-02,-5.357142857142856845e-02,-6.040736607142856845e-02,-5.357142857142856845e-02,-5.412946428571428770e-02,-6.040736607142856845e-02,-5.984933035714285615e-02,-6.012834821428571230e-02,-5.412946428571428770e-02,-5.412946428571428770e-02,-5.329241071428571230e-02,-5.412946428571428770e-02,-6.054687500000000000e-02,-5.998883928571428770e-02,-5.385044642857143155e-02,-6.110491071428571230e-02,-5.984933035714285615e-02,-6.012834821428571230e-02,-5.929129464285714385e-02,-5.901227678571428770e-02,-5.426897321428571230e-02,-5.984933035714285615e-02,-5.887276785714285615e-02,-5.343191964285714385e-02,-5.385044642857143155e-02
-2.317243303571428492e-01,-2.325613839285714246e-01,-2.343750000000000000e-01,-2.327008928571428492e-01,-2.318638392857142738e-01,-2.292131696428571508e-01,-2.361886160714285754e-01,-2.317243303571428492e-01,-2.265625000000000000e-01,-2.276785714285714246e-01,-2.361886160714285754e-01,-2.301897321428571508e-01,-2.289341517857142738e-01,-2.313058035714285754e-01,-2.350725446428571508e-01,-2.324218750000000000e-01,-2.324218750000000000e-01,-2.374441964285714246e-01,-2.384207589285714246e-01,-2.320033482142857262e-01,-2.352120535714285754e-01,-2.374441964285714246e-01,-2.328404017857142738e-01,-2.318638392857142738e-01,-2.328404017857142738e-01,-2.381417410714285754e-01,-2.364676339285714246e-01,-2.363281250000000000e-01,-2.350725446428571508e-01,-2.317243303571428492e-01,-2.301897321428571508e-01,-2.371651785714285754e-01,-2.329799107142857262e-01,-2.297712053571428492e-01,-2.311662946428571508e-01,-2.290736607142857262e-01,-2.290736607142857262e-01,-2.346540178571428492e-01,-2.292131696428571508e-01,-2.275390625000000000e-01,-2.339564732142857262e-01,-2.336774553571428492e-01
-9.416852678571428770e-02,-9.667968750000000000e-02,-1.011439732142857123e-01,-9.988839285714286309e-02,-9.974888392857142461e-02,-9.444754464285713691e-02,-1.025390625000000000e-01,-1.001674107142857123e-01,-9.249441964285713691e-02,-9.514508928571428770e-02,-1.033761160714285754e-01,-9.877232142857142461e-02,-9.402901785714286309e-02,-9.919084821428571230e-02,-1.012834821428571369e-01,-9.988839285714286309e-02,-9.946986607142857539e-02,-1.022600446428571369e-01,-1.026785714285714246e-01,-9.500558035714286309e-02,-1.003069196428571369e-01,-1.025390625000000000e-01,-9.793526785714286309e-02,-9.486607142857142461e-02,-9.500558035714286309e-02,-1.026785714285714246e-01,-1.001674107142857123e-01,-1.018415178571428631e-01,-1.012834821428571369e-01,-9.654017857142857539e-02,-9.598214285714286309e-02,-1.008649553571428631e-01,-9.570312500000000000e-02,-9.458705357142857539e-02,-9.416852678571428770e-02,-9.444754464285713691e-02,-9.319196428571428770e-02,-1.004464285714285754e-01,-9.402901785714286309e-02,-9.249441964285713691e-02,-9.877232142857142461e-02,-1.010044642857142877e-01
-1.590401785714285615e-02,-1.757812500000000000e-02,-2.064732142857142808e-02,-2.287946428571428423e-02,-2.273995535714285615e-02,-1.827566964285714385e-02,-2.329799107142857192e-02,-2.092633928571428423e-02,-1.688058035714285615e-02,-1.813616071428571577e-02,-2.566964285714285615e-02,-1.967075892857142808e-02,-1.562500000000000000e-02,-2.022879464285714385e-02,-2.190290178571428423e-02,-2.260044642857142808e-02,-2.022879464285714385e-02,-2.357700892857142808e-02,-2.218191964285714385e-02,-1.632254464285714385e-02,-2.260044642857142808e-02,-2.301897321428571577e-02,-2.036830357142857192e-02,-1.660156250000000000e-02,-1.646205357142857192e-02,-2.329799107142857192e-02,-2.092633928571428423e-02,-2.273995535714285615e-02,-2.092633928571428423e-02,-1.967075892857142808e-02,-1.841517857142857192e-02,-2.050781250000000000e-02,-1.590401785714285615e-02,-1.702008928571428423e-02,-1.576450892857142808e-02,-1.743861607142857192e-02,-1.450892857142857192e-02,-2.092633928571428423e-02,-1.562500000000000000e-02,-1.409040178571428596e-02,-1.953125000000000000e-02,-2.176339285714285615e-02
-3.557477678571428770e-02,-3.641183035714285615e-02,-4.017857142857143155e-02,-3.962053571428571230e-02,-3.989955357142856845e-02,-3.487723214285714385e-02,-4.115513392857143155e-02,-4.003906250000000000e-02,-3.501674107142856845e-02,-3.515625000000000000e-02,-4.157366071428571230e-02,-3.976004464285714385e-02,-3.669084821428571230e-02,-4.017857142857143155e-02,-4.171316964285714385e-02,-4.101562500000000000e-02,-4.073660714285714385e-02,-4.017857142857143155e-02,-4.129464285714285615e-02,-3.571428571428571230e-02,-3.976004464285714385e-02,-4.115513392857143155e-02,-3.585379464285714385e-02,-3.571428571428571230e-02,-3.627232142857143155e-02,-4.101562500000000000e-02,-4.003906250000000000e-02,-4.017857142857143155e-02,-4.073660714285714385e-02,-3.627232142857143155e-02,-3.641183035714285615e-02,-4.073660714285714385e-02,-3.683035714285714385e-02,-3.641183035714285615e-02,-3.627232142857143155e-02,-3.599330357142856845e-02,-3.557477678571428770e-02,-4.101562500000000000e-02,-3.627232142857143155e-02,-3.529575892857143155e-02,-4.045758928571428770e-02,-4.087611607142856845e-02
-1.340680803571428492e-01,-1.350446428571428492e-01,-1.374162946428571508e-01,-1.343470982142857262e-01,-1.339285714285714246e-01,-1.308593750000000000e-01,-1.379743303571428492e-01,-1.347656250000000000e-01,-1.297433035714285754e-01,-1.301618303571428492e-01,-1.403459821428571508e-01,-1.335100446428571508e-01,-1.332310267857142738e-01,-1.349051339285714246e-01,-1.376953125000000000e-01,-1.350446428571428492e-01,-1.365792410714285754e-01,-1.367187500000000000e-01,-1.381138392857142738e-01,-1.329520089285714246e-01,-1.354631696428571508e-01,-1.375558035714285754e-01,-1.339285714285714246e-01,-1.325334821428571508e-01,-1.336495535714285754e-01,-1.397879464285714246e-01,-1.372767857142857262e-01,-1.385323660714285754e-01,-1.354631696428571508e-01,-1.336495535714285754e-01,-1.323939732142857262e-01,-1.397879464285714246e-01,-1.349051339285714246e-01,-1.316964285714285754e-01,-1.336495535714285754e-01,-1.314174107142857262e-01,-1.319754464285714246e-01,-1.367187500000000000e-01,-1.315569196428571508e-01,-1.307198660714285754e-01,-1.376953125000000000e-01,-1.363002232142857262e-01
-1.213727678571428596e-02,-1.367187500000000000e-02,-1.646205357142857192e-02,-1.562500000000000000e-02,-1.548549107142857192e-02,-1.227678571428571404e-02,-1.688058035714285615e-02,-1.604352678571428423e-02,-1.088169642857142808e-02,-1.311383928571428596e-02,-1.939174107142857192e-02,-1.436941964285714211e-02,-1.241629464285714211e-02,-1.590401785714285615e-02,-1.660156250000000000e-02,-1.604352678571428423e-02,-1.576450892857142808e-02,-1.604352678571428423e-02,-1.590401785714285615e-02,-1.088169642857142808e-02,-1.520647321428571404e-02,-1.562500000000000000e-02,-1.353236607142857192e-02,-1.255580357142857192e-02,-1.157924107142857192e-02,-1.757812500000000000e-02,-1.520647321428571404e-02,-1.660156250000000000e-02,-1.450892857142857192e-02,-1.450892857142857192e-02,-1.325334821428571404e-02,-1.618303571428571577e-02,-1.255580357142857192e-02,-1.199776785714285789e-02,-1.269531250000000000e-02,-1.269531250000000000e-02,-1.074218750000000000e-02,-1.520647321428571404e-02,-1.157924107142857192e-02,-1.157924107142857192e-02,-1.729910714285714385e-02,-1.632254464285714385e-02
5.775669642857143155e-02,5.678013392857143155e-02,5.385044642857143155e-02,5.175781250000000000e-02,5.287388392857143155e-02,5.594308035714285615e-02,5.315290178571428770e-02,5.315290178571428770e-02,5.650111607142856845e-02,5.454799107142856845e-02,4.896763392857143155e-02,5.524553571428571230e-02,5.747767857142856845e-02,5.273437500000000000e-02,5.315290178571428770e-02,5.217633928571428770e-02,5.398995535714285615e-02,5.315290178571428770e-02,5.468750000000000000e-02,5.803571428571428770e-02,5.412946428571428770e-02,5.426897321428571230e-02,5.440848214285714385e-02,5.761718750000000000e-02,5.901227678571428770e-02,5.245535714285714385e-02,5.482700892857143155e-02,5.273437500000000000e-02,5.510602678571428770e-02,5.426897321428571230e-02,5.552455357142856845e-02,5.524553571428571230e-02,5.775669642857143155e-02,5.719866071428571230e-02,5.705915178571428770e-02,5.566406250000000000e-02,5.887276785714285615e-02,5.385044642857143155e-02,5.747767857142856845e-02,5.845424107142856845e-02,5.426897321428571230e-02,5.245535714285714385e-02
1.994977678571428423e-02,1.911272321428571577e-02,1.618303571428571577e-02,1.743861607142857192e-02,1.771763392857142808e-02,2.064732142857142808e-02,1.604352678571428423e-02,1.729910714285714385e-02,2.050781250000000000e-02,2.022879464285714385e-02,1.506696428571428596e-02,1.813616071428571577e-02,1.911272321428571577e-02,1.674107142857142808e-02,1.562500000000000000e-02,1.674107142857142808e-02,1.604352678571428423e-02,1.785714285714285615e-02,1.799665178571428423e-02,2.148437500000000000e-02,1.841517857142857192e-02,1.729910714285714385e-02,2.092633928571428423e-02,2.120535714285714385e-02,2.022879464285714385e-02,1.660156250000000000e-02,1.771763392857142808e-02,1.646205357142857192e-02,1.799665178571428423e-02,1.994977678571428423e-02,2.022879464285714385e-02,1.660156250000000000e-02,1.953125000000000000e-02,2.008928571428571577e-02,1.883370535714285615e-02,2.022879464285714385e-02,1.967075892857142808e-02,1.688058035714285615e-02,2.064732142857142808e-02,2.064732142857142808e-02,1.576450892857142808e-02,1.674107142857142808e-02
-1.017020089285714246e-01,-1.043526785714285754e-01,-1.056082589285714246e-01,-1.033761160714285754e-01,-1.022600446428571369e-01,-1.012834821428571369e-01,-1.061662946428571369e-01,-1.026785714285714246e-01,-9.863281250000000000e-02,-9.988839285714286309e-02,-1.078404017857142877e-01,-1.018415178571428631e-01,-1.017020089285714246e-01,-1.030970982142857123e-01,-1.063058035714285754e-01,-1.037946428571428631e-01,-1.053292410714285754e-01,-1.050502232142857123e-01,-1.054687500000000000e-01,-1.018415178571428631e-01,-1.026785714285714246e-01,-1.063058035714285754e-01,-1.026785714285714246e-01,-1.018415178571428631e-01,-1.032366071428571369e-01,-1.074218750000000000e-01,-1.046316964285714246e-01,-1.067243303571428631e-01,-1.043526785714285754e-01,-1.030970982142857123e-01,-1.017020089285714246e-01,-1.068638392857142877e-01,-1.046316964285714246e-01,-9.988839285714286309e-02,-1.029575892857142877e-01,-9.960937500000000000e-02,-1.005859375000000000e-01,-1.051897321428571369e-01,-1.014229910714285754e-01,-9.988839285714286309e-02,-1.043526785714285754e-01,-1.046316964285714246e-01
1.213727678571428596e-02,8.928571428571428076e-03,8.649553571428571924e-03,8.370535714285714038e-03,8.649553571428571924e-03,1.102120535714285789e-02,6.975446428571428943e-03,8.231026785714285962e-03,1.283482142857142808e-02,1.102120535714285789e-02,5.301339285714285962e-03,1.018415178571428596e-02,1.074218750000000000e-02,9.207589285714285962e-03,6.975446428571428943e-03,7.533482142857142981e-03,8.510044642857142114e-03,8.510044642857142114e-03,8.928571428571428076e-03,1.297433035714285789e-02,1.018415178571428596e-02,8.370535714285714038e-03,9.207589285714285962e-03,1.171875000000000000e-02,1.171875000000000000e-02,6.556919642857142981e-03,8.789062500000000000e-03,7.533482142857142981e-03,9.068080357142857886e-03,8.789062500000000000e-03,1.032366071428571404e-02,8.789062500000000000e-03,1.130022321428571404e-02,1.199776785714285789e-02,1.088169642857142808e-02,1.116071428571428596e-02,1.297433035714285789e-02,8.370535714285714038e-03,1.213727678571428596e-02,1.269531250000000000e-02,8.928571428571428076e-03,8.231026785714285962e-03
7.589285714285713691e-02,7.435825892857142461e-02,7.268415178571428770e-02,7.128906250000000000e-02,7.170758928571428770e-02,7.380022321428571230e-02,7.128906250000000000e-02,7.128906250000000000e-02,7.477678571428571230e-02,7.268415178571428770e-02,6.808035714285713691e-02,7.393973214285713691e-02,7.505580357142857539e-02,7.268415178571428770e-02,7.101004464285713691e-02,7.087053571428571230e-02,7.282366071428571230e-02,7.240513392857142461e-02,7.366071428571428770e-02,7.672991071428571230e-02,7.310267857142857539e-02,7.366071428571428770e-02,7.268415178571428770e-02,7.672991071428571230e-02,7.672991071428571230e-02,7.156808035714286309e-02,7.449776785714286309e-02,7.212611607142857539e-02,7.338169642857142461e-02,7.226562500000000000e-02,7.352120535714286309e-02,7.407924107142857539e-02,7.575334821428571230e-02,7.477678571428571230e-02,7.617187500000000000e-02,7.352120535714286309e-02,7.728794642857142461e-02,7.310267857142857539e-02,7.519531250000000000e-02,7.659040178571428770e-02,7.393973214285713691e-02,7.087053571428571230e-02
3.445870535714285615e-02,3.264508928571428770e-02,3.152901785714285615e-02,3.236607142857143155e-02,3.222656250000000000e-02,3.404017857142856845e-02,3.069196428571428423e-02,3.194754464285714385e-02,3.515625000000000000e-02,3.390066964285714385e-02,2.943638392857142808e-02,3.166852678571428770e-02,3.292410714285714385e-02,3.250558035714285615e-02,3.041294642857142808e-02,3.097098214285714385e-02,3.055245535714285615e-02,3.292410714285714385e-02,3.250558035714285615e-02,3.501674107142856845e-02,3.334263392857143155e-02,3.208705357142856845e-02,3.445870535714285615e-02,3.473772321428571230e-02,3.431919642857143155e-02,3.083147321428571577e-02,3.264508928571428770e-02,3.111049107142857192e-02,3.194754464285714385e-02,3.348214285714285615e-02,3.404017857142856845e-02,3.111049107142857192e-02,3.348214285714285615e-02,3.459821428571428770e-02,3.348214285714285615e-02,3.459821428571428770e-02,3.431919642857143155e-02,3.138950892857143155e-02,3.417968750000000000e-02,3.501674107142856845e-02,3.138950892857143155e-02,3.166852678571428770e-02
-4.408482142857143155e-02,-4.575892857142856845e-02,-4.715401785714285615e-02,-4.450334821428571230e-02,-4.464285714285714385e-02,-4.366629464285714385e-02,-4.757254464285714385e-02,-4.520089285714285615e-02,-4.255022321428571230e-02,-4.282924107142856845e-02,-4.882812500000000000e-02,-4.520089285714285615e-02,-4.506138392857143155e-02,-4.492187500000000000e-02,-4.799107142857143155e-02,-4.464285714285714385e-02,-4.687500000000000000e-02,-4.547991071428571230e-02,-4.617745535714285615e-02,-4.366629464285714385e-02,-4.408482142857143155e-02,-4.631696428571428770e-02,-4.450334821428571230e-02,-4.422433035714285615e-02,-4.450334821428571230e-02,-4.771205357142856845e-02,-4.589843750000000000e-02,-4.785156250000000000e-02,-4.631696428571428770e-02,-4.408482142857143155e-02,-4.352678571428571230e-02,-4.771205357142856845e-02,-4.673549107142856845e-02,-4.310825892857143155e-02,-4.561941964285714385e-02,-4.213169642857143155e-02,-4.324776785714285615e-02,-4.687500000000000000e-02,-4.394531250000000000e-02,-4.366629464285714385e-02,-4.617745535714285615e-02,-4.673549107142856845e-02
6.319754464285713691e-02,6.222098214285714385e-02,6.180245535714285615e-02,6.096540178571428770e-02,6.166294642857143155e-02,6.277901785714286309e-02,5.998883928571428770e-02,6.068638392857143155e-02,6.347656250000000000e-02,6.263950892857142461e-02,5.733816964285714385e-02,6.236049107142856845e-02,6.319754464285713691e-02,6.138392857142856845e-02,5.998883928571428770e-02,5.970982142857143155e-02,6.012834821428571230e-02,6.208147321428571230e-02,6.236049107142856845e-02,6.487165178571428770e-02,6.250000000000000000e-02,6.166294642857143155e-02,6.305803571428571230e-02,6.361607142857142461e-02,6.417410714285713691e-02,6.068638392857143155e-02,6.222098214285714385e-02,6.012834821428571230e-02,6.236049107142856845e-02,6.222098214285714385e-02,6.250000000000000000e-02,6.096540178571428770e-02,6.333705357142857539e-02,6.445312500000000000e-02,6.305803571428571230e-02,6.250000000000000000e-02,6.445312500000000000e-02,6.096540178571428770e-02,6.347656250000000000e-02,6.445312500000000000e-02,6.110491071428571230e-02,6.054687500000000000e-02
1.191406250000000000e-01,1.181640625000000000e-01,1.164899553571428631e-01,1.146763392857142877e-01,1.160714285714285754e-01,1.178850446428571369e-01,1.155133928571428631e-01,1.153738839285714246e-01,1.194196428571428631e-01,1.160714285714285754e-01,1.121651785714285754e-01,1.173270089285714246e-01,1.184430803571428631e-01,1.162109375000000000e-01,1.145368303571428631e-01,1.149553571428571369e-01,1.159319196428571369e-01,1.171875000000000000e-01,1.171875000000000000e-01,1.205357142857142877e-01,1.170479910714285754e-01,1.180245535714285754e-01,1.162109375000000000e-01,1.195591517857142877e-01,1.203962053571428631e-01,1.166294642857142877e-01,1.177455357142857123e-01,1.163504464285714246e-01,1.176060267857142877e-01,1.164899553571428631e-01,1.169084821428571369e-01,1.184430803571428631e-01,1.201171875000000000e-01,1.191406250000000000e-01,1.196986607142857123e-01,1.166294642857142877e-01,1.206752232142857123e-01,1.164899553571428631e-01,1.187220982142857123e-01,1.190011160714285754e-01,1.170479910714285754e-01,1.157924107142857123e-01
6.766183035714286309e-02,6.682477678571428770e-02,6.556919642857142461e-02,6.556919642857142461e-02,6.640625000000000000e-02,6.780133928571428770e-02,6.487165178571428770e-02,6.598772321428571230e-02,6.794084821428571230e-02,6.766183035714286309e-02,6.333705357142857539e-02,6.542968750000000000e-02,6.640625000000000000e-02,6.542968750000000000e-02,6.445312500000000000e-02,6.542968750000000000e-02,6.375558035714286309e-02,6.710379464285713691e-02,6.710379464285713691e-02,6.835937500000000000e-02,6.738281250000000000e-02,6.626674107142857539e-02,6.794084821428571230e-02,6.835937500000000000e-02,6.808035714285713691e-02,6.529017857142857539e-02,6.654575892857142461e-02,6.473214285714286309e-02,6.668526785714286309e-02,6.794084821428571230e-02,6.808035714285713691e-02,6.501116071428571230e-02,6.738281250000000000e-02,6.877790178571428770e-02,6.682477678571428770e-02,6.794084821428571230e-02,6.808035714285713691e-02,6.556919642857142461e-02,6.752232142857142461e-02,6.738281250000000000e-02,6.473214285714286309e-02,6.529017857142857539e-02
-3.055245535714285615e-02,-3.278459821428571230e-02,-3.292410714285714385e-02,-3.027343750000000000e-02,-2.999441964285714385e-02,-3.055245535714285615e-02,-3.376116071428571230e-02,-3.166852678571428770e-02,-2.901785714285714385e-02,-2.943638392857142808e-02,-3.501674107142856845e-02,-3.152901785714285615e-02,-3.152901785714285615e-02,-3.125000000000000000e-02,-3.445870535714285615e-02,-3.083147321428571577e-02,-3.250558035714285615e-02,-3.180803571428571230e-02,-3.264508928571428770e-02,-2.985491071428571577e-02,-3.027343750000000000e-02,-3.306361607142856845e-02,-3.069196428571428423e-02,-3.041294642857142808e-02,-3.138950892857143155e-02,-3.306361607142856845e-02,-3.152901785714285615e-02,-3.487723214285714385e-02,-3.194754464285714385e-02,-3.083147321428571577e-02,-3.041294642857142808e-02,-3.334263392857143155e-02,-3.264508928571428770e-02,-2.943638392857142808e-02,-3.278459821428571230e-02,-2.957589285714285615e-02,-2.999441964285714385e-02,-3.208705357142856845e-02,-3.055245535714285615e-02,-2.957589285714285615e-02,-3.390066964285714385e-02,-3.362165178571428770e-02
7.170758928571428770e-02,6.975446428571428770e-02,6.947544642857142461e-02,6.961495535714286309e-02,6.975446428571428770e-02,7.017299107142857539e-02,6.877790178571428770e-02,6.947544642857142461e-02,7.128906250000000000e-02,7.031250000000000000e-02,6.501116071428571230e-02,6.989397321428571230e-02,7.059151785714286309e-02,6.933593750000000000e-02,6.752232142857142461e-02,6.849888392857142461e-02,6.891741071428571230e-02,6.947544642857142461e-02,7.017299107142857539e-02,7.226562500000000000e-02,7.045200892857142461e-02,6.989397321428571230e-02,6.989397321428571230e-02,7.170758928571428770e-02,7.142857142857142461e-02,6.835937500000000000e-02,7.114955357142857539e-02,6.766183035714286309e-02,6.989397321428571230e-02,6.961495535714286309e-02,6.989397321428571230e-02,6.933593750000000000e-02,7.073102678571428770e-02,7.212611607142857539e-02,7.031250000000000000e-02,7.101004464285713691e-02,7.282366071428571230e-02,6.919642857142857539e-02,7.087053571428571230e-02,7.198660714285713691e-02,6.863839285714286309e-02,6.821986607142857539e-02
1.243024553571428631e-01,1.238839285714285754e-01,1.230468750000000000e-01,1.215122767857142877e-01,1.230468750000000000e-01,1.237444196428571369e-01,1.219308035714285754e-01,1.216517857142857123e-01,1.237444196428571369e-01,1.220703125000000000e-01,1.184430803571428631e-01,1.234654017857142877e-01,1.237444196428571369e-01,1.219308035714285754e-01,1.206752232142857123e-01,1.210937500000000000e-01,1.216517857142857123e-01,1.215122767857142877e-01,1.234654017857142877e-01,1.268136160714285754e-01,1.236049107142857123e-01,1.243024553571428631e-01,1.219308035714285754e-01,1.247209821428571369e-01,1.262555803571428492e-01,1.226283482142857123e-01,1.244419642857142877e-01,1.219308035714285754e-01,1.238839285714285754e-01,1.220703125000000000e-01,1.234654017857142877e-01,1.245814732142857123e-01,1.262555803571428492e-01,1.248604910714285754e-01,1.247209821428571369e-01,1.217912946428571369e-01,1.268136160714285754e-01,1.230468750000000000e-01,1.245814732142857123e-01,1.255580357142857262e-01,1.226283482142857123e-01,1.224888392857142877e-01
7.212611607142857539e-02,7.156808035714286309e-02,6.933593750000000000e-02,7.087053571428571230e-02,7.073102678571428770e-02,7.170758928571428770e-02,6.947544642857142461e-02,7.003348214285713691e-02,7.184709821428571230e-02,7.198660714285713691e-02,6.794084821428571230e-02,6.975446428571428770e-02,7.114955357142857539e-02,6.891741071428571230e-02,6.835937500000000000e-02,6.989397321428571230e-02,6.919642857142857539e-02,7.212611607142857539e-02,7.156808035714286309e-02,7.282366071428571230e-02,7.101004464285713691e-02,7.101004464285713691e-02,7.198660714285713691e-02,7.268415178571428770e-02,7.240513392857142461e-02,7.045200892857142461e-02,7.170758928571428770e-02,6.919642857142857539e-02,7.142857142857142461e-02,7.184709821428571230e-02,7.212611607142857539e-02,6.989397321428571230e-02,7.156808035714286309e-02,7.254464285714286309e-02,7.073102678571428770e-02,7.156808035714286309e-02,7.240513392857142461e-02,6.933593750000000000e-02,7.142857142857142461e-02,7.142857142857142461e-02,6.933593750000000000e-02,6.905691964285713691e-02
-3.948102678571428770e-02,-4.227120535714285615e-02,-4.045758928571428770e-02,-3.864397321428571230e-02,-3.794642857142856845e-02,-3.752790178571428770e-02,-4.213169642857143155e-02,-4.017857142857143155e-02,-3.641183035714285615e-02,-3.738839285714285615e-02,-4.436383928571428770e-02,-3.780691964285714385e-02,-3.976004464285714385e-02,-3.892299107142856845e-02,-4.241071428571428770e-02,-3.864397321428571230e-02,-4.045758928571428770e-02,-4.017857142857143155e-02,-4.087611607142856845e-02,-3.794642857142856845e-02,-3.920200892857143155e-02,-4.171316964285714385e-02,-3.948102678571428770e-02,-3.836495535714285615e-02,-3.934151785714285615e-02,-4.199218750000000000e-02,-3.976004464285714385e-02,-4.366629464285714385e-02,-3.920200892857143155e-02,-4.031808035714285615e-02,-4.059709821428571230e-02,-4.185267857142856845e-02,-4.045758928571428770e-02,-3.766741071428571230e-02,-4.213169642857143155e-02,-3.864397321428571230e-02,-3.752790178571428770e-02,-4.017857142857143155e-02,-3.850446428571428770e-02,-3.752790178571428770e-02,-4.157366071428571230e-02,-4.031808035714285615e-02
6.208147321428571230e-02,6.040736607142856845e-02,6.040736607142856845e-02,6.124441964285714385e-02,6.263950892857142461e-02,6.208147321428571230e-02,5.943080357142856845e-02,6.096540178571428770e-02,6.333705357142857539e-02,6.096540178571428770e-02,5.580357142857143155e-02,6.236049107142856845e-02,6.138392857142856845e-02,6.054687500000000000e-02,5.929129464285714385e-02,6.054687500000000000e-02,6.026785714285714385e-02,6.124441964285714385e-02,6.082589285714285615e-02,6.333705357142857539e-02,6.208147321428571230e-02,6.082589285714285615e-02,6.040736607142856845e-02,6.250000000000000000e-02,6.291852678571428770e-02,5.915178571428571230e-02,6.291852678571428770e-02,5.901227678571428770e-02,6.250000000000000000e-02,5.970982142857143155e-02,6.040736607142856845e-02,6.040736607142856845e-02,6.222098214285714385e-02,6.333705357142857539e-02,6.096540178571428770e-02,6.208147321428571230e-02,6.431361607142857539e-02,6.138392857142856845e-02,6.291852678571428770e-02,6.347656250000000000e-02,6.012834821428571230e-02,5.984933035714285615e-02
1.184430803571428631e-01,1.180245535714285754e-01,1.167689732142857123e-01,1.156529017857142877e-01,1.188616071428571369e-01,1.176060267857142877e-01,1.164899553571428631e-01,1.164899553571428631e-01,1.187220982142857123e-01,1.162109375000000000e-01,1.121651785714285754e-01,1.188616071428571369e-01,1.177455357142857123e-01,1.160714285714285754e-01,1.160714285714285754e-01,1.149553571428571369e-01,1.162109375000000000e-01,1.166294642857142877e-01,1.177455357142857123e-01,1.209542410714285754e-01,1.187220982142857123e-01,1.188616071428571369e-01,1.153738839285714246e-01,1.188616071428571369e-01,1.202566964285714246e-01,1.156529017857142877e-01,1.194196428571428631e-01,1.159319196428571369e-01,1.195591517857142877e-01,1.152343750000000000e-01,1.173270089285714246e-01,1.190011160714285754e-01,1.195591517857142877e-01,1.188616071428571369e-01,1.191406250000000000e-01,1.167689732142857123e-01,1.210937500000000000e-01,1.170479910714285754e-01,1.195591517857142877e-01,1.206752232142857123e-01,1.169084821428571369e-01,1.160714285714285754e-01
6.696428571428571230e-02,6.570870535714286309e-02,6.529017857142857539e-02,6.696428571428571230e-02,6.668526785714286309e-02,6.710379464285713691e-02,6.459263392857142461e-02,6.542968750000000000e-02,6.738281250000000000e-02,6.626674107142857539e-02,6.236049107142856845e-02,6.584821428571428770e-02,6.584821428571428770e-02,6.542968750000000000e-02,6.347656250000000000e-02,6.515066964285713691e-02,6.445312500000000000e-02,6.696428571428571230e-02,6.612723214285713691e-02,6.877790178571428770e-02,6.598772321428571230e-02,6.570870535714286309e-02,6.696428571428571230e-02,6.794084821428571230e-02,6.766183035714286309e-02,6.501116071428571230e-02,6.626674107142857539e-02,6.389508928571428770e-02,6.668526785714286309e-02,6.612723214285713691e-02,6.626674107142857539e-02,6.529017857142857539e-02,6.654575892857142461e-02,6.780133928571428770e-02,6.542968750000000000e-02,6.738281250000000000e-02,6.738281250000000000e-02,6.529017857142857539e-02,6.668526785714286309e-02,6.752232142857142461e-02,6.487165178571428770e-02,6.459263392857142461e-02
-1.044921875000000000e-01,-1.053292410714285754e-01,-1.035156250000000000e-01,-1.018415178571428631e-01,-9.960937500000000000e-02,-1.017020089285714246e-01,-1.042131696428571369e-01,-1.021205357142857123e-01,-9.946986607142857539e-02,-1.008649553571428631e-01,-1.097935267857142877e-01,-9.821428571428571230e-02,-1.018415178571428631e-01,-1.004464285714285754e-01,-1.037946428571428631e-01,-1.001674107142857123e-01,-1.017020089285714246e-01,-1.053292410714285754e-01,-1.065848214285714246e-01,-1.029575892857142877e-01,-1.042131696428571369e-01,-1.060267857142857123e-01,-1.044921875000000000e-01,-1.037946428571428631e-01,-1.028180803571428631e-01,-1.077008928571428631e-01,-1.026785714285714246e-01,-1.078404017857142877e-01,-1.012834821428571369e-01,-1.058872767857142877e-01,-1.047712053571428631e-01,-1.043526785714285754e-01,-1.042131696428571369e-01,-1.011439732142857123e-01,-1.057477678571428631e-01,-1.028180803571428631e-01,-9.974888392857142461e-02,-1.026785714285714246e-01,-9.974888392857142461e-02,-9.960937500000000000e-02,-1.043526785714285754e-01,-1.023995535714285754e-01
-6.445312500000000000e-02,-6.529017857142857539e-02,-6.556919642857142461e-02,-6.389508928571428770e-02,-6.166294642857143155e-02,-6.319754464285713691e-02,-6.556919642857142461e-02,-6.473214285714286309e-02,-6.054687500000000000e-02,-6.389508928571428770e-02,-7.128906250000000000e-02,-6.040736607142856845e-02,-6.319754464285713691e-02,-6.389508928571428770e-02,-6.459263392857142461e-02,-6.277901785714286309e-02,-6.347656250000000000e-02,-6.598772321428571230e-02,-6.724330357142857539e-02,-6.347656250000000000e-02,-6.459263392857142461e-02,-6.542968750000000000e-02,-6.710379464285713691e-02,-6.459263392857142461e-02,-6.403459821428571230e-02,-6.738281250000000000e-02,-6.305803571428571230e-02,-6.835937500000000000e-02,-6.277901785714286309e-02,-6.668526785714286309e-02,-6.598772321428571230e-02,-6.501116071428571230e-02,-6.459263392857142461e-02,-6.291852678571428770e-02,-6.501116071428571230e-02,-6.417410714285713691e-02,-6.026785714285714385e-02,-6.417410714285713691e-02,-6.152343750000000000e-02,-6.194196428571428770e-02,-6.459263392857142461e-02,-6.445312500000000000e-02
-2.790178571428571491e-03,-2.790178571428571491e-03,-2.790178571428571491e-03,-4.603794642857142981e-03,-6.975446428571428726e-04,-1.255580357142857236e-03,-2.929687500000000000e-03,-2.232142857142857019e-03,-2.790178571428571274e-04,-3.069196428571428509e-03,-8.091517857142857886e-03,8.370535714285713821e-04,-5.580357142857142547e-04,-2.650669642857142981e-03,-2.511160714285714472e-03,-2.371651785714285528e-03,-2.232142857142857019e-03,-5.022321428571428943e-03,-4.324776785714285962e-03,-1.395089285714285637e-04,-2.929687500000000000e-03,-2.650669642857142981e-03,-5.580357142857142981e-03,-3.348214285714285528e-03,-4.185267857142856911e-04,-5.859375000000000000e-03,-8.370535714285713821e-04,-4.603794642857142981e-03,-1.395089285714285637e-04,-4.882812500000000000e-03,-2.790178571428571491e-03,-2.092633928571428509e-03,-1.255580357142857236e-03,-4.185267857142856911e-04,-2.790178571428571274e-04,-3.208705357142857019e-03,1.674107142857142764e-03,-1.255580357142857236e-03,6.975446428571428726e-04,8.370535714285713821e-04,-3.069196428571428509e-03,-2.650669642857142981e-03
-3.529575892857143155e-02,-3.543526785714285615e-02,-3.585379464285714385e-02,-3.515625000000000000e-02,-3.445870535714285615e-02,-3.417968750000000000e-02,-3.655133928571428770e-02,-3.571428571428571230e-02,-3.348214285714285615e-02,-3.390066964285714385e-02,-3.892299107142856845e-02,-3.376116071428571230e-02,-3.445870535714285615e-02,-3.473772321428571230e-02,-3.641183035714285615e-02,-3.417968750000000000e-02,-3.487723214285714385e-02,-3.599330357142856845e-02,-3.641183035714285615e-02,-3.320312500000000000e-02,-3.571428571428571230e-02,-3.710937500000000000e-02,-3.585379464285714385e-02,-3.459821428571428770e-02,-3.417968750000000000e-02,-3.669084821428571230e-02,-3.501674107142856845e-02,-3.794642857142856845e-02,-3.473772321428571230e-02,-3.571428571428571230e-02,-3.529575892857143155e-02,-3.655133928571428770e-02,-3.515625000000000000e-02,-3.404017857142856845e-02,-3.641183035714285615e-02,-3.473772321428571230e-02,-3.320312500000000000e-02,-3.585379464285714385e-02,-3.334263392857143155e-02,-3.390066964285714385e-02,-3.683035714285714385e-02,-3.557477678571428770e-02
-1.770368303571428492e-01,-1.771763392857142738e-01,-1.773158482142857262e-01,-1.742466517857142738e-01,-1.741071428571428492e-01,-1.742466517857142738e-01,-1.767578125000000000e-01,-1.749441964285714246e-01,-1.722935267857142738e-01,-1.725725446428571508e-01,-1.798270089285714246e-01,-1.724330357142857262e-01,-1.756417410714285754e-01,-1.738281250000000000e-01,-1.760602678571428492e-01,-1.724330357142857262e-01,-1.738281250000000000e-01,-1.785714285714285754e-01,-1.799665178571428492e-01,-1.768973214285714246e-01,-1.781529017857142738e-01,-1.789899553571428492e-01,-1.770368303571428492e-01,-1.756417410714285754e-01,-1.757812500000000000e-01,-1.795479910714285754e-01,-1.766183035714285754e-01,-1.809430803571428492e-01,-1.745256696428571508e-01,-1.771763392857142738e-01,-1.764787946428571508e-01,-1.780133928571428492e-01,-1.768973214285714246e-01,-1.746651785714285754e-01,-1.774553571428571508e-01,-1.749441964285714246e-01,-1.743861607142857262e-01,-1.752232142857142738e-01,-1.736886160714285754e-01,-1.725725446428571508e-01,-1.767578125000000000e-01,-1.752232142857142738e-01
-9.263392857142857539e-02,-9.291294642857142461e-02,-9.402901785714286309e-02,-9.319196428571428770e-02,-9.235491071428571230e-02,-9.165736607142857539e-02,-9.319196428571428770e-02,-9.305245535714286309e-02,-8.998325892857142461e-02,-9.235491071428571230e-02,-9.654017857142857539e-02,-9.054129464285713691e-02,-9.123883928571428770e-02,-9.235491071428571230e-02,-9.319196428571428770e-02,-9.095982142857142461e-02,-9.221540178571428770e-02,-9.542410714285713691e-02,-9.528459821428571230e-02,-9.207589285714286309e-02,-9.416852678571428770e-02,-9.556361607142857539e-02,-9.486607142857142461e-02,-9.361049107142857539e-02,-9.207589285714286309e-02,-9.584263392857142461e-02,-9.333147321428571230e-02,-9.570312500000000000e-02,-9.179687500000000000e-02,-9.430803571428571230e-02,-9.347098214285713691e-02,-9.319196428571428770e-02,-9.151785714285713691e-02,-9.193638392857142461e-02,-9.277343750000000000e-02,-9.291294642857142461e-02,-8.970424107142857539e-02,-9.235491071428571230e-02,-9.054129464285713691e-02,-9.026227678571428770e-02,-9.361049107142857539e-02,-9.263392857142857539e-02
-2.692522321428571577e-02,-2.636718750000000000e-02,-2.706473214285714385e-02,-2.818080357142857192e-02,-2.650669642857142808e-02,-2.622767857142857192e-02,-2.678571428571428423e-02,-2.734375000000000000e-02,-2.539062500000000000e-02,-2.790178571428571577e-02,-3.027343750000000000e-02,-2.455357142857142808e-02,-2.455357142857142808e-02,-2.762276785714285615e-02,-2.580915178571428423e-02,-2.692522321428571577e-02,-2.650669642857142808e-02,-2.873883928571428423e-02,-2.845982142857142808e-02,-2.608816964285714385e-02,-2.790178571428571577e-02,-2.832031250000000000e-02,-2.943638392857142808e-02,-2.720424107142857192e-02,-2.608816964285714385e-02,-2.971540178571428423e-02,-2.594866071428571577e-02,-2.887834821428571577e-02,-2.525111607142857192e-02,-2.804129464285714385e-02,-2.748325892857142808e-02,-2.664620535714285615e-02,-2.539062500000000000e-02,-2.580915178571428423e-02,-2.441406250000000000e-02,-2.734375000000000000e-02,-2.413504464285714385e-02,-2.608816964285714385e-02,-2.469308035714285615e-02,-2.413504464285714385e-02,-2.804129464285714385e-02,-2.776227678571428423e-02
-5.412946428571428770e-02,-5.371093750000000000e-02,-5.398995535714285615e-02,-5.371093750000000000e-02,-5.329241071428571230e-02,-5.245535714285714385e-02,-5.440848214285714385e-02,-5.412946428571428770e-02,-5.203683035714285615e-02,-5.231584821428571230e-02,-5.482700892857143155e-02,-5.357142857142856845e-02,-5.371093750000000000e-02,-5.315290178571428770e-02,-5.454799107142856845e-02,-5.301339285714285615e-02,-5.385044642857143155e-02,-5.496651785714285615e-02,-5.524553571428571230e-02,-5.273437500000000000e-02,-5.538504464285714385e-02,-5.510602678571428770e-02,-5.343191964285714385e-02,-5.301339285714285615e-02,-5.273437500000000000e-02,-5.496651785714285615e-02,-5.371093750000000000e-02,-5.566406250000000000e-02,-5.315290178571428770e-02,-5.287388392857143155e-02,-5.357142857142856845e-02,-5.482700892857143155e-02,-5.245535714285714385e-02,-5.287388392857143155e-02,-5.412946428571428770e-02,-5.301339285714285615e-02,-5.245535714285714385e-02,-5.412946428571428770e-02,-5.203683035714285615e-02,-5.273437500000000000e-02,-5.482700892857143155e-02,-5.371093750000000000e-02
-2.271205357142857262e-01,-2.292131696428571508e-01,-2.268415178571428492e-01,-2.239118303571428492e-01,-2.223772321428571508e-01,-2.243303571428571508e-01,-2.272600446428571508e-01,-2.248883928571428492e-01,-2.218191964285714246e-01,-2.226562500000000000e-01,-2.324218750000000000e-01,-2.207031250000000000e-01,-2.260044642857142738e-01,-2.244698660714285754e-01,-2.257254464285714246e-01,-2.216796875000000000e-01,-2.236328125000000000e-01,-2.307477678571428492e-01,-2.314453125000000000e-01,-2.276785714285714246e-01,-2.290736607142857262e-01,-2.308872767857142738e-01,-2.303292410714285754e-01,-2.265625000000000000e-01,-2.271205357142857262e-01,-2.318638392857142738e-01,-2.267020089285714246e-01,-2.320033482142857262e-01,-2.241908482142857262e-01,-2.297712053571428492e-01,-2.285156250000000000e-01,-2.292131696428571508e-01,-2.276785714285714246e-01,-2.250279017857142738e-01,-2.292131696428571508e-01,-2.255859375000000000e-01,-2.226562500000000000e-01,-2.258649553571428492e-01,-2.233537946428571508e-01,-2.226562500000000000e-01,-2.262834821428571508e-01,-2.247488839285714246e-01
-1.354631696428571508e-01,-1.367187500000000000e-01,-1.344866071428571508e-01,-1.346261160714285754e-01,-1.326729910714285754e-01,-1.337890625000000000e-01,-1.351841517857142738e-01,-1.339285714285714246e-01,-1.311383928571428492e-01,-1.330915178571428492e-01,-1.402064732142857262e-01,-1.287667410714285754e-01,-1.328125000000000000e-01,-1.332310267857142738e-01,-1.343470982142857262e-01,-1.322544642857142738e-01,-1.326729910714285754e-01,-1.374162946428571508e-01,-1.389508928571428492e-01,-1.346261160714285754e-01,-1.363002232142857262e-01,-1.379743303571428492e-01,-1.382533482142857262e-01,-1.358816964285714246e-01,-1.343470982142857262e-01,-1.396484375000000000e-01,-1.351841517857142738e-01,-1.389508928571428492e-01,-1.325334821428571508e-01,-1.378348214285714246e-01,-1.361607142857142738e-01,-1.360212053571428492e-01,-1.353236607142857262e-01,-1.343470982142857262e-01,-1.356026785714285754e-01,-1.344866071428571508e-01,-1.305803571428571508e-01,-1.336495535714285754e-01,-1.314174107142857262e-01,-1.314174107142857262e-01,-1.350446428571428492e-01,-1.339285714285714246e-01
-5.733816964285714385e-02,-5.775669642857143155e-02,-5.733816964285714385e-02,-5.678013392857143155e-02,-5.510602678571428770e-02,-5.510602678571428770e-02,-5.719866071428571230e-02,-5.594308035714285615e-02,-5.398995535714285615e-02,-5.691964285714285615e-02,-6.194196428571428770e-02,-5.287388392857143155e-02,-5.329241071428571230e-02,-5.622209821428571230e-02,-5.566406250000000000e-02,-5.552455357142856845e-02,-5.524553571428571230e-02,-5.873325892857143155e-02,-5.859375000000000000e-02,-5.594308035714285615e-02,-5.650111607142856845e-02,-5.845424107142856845e-02,-5.957031250000000000e-02,-5.803571428571428770e-02,-5.636160714285714385e-02,-6.082589285714285615e-02,-5.510602678571428770e-02,-5.803571428571428770e-02,-5.482700892857143155e-02,-6.012834821428571230e-02,-5.775669642857143155e-02,-5.664062500000000000e-02,-5.552455357142856845e-02,-5.608258928571428770e-02,-5.496651785714285615e-02,-5.664062500000000000e-02,-5.259486607142856845e-02,-5.622209821428571230e-02,-5.301339285714285615e-02,-5.273437500000000000e-02,-5.691964285714285615e-02,-5.817522321428571230e-02
-7.505580357142857539e-02,-7.561383928571428770e-02,-7.603236607142857539e-02,-7.575334821428571230e-02,-7.449776785714286309e-02,-7.463727678571428770e-02,-7.575334821428571230e-02,-7.561383928571428770e-02,-7.310267857142857539e-02,-7.324218750000000000e-02,-7.868303571428571230e-02,-7.352120535714286309e-02,-7.519531250000000000e-02,-7.477678571428571230e-02,-7.631138392857142461e-02,-7.407924107142857539e-02,-7.533482142857142461e-02,-7.659040178571428770e-02,-7.728794642857142461e-02,-7.463727678571428770e-02,-7.603236607142857539e-02,-7.645089285714286309e-02,-7.505580357142857539e-02,-7.449776785714286309e-02,-7.435825892857142461e-02,-7.798549107142857539e-02,-7.561383928571428770e-02,-7.798549107142857539e-02,-7.435825892857142461e-02,-7.589285714285713691e-02,-7.533482142857142461e-02,-7.631138392857142461e-02,-7.477678571428571230e-02,-7.435825892857142461e-02,-7.617187500000000000e-02,-7.463727678571428770e-02,-7.338169642857142461e-02,-7.617187500000000000e-02,-7.352120535714286309e-02,-7.268415178571428770e-02,-7.589285714285713691e-02,-7.477678571428571230e-02
-1.852678571428571508e-01,-1.887555803571428492e-01,-1.873604910714285754e-01,-1.841517857142857262e-01,-1.848493303571428492e-01,-1.852678571428571508e-01,-1.886160714285714246e-01,-1.852678571428571508e-01,-1.821986607142857262e-01,-1.826171875000000000e-01,-1.897321428571428492e-01,-1.826171875000000000e-01,-1.859654017857142738e-01,-1.844308035714285754e-01,-1.876395089285714246e-01,-1.837332589285714246e-01,-1.847098214285714246e-01,-1.893136160714285754e-01,-1.888950892857142738e-01,-1.872209821428571508e-01,-1.876395089285714246e-01,-1.886160714285714246e-01,-1.879185267857142738e-01,-1.851283482142857262e-01,-1.868024553571428492e-01,-1.894531250000000000e-01,-1.869419642857142738e-01,-1.897321428571428492e-01,-1.869419642857142738e-01,-1.880580357142857262e-01,-1.869419642857142738e-01,-1.884765625000000000e-01,-1.881975446428571508e-01,-1.856863839285714246e-01,-1.875000000000000000e-01,-1.835937500000000000e-01,-1.841517857142857262e-01,-1.872209821428571508e-01,-1.845703125000000000e-01,-1.840122767857142738e-01,-1.844308035714285754e-01,-1.859654017857142738e-01
-5.454799107142856845e-02,-5.608258928571428770e-02,-5.454799107142856845e-02,-5.552455357142856845e-02,-5.426897321428571230e-02,-5.454799107142856845e-02,-5.650111607142856845e-02,-5.454799107142856845e-02,-5.245535714285714385e-02,-5.385044642857143155e-02,-5.789620535714285615e-02,-5.231584821428571230e-02,-5.412946428571428770e-02,-5.398995535714285615e-02,-5.566406250000000000e-02,-5.482700892857143155e-02,-5.454799107142856845e-02,-5.622209821428571230e-02,-5.650111607142856845e-02,-5.412946428571428770e-02,-5.440848214285714385e-02,-5.566406250000000000e-02,-5.608258928571428770e-02,-5.398995535714285615e-02,-5.329241071428571230e-02,-5.789620535714285615e-02,-5.468750000000000000e-02,-5.622209821428571230e-02,-5.454799107142856845e-02,-5.650111607142856845e-02,-5.454799107142856845e-02,-5.552455357142856845e-02,-5.482700892857143155e-02,-5.426897321428571230e-02,-5.440848214285714385e-02,-5.412946428571428770e-02,-5.217633928571428770e-02,-5.496651785714285615e-02,-5.329241071428571230e-02,-5.245535714285714385e-02,-5.412946428571428770e-02,-5.496651785714285615e-02
2.078683035714285615e-02,1.869419642857142808e-02,1.869419642857142808e-02,1.911272321428571577e-02,1.925223214285714385e-02,1.981026785714285615e-02,1.729910714285714385e-02,1.813616071428571577e-02,2.064732142857142808e-02,1.827566964285714385e-02,1.646205357142857192e-02,2.120535714285714385e-02,2.120535714285714385e-02,1.855468750000000000e-02,1.869419642857142808e-02,1.771763392857142808e-02,1.897321428571428423e-02,1.883370535714285615e-02,1.883370535714285615e-02,2.106584821428571577e-02,2.106584821428571577e-02,1.939174107142857192e-02,1.729910714285714385e-02,1.911272321428571577e-02,2.106584821428571577e-02,1.771763392857142808e-02,2.050781250000000000e-02,1.953125000000000000e-02,1.911272321428571577e-02,1.715959821428571577e-02,1.855468750000000000e-02,2.008928571428571577e-02,2.008928571428571577e-02,1.911272321428571577e-02,2.218191964285714385e-02,1.981026785714285615e-02,2.273995535714285615e-02,1.855468750000000000e-02,2.064732142857142808e-02,2.106584821428571577e-02,2.008928571428571577e-02,1.743861607142857192e-02
-7.812500000000000000e-03,-9.207589285714285962e-03,-8.510044642857142114e-03,-9.068080357142857886e-03,-8.928571428571428076e-03,-7.672991071428571057e-03,-9.905133928571428076e-03,-8.649553571428571924e-03,-7.533482142857142981e-03,-6.835937500000000000e-03,-1.060267857142857192e-02,-8.370535714285714038e-03,-9.068080357142857886e-03,-8.231026785714285962e-03,-1.018415178571428596e-02,-9.626116071428571924e-03,-9.207589285714285962e-03,-8.928571428571428076e-03,-8.789062500000000000e-03,-7.254464285714285962e-03,-8.928571428571428076e-03,-8.789062500000000000e-03,-7.672991071428571057e-03,-5.859375000000000000e-03,-7.672991071428571057e-03,-9.765625000000000000e-03,-8.370535714285714038e-03,-9.905133928571428076e-03,-8.789062500000000000e-03,-8.231026785714285962e-03,-7.533482142857142981e-03,-9.626116071428571924e-03,-8.789062500000000000e-03,-7.812500000000000000e-03,-8.231026785714285962e-03,-7.952008928571428076e-03,-7.812500000000000000e-03,-9.347098214285714038e-03,-7.952008928571428076e-03,-7.672991071428571057e-03,-8.928571428571428076e-03,-9.207589285714285962e-03
-6.626674107142857539e-02,-6.905691964285713691e-02,-6.780133928571428770e-02,-6.654575892857142461e-02,-6.724330357142857539e-02,-6.710379464285713691e-02,-6.975446428571428770e-02,-6.682477678571428770e-02,-6.501116071428571230e-02,-6.501116071428571230e-02,-6.821986607142857539e-02,-6.556919642857142461e-02,-6.724330357142857539e-02,-6.682477678571428770e-02,-7.017299107142857539e-02,-6.710379464285713691e-02,-6.821986607142857539e-02,-6.835937500000000000e-02,-6.752232142857142461e-02,-6.696428571428571230e-02,-6.738281250000000000e-02,-6.835937500000000000e-02,-6.654575892857142461e-02,-6.403459821428571230e-02,-6.724330357142857539e-02,-6.808035714285713691e-02,-6.849888392857142461e-02,-6.821986607142857539e-02,-6.933593750000000000e-02,-6.640625000000000000e-02,-6.668526785714286309e-02,-6.835937500000000000e-02,-6.808035714285713691e-02,-6.626674107142857539e-02,-6.766183035714286309e-02,-6.556919642857142461e-02,-6.626674107142857539e-02,-6.821986607142857539e-02,-6.752232142857142461e-02,-6.570870535714286309e-02,-6.640625000000000000e-02,-6.682477678571428770e-02
4.645647321428571230e-02,4.589843750000000000e-02,4.492187500000000000e-02,4.561941964285714385e-02,4.520089285714285615e-02,4.575892857142856845e-02,4.338727678571428770e-02,4.547991071428571230e-02,4.687500000000000000e-02,4.645647321428571230e-02,4.380580357142856845e-02,4.534040178571428770e-02,4.645647321428571230e-02,4.464285714285714385e-02,4.352678571428571230e-02,4.310825892857143155e-02,4.436383928571428770e-02,4.603794642857143155e-02,4.631696428571428770e-02,4.659598214285714385e-02,4.645647321428571230e-02,4.575892857142856845e-02,4.589843750000000000e-02,4.729352678571428770e-02,4.687500000000000000e-02,4.478236607142856845e-02,4.547991071428571230e-02,4.603794642857143155e-02,4.520089285714285615e-02,4.506138392857143155e-02,4.631696428571428770e-02,4.492187500000000000e-02,4.575892857142856845e-02,4.631696428571428770e-02,4.715401785714285615e-02,4.743303571428571230e-02,4.701450892857143155e-02,4.464285714285714385e-02,4.575892857142856845e-02,4.743303571428571230e-02,4.631696428571428770e-02,4.352678571428571230e-02
1.079799107142857123e-01,1.067243303571428631e-01,1.071428571428571369e-01,1.050502232142857123e-01,1.047712053571428631e-01,1.070033482142857123e-01,1.042131696428571369e-01,1.049107142857142877e-01,1.063058035714285754e-01,1.050502232142857123e-01,1.054687500000000000e-01,1.060267857142857123e-01,1.079799107142857123e-01,1.056082589285714246e-01,1.042131696428571369e-01,1.039341517857142877e-01,1.040736607142857123e-01,1.070033482142857123e-01,1.075613839285714246e-01,1.083984375000000000e-01,1.081194196428571369e-01,1.083984375000000000e-01,1.067243303571428631e-01,1.064453125000000000e-01,1.086774553571428631e-01,1.060267857142857123e-01,1.072823660714285754e-01,1.081194196428571369e-01,1.060267857142857123e-01,1.056082589285714246e-01,1.078404017857142877e-01,1.067243303571428631e-01,1.078404017857142877e-01,1.067243303571428631e-01,1.102120535714285754e-01,1.072823660714285754e-01,1.081194196428571369e-01,1.056082589285714246e-01,1.061662946428571369e-01,1.079799107142857123e-01,1.070033482142857123e-01,1.033761160714285754e-01
6.012834821428571230e-02,5.984933035714285615e-02,5.873325892857143155e-02,5.901227678571428770e-02,5.915178571428571230e-02,6.026785714285714385e-02,5.747767857142856845e-02,5.859375000000000000e-02,5.998883928571428770e-02,5.970982142857143155e-02,5.845424107142856845e-02,5.803571428571428770e-02,5.873325892857143155e-02,5.789620535714285615e-02,5.691964285714285615e-02,5.719866071428571230e-02,5.761718750000000000e-02,5.984933035714285615e-02,5.984933035714285615e-02,6.068638392857143155e-02,5.970982142857143155e-02,5.984933035714285615e-02,6.068638392857143155e-02,6.166294642857143155e-02,6.012834821428571230e-02,5.957031250000000000e-02,5.887276785714285615e-02,5.943080357142856845e-02,5.817522321428571230e-02,6.040736607142856845e-02,6.026785714285714385e-02,5.859375000000000000e-02,5.929129464285714385e-02,5.984933035714285615e-02,5.998883928571428770e-02,6.026785714285714385e-02,5.915178571428571230e-02,5.789620535714285615e-02,5.929129464285714385e-02,6.040736607142856845e-02,5.845424107142856845e-02,5.831473214285714385e-02
-3.766741071428571491e-03,-5.440848214285714038e-03,-5.859375000000000000e-03,-5.161830357142857019e-03,-6.138392857142857019e-03,-4.185267857142857019e-03,-6.835937500000000000e-03,-5.161830357142857019e-03,-3.487723214285714472e-03,-2.790178571428571491e-03,-4.743303571428571057e-03,-4.882812500000000000e-03,-5.719866071428571057e-03,-5.580357142857142981e-03,-8.789062500000000000e-03,-6.417410714285714038e-03,-6.556919642857142981e-03,-5.022321428571428943e-03,-4.464285714285714038e-03,-4.324776785714285962e-03,-4.882812500000000000e-03,-6.138392857142857019e-03,-3.208705357142857019e-03,-1.813616071428571491e-03,-4.743303571428571057e-03,-5.022321428571428943e-03,-6.138392857142857019e-03,-5.022321428571428943e-03,-6.835937500000000000e-03,-3.766741071428571491e-03,-4.185267857142857019e-03,-5.440848214285714038e-03,-5.859375000000000000e-03,-3.766741071428571491e-03,-4.743303571428571057e-03,-2.790178571428571491e-03,-5.161830357142857019e-03,-6.556919642857142981e-03,-5.161830357142857019e-03,-4.464285714285714038e-03,-5.440848214285714038e-03,-5.440848214285714038e-03
9.946986607142857539e-02,9.737723214285713691e-02,9.765625000000000000e-02,9.751674107142857539e-02,9.626116071428571230e-02,9.751674107142857539e-02,9.458705357142857539e-02,9.723772321428571230e-02,9.821428571428571230e-02,9.779575892857142461e-02,9.654017857142857539e-02,9.654017857142857539e-02,9.793526785714286309e-02,9.626116071428571230e-02,9.486607142857142461e-02,9.486607142857142461e-02,9.514508928571428770e-02,9.807477678571428770e-02,9.863281250000000000e-02,9.988839285714286309e-02,9.835379464285713691e-02,9.793526785714286309e-02,9.877232142857142461e-02,9.960937500000000000e-02,9.877232142857142461e-02,9.765625000000000000e-02,9.737723214285713691e-02,9.849330357142857539e-02,9.654017857142857539e-02,9.821428571428571230e-02,9.863281250000000000e-02,9.667968750000000000e-02,9.737723214285713691e-02,9.779575892857142461e-02,9.905133928571428770e-02,9.905133928571428770e-02,9.835379464285713691e-02,9.626116071428571230e-02,9.751674107142857539e-02,9.807477678571428770e-02,9.835379464285713691e-02,9.556361607142857539e-02
1.531808035714285754e-01,1.515066964285714246e-01,1.523437500000000000e-01,1.495535714285714246e-01,1.494140625000000000e-01,1.519252232142857262e-01,1.482979910714285754e-01,1.509486607142857262e-01,1.512276785714285754e-01,1.499720982142857262e-01,1.495535714285714246e-01,1.501116071428571508e-01,1.519252232142857262e-01,1.498325892857142738e-01,1.498325892857142738e-01,1.478794642857142738e-01,1.488560267857142738e-01,1.519252232142857262e-01,1.522042410714285754e-01,1.533203125000000000e-01,1.529017857142857262e-01,1.530412946428571508e-01,1.519252232142857262e-01,1.519252232142857262e-01,1.534598214285714246e-01,1.512276785714285754e-01,1.513671875000000000e-01,1.529017857142857262e-01,1.503906250000000000e-01,1.515066964285714246e-01,1.530412946428571508e-01,1.520647321428571508e-01,1.523437500000000000e-01,1.509486607142857262e-01,1.540178571428571508e-01,1.519252232142857262e-01,1.522042410714285754e-01,1.496930803571428492e-01,1.505301339285714246e-01,1.524832589285714246e-01,1.513671875000000000e-01,1.482979910714285754e-01
9.584263392857142461e-02,9.472656250000000000e-02,9.333147321428571230e-02,9.416852678571428770e-02,9.333147321428571230e-02,9.542410714285713691e-02,9.277343750000000000e-02,9.347098214285713691e-02,9.375000000000000000e-02,9.486607142857142461e-02,9.375000000000000000e-02,9.263392857142857539e-02,9.402901785714286309e-02,9.291294642857142461e-02,9.109933035714286309e-02,9.165736607142857539e-02,9.249441964285713691e-02,9.570312500000000000e-02,9.570312500000000000e-02,9.584263392857142461e-02,9.472656250000000000e-02,9.458705357142857539e-02,9.612165178571428770e-02,9.765625000000000000e-02,9.570312500000000000e-02,9.458705357142857539e-02,9.444754464285713691e-02,9.500558035714286309e-02,9.277343750000000000e-02,9.556361607142857539e-02,9.556361607142857539e-02,9.347098214285713691e-02,9.458705357142857539e-02,9.444754464285713691e-02,9.556361607142857539e-02,9.542410714285713691e-02,9.416852678571428770e-02,9.263392857142857539e-02,9.416852678571428770e-02,9.486607142857142461e-02,9.375000000000000000e-02,9.291294642857142461e-02
2.399553571428571577e-02,2.134486607142857192e-02,2.190290178571428423e-02,2.162388392857142808e-02,2.092633928571428423e-02,2.218191964285714385e-02,2.022879464285714385e-02,2.287946428571428423e-02,2.301897321428571577e-02,2.413504464285714385e-02,2.190290178571428423e-02,2.176339285714285615e-02,2.218191964285714385e-02,2.148437500000000000e-02,1.813616071428571577e-02,2.008928571428571577e-02,2.008928571428571577e-02,2.273995535714285615e-02,2.246093750000000000e-02,2.329799107142857192e-02,2.148437500000000000e-02,2.120535714285714385e-02,2.315848214285714385e-02,2.497209821428571577e-02,2.246093750000000000e-02,2.190290178571428423e-02,2.036830357142857192e-02,2.246093750000000000e-02,2.078683035714285615e-02,2.343750000000000000e-02,2.301897321428571577e-02,2.092633928571428423e-02,2.106584821428571577e-02,2.329799107142857192e-02,2.218191964285714385e-02,2.371651785714285615e-02,2.218191964285714385e-02,2.050781250000000000e-02,2.190290178571428423e-02,2.329799107142857192e-02,2.232142857142857192e-02,2.176339285714285615e-02
1.217912946428571369e-01,1.198381696428571369e-01,1.199776785714285754e-01,1.191406250000000000e-01,1.181640625000000000e-01,1.201171875000000000e-01,1.169084821428571369e-01,1.187220982142857123e-01,1.201171875000000000e-01,1.192801339285714246e-01,1.194196428571428631e-01,1.177455357142857123e-01,1.194196428571428631e-01,1.188616071428571369e-01,1.169084821428571369e-01,1.164899553571428631e-01,1.173270089285714246e-01,1.205357142857142877e-01,1.206752232142857123e-01,1.219308035714285754e-01,1.206752232142857123e-01,1.202566964285714246e-01,1.201171875000000000e-01,1.216517857142857123e-01,1.210937500000000000e-01,1.198381696428571369e-01,1.194196428571428631e-01,1.212332589285714246e-01,1.180245535714285754e-01,1.199776785714285754e-01,1.210937500000000000e-01,1.194196428571428631e-01,1.199776785714285754e-01,1.196986607142857123e-01,1.217912946428571369e-01,1.210937500000000000e-01,1.203962053571428631e-01,1.181640625000000000e-01,1.196986607142857123e-01,1.199776785714285754e-01,1.203962053571428631e-01,1.178850446428571369e-01
1.717354910714285754e-01,1.693638392857142738e-01,1.703404017857142738e-01,1.683872767857142738e-01,1.682477678571428492e-01,1.699218750000000000e-01,1.660156250000000000e-01,1.702008928571428492e-01,1.697823660714285754e-01,1.681082589285714246e-01,1.682477678571428492e-01,1.676897321428571508e-01,1.708984375000000000e-01,1.693638392857142738e-01,1.682477678571428492e-01,1.655970982142857262e-01,1.681082589285714246e-01,1.702008928571428492e-01,1.702008928571428492e-01,1.718750000000000000e-01,1.710379464285714246e-01,1.708984375000000000e-01,1.686662946428571508e-01,1.695033482142857262e-01,1.715959821428571508e-01,1.692243303571428492e-01,1.697823660714285754e-01,1.717354910714285754e-01,1.692243303571428492e-01,1.686662946428571508e-01,1.721540178571428492e-01,1.697823660714285754e-01,1.695033482142857262e-01,1.696428571428571508e-01,1.732700892857142738e-01,1.704799107142857262e-01,1.706194196428571508e-01,1.682477678571428492e-01,1.685267857142857262e-01,1.708984375000000000e-01,1.703404017857142738e-01,1.671316964285714246e-01
1.097935267857142877e-01,1.085379464285714246e-01,1.077008928571428631e-01,1.074218750000000000e-01,1.068638392857142877e-01,1.083984375000000000e-01,1.060267857142857123e-01,1.072823660714285754e-01,1.088169642857142877e-01,1.086774553571428631e-01,1.077008928571428631e-01,1.060267857142857123e-01,1.081194196428571369e-01,1.068638392857142877e-01,1.049107142857142877e-01,1.051897321428571369e-01,1.058872767857142877e-01,1.092354910714285754e-01,1.092354910714285754e-01,1.102120535714285754e-01,1.085379464285714246e-01,1.083984375000000000e-01,1.097935267857142877e-01,1.106305803571428631e-01,1.089564732142857123e-01,1.085379464285714246e-01,1.082589285714285754e-01,1.086774553571428631e-01,1.067243303571428631e-01,1.089564732142857123e-01,1.096540178571428631e-01,1.078404017857142877e-01,1.079799107142857123e-01,1.081194196428571369e-01,1.093750000000000000e-01,1.089564732142857123e-01,1.077008928571428631e-01,1.065848214285714246e-01,1.082589285714285754e-01,1.082589285714285754e-01,1.079799107142857123e-01,1.064453125000000000e-01
3.738839285714285615e-02,3.334263392857143155e-02,3.487723214285714385e-02,3.487723214285714385e-02,3.320312500000000000e-02,3.459821428571428770e-02,3.152901785714285615e-02,3.515625000000000000e-02,3.543526785714285615e-02,3.724888392857143155e-02,3.459821428571428770e-02,3.390066964285714385e-02,3.431919642857143155e-02,3.404017857142856845e-02,3.055245535714285615e-02,3.194754464285714385e-02,3.320312500000000000e-02,3.529575892857143155e-02,3.501674107142856845e-02,3.501674107142856845e-02,3.487723214285714385e-02,3.362165178571428770e-02,3.501674107142856845e-02,3.808593750000000000e-02,3.473772321428571230e-02,3.390066964285714385e-02,3.334263392857143155e-02,3.487723214285714385e-02,3.236607142857143155e-02,3.515625000000000000e-02,3.543526785714285615e-02,3.334263392857143155e-02,3.376116071428571230e-02,3.599330357142856845e-02,3.487723214285714385e-02,3.683035714285714385e-02,3.543526785714285615e-02,3.348214285714285615e-02,3.404017857142856845e-02,3.571428571428571230e-02,3.557477678571428770e-02,3.376116071428571230e-02
1.318359375000000000e-01,1.300223214285714246e-01,1.296037946428571508e-01,1.284877232142857262e-01,1.276506696428571508e-01,1.304408482142857262e-01,1.263950892857142738e-01,1.297433035714285754e-01,1.307198660714285754e-01,1.301618303571428492e-01,1.296037946428571508e-01,1.277901785714285754e-01,1.303013392857142738e-01,1.296037946428571508e-01,1.270926339285714246e-01,1.259765625000000000e-01,1.280691964285714246e-01,1.303013392857142738e-01,1.311383928571428492e-01,1.316964285714285754e-01,1.312779017857142738e-01,1.300223214285714246e-01,1.297433035714285754e-01,1.315569196428571508e-01,1.305803571428571508e-01,1.296037946428571508e-01,1.294642857142857262e-01,1.319754464285714246e-01,1.279296875000000000e-01,1.291852678571428492e-01,1.311383928571428492e-01,1.290457589285714246e-01,1.296037946428571508e-01,1.303013392857142738e-01,1.314174107142857262e-01,1.315569196428571508e-01,1.305803571428571508e-01,1.286272321428571508e-01,1.287667410714285754e-01,1.309988839285714246e-01,1.308593750000000000e-01,1.279296875000000000e-01
1.806640625000000000e-01,1.791294642857142738e-01,1.788504464285714246e-01,1.773158482142857262e-01,1.770368303571428492e-01,1.794084821428571508e-01,1.748046875000000000e-01,1.789899553571428492e-01,1.789899553571428492e-01,1.771763392857142738e-01,1.782924107142857262e-01,1.770368303571428492e-01,1.799665178571428492e-01,1.784319196428571508e-01,1.774553571428571508e-01,1.739676339285714246e-01,1.767578125000000000e-01,1.792689732142857262e-01,1.799665178571428492e-01,1.813616071428571508e-01,1.808035714285714246e-01,1.809430803571428492e-01,1.781529017857142738e-01,1.801060267857142738e-01,1.808035714285714246e-01,1.796875000000000000e-01,1.789899553571428492e-01,1.819196428571428492e-01,1.775948660714285754e-01,1.782924107142857262e-01,1.810825892857142738e-01,1.792689732142857262e-01,1.785714285714285754e-01,1.792689732142857262e-01,1.821986607142857262e-01,1.799665178571428492e-01,1.792689732142857262e-01,1.771763392857142738e-01,1.774553571428571508e-01,1.802455357142857262e-01,1.799665178571428492e-01,1.757812500000000000e-01
1.162109375000000000e-01,1.143973214285714246e-01,1.145368303571428631e-01,1.135602678571428631e-01,1.127232142857142877e-01,1.146763392857142877e-01,1.127232142857142877e-01,1.143973214285714246e-01,1.157924107142857123e-01,1.146763392857142877e-01,1.146763392857142877e-01,1.127232142857142877e-01,1.148158482142857123e-01,1.135602678571428631e-01,1.110491071428571369e-01,1.110491071428571369e-01,1.127232142857142877e-01,1.157924107142857123e-01,1.156529017857142877e-01,1.162109375000000000e-01,1.157924107142857123e-01,1.142578125000000000e-01,1.160714285714285754e-01,1.169084821428571369e-01,1.156529017857142877e-01,1.149553571428571369e-01,1.142578125000000000e-01,1.152343750000000000e-01,1.130022321428571369e-01,1.157924107142857123e-01,1.155133928571428631e-01,1.138392857142857123e-01,1.146763392857142877e-01,1.152343750000000000e-01,1.149553571428571369e-01,1.156529017857142877e-01,1.149553571428571369e-01,1.134207589285714246e-01,1.141183035714285754e-01,1.153738839285714246e-01,1.149553571428571369e-01,1.130022321428571369e-01
3.906250000000000000e-02,3.320312500000000000e-02,3.655133928571428770e-02,3.585379464285714385e-02,3.376116071428571230e-02,3.641183035714285615e-02,3.097098214285714385e-02,3.641183035714285615e-02,3.780691964285714385e-02,3.780691964285714385e-02,3.641183035714285615e-02,3.571428571428571230e-02,3.571428571428571230e-02,3.655133928571428770e-02,2.999441964285714385e-02,3.152901785714285615e-02,3.473772321428571230e-02,3.585379464285714385e-02,3.585379464285714385e-02,3.613281250000000000e-02,3.696986607142856845e-02,3.390066964285714385e-02,3.487723214285714385e-02,3.948102678571428770e-02,3.431919642857143155e-02,3.529575892857143155e-02,3.404017857142856845e-02,3.627232142857143155e-02,3.166852678571428770e-02,3.404017857142856845e-02,3.696986607142856845e-02,3.376116071428571230e-02,3.362165178571428770e-02,3.683035714285714385e-02,3.710937500000000000e-02,3.878348214285714385e-02,3.613281250000000000e-02,3.431919642857143155e-02,3.445870535714285615e-02,3.794642857142856845e-02,3.850446428571428770e-02,3.459821428571428770e-02
1.322544642857142738e-01,1.277901785714285754e-01,1.301618303571428492e-01,1.284877232142857262e-01,1.276506696428571508e-01,1.289062500000000000e-01,1.243024553571428631e-01,1.305803571428571508e-01,1.312779017857142738e-01,1.304408482142857262e-01,1.291852678571428492e-01,1.289062500000000000e-01,1.298828125000000000e-01,1.304408482142857262e-01,1.261160714285714246e-01,1.244419642857142877e-01,1.284877232142857262e-01,1.305803571428571508e-01,1.297433035714285754e-01,1.308593750000000000e-01,1.314174107142857262e-01,1.296037946428571508e-01,1.275111607142857262e-01,1.311383928571428492e-01,1.298828125000000000e-01,1.280691964285714246e-01,1.293247767857142738e-01,1.312779017857142738e-01,1.261160714285714246e-01,1.290457589285714246e-01,1.318359375000000000e-01,1.291852678571428492e-01,1.280691964285714246e-01,1.304408482142857262e-01,1.323939732142857262e-01,1.319754464285714246e-01,1.309988839285714246e-01,1.284877232142857262e-01,1.280691964285714246e-01,1.315569196428571508e-01,1.319754464285714246e-01,1.270926339285714246e-01
1.803850446428571508e-01,1.760602678571428492e-01,1.784319196428571508e-01,1.757812500000000000e-01,1.763392857142857262e-01,1.768973214285714246e-01,1.720145089285714246e-01,1.787109375000000000e-01,1.787109375000000000e-01,1.764787946428571508e-01,1.763392857142857262e-01,1.763392857142857262e-01,1.788504464285714246e-01,1.785714285714285754e-01,1.746651785714285754e-01,1.711774553571428492e-01,1.759207589285714246e-01,1.789899553571428492e-01,1.773158482142857262e-01,1.796875000000000000e-01,1.798270089285714246e-01,1.789899553571428492e-01,1.753627232142857262e-01,1.788504464285714246e-01,1.784319196428571508e-01,1.766183035714285754e-01,1.780133928571428492e-01,1.808035714285714246e-01,1.748046875000000000e-01,1.760602678571428492e-01,1.799665178571428492e-01,1.778738839285714246e-01,1.752232142857142738e-01,1.777343750000000000e-01,1.819196428571428492e-01,1.799665178571428492e-01,1.792689732142857262e-01,1.757812500000000000e-01,1.757812500000000000e-01,1.798270089285714246e-01,1.816406250000000000e-01,1.728515625000000000e-01
1.155133928571428631e-01,1.121651785714285754e-01,1.136997767857142877e-01,1.118861607142857123e-01,1.109095982142857123e-01,1.130022321428571369e-01,1.090959821428571369e-01,1.132812500000000000e-01,1.143973214285714246e-01,1.132812500000000000e-01,1.124441964285714246e-01,1.118861607142857123e-01,1.134207589285714246e-01,1.124441964285714246e-01,1.088169642857142877e-01,1.088169642857142877e-01,1.106305803571428631e-01,1.135602678571428631e-01,1.138392857142857123e-01,1.141183035714285754e-01,1.142578125000000000e-01,1.125837053571428631e-01,1.125837053571428631e-01,1.152343750000000000e-01,1.132812500000000000e-01,1.118861607142857123e-01,1.124441964285714246e-01,1.139787946428571369e-01,1.097935267857142877e-01,1.121651785714285754e-01,1.142578125000000000e-01,1.117466517857142877e-01,1.116071428571428631e-01,1.132812500000000000e-01,1.146763392857142877e-01,1.145368303571428631e-01,1.132812500000000000e-01,1.114676339285714246e-01,1.118861607142857123e-01,1.148158482142857123e-01,1.142578125000000000e-01,1.106305803571428631e-01
3.906250000000000000e-03,-2.371651785714285528e-03,1.534598214285714255e-03,1.255580357142857236e-03,-2.790178571428571274e-04,1.116071428571428509e-03,-3.348214285714285528e-03,2.232142857142857019e-03,4.743303571428571057e-03,3.069196428571428509e-03,0.000000000000000000e+00,1.953125000000000000e-03,2.232142857142857019e-03,3.766741071428571491e-03,-4.464285714285714038e-03,-2.511160714285714472e-03,1.116071428571428509e-03,-5.580357142857142547e-04,-2.790178571428571274e-04,8.370535714285713821e-04,1.813616071428571491e-03,-2.092633928571428509e-03,-2.790178571428571491e-03,2.929687500000000000e-03,-1.953125000000000000e-03,-2.511160714285714472e-03,4.185267857142856911e-04,-1.395089285714285637e-04,-4.045758928571428943e-03,-1.395089285714285745e-03,1.116071428571428509e-03,-6.975446428571428726e-04,-1.953125000000000000e-03,1.674107142857142764e-03,2.929687500000000000e-03,3.208705357142857019e-03,3.348214285714285528e-03,-1.395089285714285637e-04,-9.765625000000000000e-04,4.045758928571428943e-03,4.045758928571428943e-03,5.580357142857142547e-04
4.338727678571428770e-02,3.724888392857143155e-02,4.282924107142856845e-02,4.101562500000000000e-02,4.073660714285714385e-02,4.087611607142856845e-02,3.585379464285714385e-02,4.394531250000000000e-02,4.478236607142856845e-02,4.310825892857143155e-02,3.989955357142856845e-02,4.310825892857143155e-02,4.408482142857143155e-02,4.464285714285714385e-02,3.780691964285714385e-02,3.696986607142856845e-02,4.157366071428571230e-02,4.031808035714285615e-02,4.017857142857143155e-02,4.101562500000000000e-02,4.296875000000000000e-02,3.864397321428571230e-02,3.710937500000000000e-02,4.199218750000000000e-02,3.976004464285714385e-02,3.808593750000000000e-02,4.115513392857143155e-02,4.157366071428571230e-02,3.710937500000000000e-02,3.836495535714285615e-02,4.185267857142856845e-02,4.087611607142856845e-02,3.878348214285714385e-02,4.268973214285714385e-02,4.408482142857143155e-02,4.324776785714285615e-02,4.394531250000000000e-02,4.059709821428571230e-02,3.962053571428571230e-02,4.575892857142856845e-02,4.492187500000000000e-02,3.976004464285714385e-02
8.761160714285713691e-02,8.286830357142857539e-02,8.635602678571428770e-02,8.454241071428571230e-02,8.468191964285713691e-02,8.496093750000000000e-02,7.965959821428571230e-02,8.775111607142857539e-02,8.830915178571428770e-02,8.607700892857142461e-02,8.328683035714286309e-02,8.663504464285713691e-02,8.789062500000000000e-02,8.789062500000000000e-02,8.286830357142857539e-02,8.077566964285713691e-02,8.551897321428571230e-02,8.482142857142857539e-02,8.384486607142857539e-02,8.565848214285713691e-02,8.635602678571428770e-02,8.482142857142857539e-02,8.007812500000000000e-02,8.523995535714286309e-02,8.440290178571428770e-02,8.244977678571428770e-02,8.468191964285713691e-02,8.691406250000000000e-02,8.244977678571428770e-02,8.342633928571428770e-02,8.677455357142857539e-02,8.663504464285713691e-02,8.300781250000000000e-02,8.607700892857142461e-02,8.970424107142857539e-02,8.719308035714286309e-02,8.900669642857142461e-02,8.412388392857142461e-02,8.356584821428571230e-02,8.900669642857142461e-02,8.942522321428571230e-02,8.272879464285713691e-02
3.194754464285714385e-02,2.818080357142857192e-02,3.041294642857142808e-02,2.985491071428571577e-02,2.957589285714285615e-02,3.013392857142857192e-02,2.650669642857142808e-02,3.152901785714285615e-02,3.236607142857143155e-02,3.180803571428571230e-02,2.915736607142857192e-02,3.069196428571428423e-02,3.166852678571428770e-02,3.166852678571428770e-02,2.678571428571428423e-02,2.720424107142857192e-02,2.957589285714285615e-02,2.943638392857142808e-02,2.901785714285714385e-02,2.971540178571428423e-02,3.097098214285714385e-02,2.804129464285714385e-02,2.776227678571428423e-02,3.097098214285714385e-02,2.887834821428571577e-02,2.748325892857142808e-02,2.943638392857142808e-02,2.957589285714285615e-02,2.664620535714285615e-02,2.873883928571428423e-02,3.055245535714285615e-02,2.873883928571428423e-02,2.818080357142857192e-02,3.152901785714285615e-02,3.194754464285714385e-02,3.097098214285714385e-02,3.125000000000000000e-02,2.985491071428571577e-02,2.873883928571428423e-02,3.334263392857143155e-02,3.222656250000000000e-02,2.943638392857142808e-02
-1.547154017857142738e-01,-1.607142857142857262e-01,-1.554129464285714246e-01,-1.556919642857142738e-01,-1.561104910714285754e-01,-1.555524553571428492e-01,-1.604352678571428492e-01,-1.522042410714285754e-01,-1.503906250000000000e-01,-1.519252232142857262e-01,-1.551339285714285754e-01,-1.519252232142857262e-01,-1.530412946428571508e-01,-1.505301339285714246e-01,-1.597377232142857262e-01,-1.562500000000000000e-01,-1.530412946428571508e-01,-1.615513392857142738e-01,-1.595982142857142738e-01,-1.587611607142857262e-01,-1.570870535714285754e-01,-1.616908482142857262e-01,-1.626674107142857262e-01,-1.565290178571428492e-01,-1.602957589285714246e-01,-1.621093750000000000e-01,-1.580636160714285754e-01,-1.584821428571428492e-01,-1.619698660714285754e-01,-1.601562500000000000e-01,-1.569475446428571508e-01,-1.580636160714285754e-01,-1.593191964285714246e-01,-1.551339285714285754e-01,-1.548549107142857262e-01,-1.549944196428571508e-01,-1.531808035714285754e-01,-1.563895089285714246e-01,-1.569475446428571508e-01,-1.502511160714285754e-01,-1.524832589285714246e-01,-1.548549107142857262e-01
-8.510044642857142461e-02,-8.914620535714286309e-02,-8.510044642857142461e-02,-8.621651785714286309e-02,-8.607700892857142461e-02,-8.579799107142857539e-02,-8.970424107142857539e-02,-8.286830357142857539e-02,-8.175223214285713691e-02,-8.286830357142857539e-02,-8.663504464285713691e-02,-8.342633928571428770e-02,-8.328683035714286309e-02,-8.133370535714286309e-02,-8.803013392857142461e-02,-8.844866071428571230e-02,-8.356584821428571230e-02,-8.970424107142857539e-02,-8.844866071428571230e-02,-8.789062500000000000e-02,-8.663504464285713691e-02,-8.970424107142857539e-02,-9.151785714285713691e-02,-8.607700892857142461e-02,-8.816964285714286309e-02,-9.040178571428571230e-02,-8.719308035714286309e-02,-8.747209821428571230e-02,-8.998325892857142461e-02,-8.886718750000000000e-02,-8.635602678571428770e-02,-8.747209821428571230e-02,-8.886718750000000000e-02,-8.482142857142857539e-02,-8.426339285714286309e-02,-8.440290178571428770e-02,-8.300781250000000000e-02,-8.663504464285713691e-02,-8.705357142857142461e-02,-8.077566964285713691e-02,-8.258928571428571230e-02,-8.621651785714286309e-02
-2.385602678571428423e-02,-2.678571428571428423e-02,-2.427455357142857192e-02,-2.678571428571428423e-02,-2.650669642857142808e-02,-2.553013392857142808e-02,-2.943638392857142808e-02,-2.301897321428571577e-02,-2.162388392857142808e-02,-2.343750000000000000e-02,-2.566964285714285615e-02,-2.301897321428571577e-02,-2.162388392857142808e-02,-2.218191964285714385e-02,-2.608816964285714385e-02,-2.692522321428571577e-02,-2.357700892857142808e-02,-2.790178571428571577e-02,-2.734375000000000000e-02,-2.608816964285714385e-02,-2.539062500000000000e-02,-2.790178571428571577e-02,-3.055245535714285615e-02,-2.594866071428571577e-02,-2.608816964285714385e-02,-2.915736607142857192e-02,-2.594866071428571577e-02,-2.497209821428571577e-02,-2.832031250000000000e-02,-2.734375000000000000e-02,-2.357700892857142808e-02,-2.427455357142857192e-02,-2.636718750000000000e-02,-2.427455357142857192e-02,-2.273995535714285615e-02,-2.371651785714285615e-02,-2.232142857142857192e-02,-2.622767857142857192e-02,-2.511160714285714385e-02,-2.218191964285714385e-02,-2.204241071428571577e-02,-2.580915178571428423e-02
-5.482700892857143155e-02,-5.622209821428571230e-02,-5.510602678571428770e-02,-5.510602678571428770e-02,-5.622209821428571230e-02,-5.468750000000000000e-02,-5.719866071428571230e-02,-5.412946428571428770e-02,-5.343191964285714385e-02,-5.245535714285714385e-02,-5.496651785714285615e-02,-5.398995535714285615e-02,-5.329241071428571230e-02,-5.329241071428571230e-02,-5.733816964285714385e-02,-5.594308035714285615e-02,-5.454799107142856845e-02,-5.761718750000000000e-02,-5.705915178571428770e-02,-5.594308035714285615e-02,-5.650111607142856845e-02,-5.747767857142856845e-02,-5.636160714285714385e-02,-5.426897321428571230e-02,-5.636160714285714385e-02,-5.775669642857143155e-02,-5.580357142857143155e-02,-5.622209821428571230e-02,-5.775669642857143155e-02,-5.636160714285714385e-02,-5.482700892857143155e-02,-5.691964285714285615e-02,-5.636160714285714385e-02,-5.454799107142856845e-02,-5.440848214285714385e-02,-5.440848214285714385e-02,-5.440848214285714385e-02,-5.566406250000000000e-02,-5.552455357142856845e-02,-5.203683035714285615e-02,-5.398995535714285615e-02,-5.552455357142856845e-02
-2.060546875000000000e-01,-2.085658482142857262e-01,-2.046595982142857262e-01,-2.054966517857142738e-01,-2.049386160714285754e-01,-2.052176339285714246e-01,-2.089843750000000000e-01,-2.018694196428571508e-01,-2.000558035714285754e-01,-2.001953125000000000e-01,-2.039620535714285754e-01,-2.008928571428571508e-01,-2.038225446428571508e-01,-1.996372767857142738e-01,-2.073102678571428492e-01,-2.046595982142857262e-01,-2.028459821428571508e-01,-2.113560267857142738e-01,-2.088448660714285754e-01,-2.071707589285714246e-01,-2.071707589285714246e-01,-2.103794642857142738e-01,-2.098214285714285754e-01,-2.045200892857142738e-01,-2.088448660714285754e-01,-2.101004464285714246e-01,-2.071707589285714246e-01,-2.085658482142857262e-01,-2.096819196428571508e-01,-2.075892857142857262e-01,-2.067522321428571508e-01,-2.064732142857142738e-01,-2.056361607142857262e-01,-2.041015625000000000e-01,-2.050781250000000000e-01,-2.052176339285714246e-01,-2.034040178571428492e-01,-2.054966517857142738e-01,-2.047991071428571508e-01,-2.000558035714285754e-01,-2.046595982142857262e-01,-2.029854910714285754e-01
-1.166294642857142877e-01,-1.180245535714285754e-01,-1.163504464285714246e-01,-1.171875000000000000e-01,-1.159319196428571369e-01,-1.159319196428571369e-01,-1.202566964285714246e-01,-1.143973214285714246e-01,-1.127232142857142877e-01,-1.124441964285714246e-01,-1.159319196428571369e-01,-1.141183035714285754e-01,-1.145368303571428631e-01,-1.125837053571428631e-01,-1.171875000000000000e-01,-1.177455357142857123e-01,-1.149553571428571369e-01,-1.201171875000000000e-01,-1.187220982142857123e-01,-1.183035714285714246e-01,-1.183035714285714246e-01,-1.203962053571428631e-01,-1.195591517857142877e-01,-1.159319196428571369e-01,-1.176060267857142877e-01,-1.205357142857142877e-01,-1.181640625000000000e-01,-1.176060267857142877e-01,-1.195591517857142877e-01,-1.183035714285714246e-01,-1.170479910714285754e-01,-1.169084821428571369e-01,-1.169084821428571369e-01,-1.153738839285714246e-01,-1.150948660714285754e-01,-1.157924107142857123e-01,-1.149553571428571369e-01,-1.170479910714285754e-01,-1.167689732142857123e-01,-1.132812500000000000e-01,-1.156529017857142877e-01,-1.163504464285714246e-01
-4.882812500000000000e-02,-4.952566964285714385e-02,-4.799107142857143155e-02,-5.147879464285714385e-02,-4.952566964285714385e-02,-4.854910714285714385e-02,-5.203683035714285615e-02,-4.645647321428571230e-02,-4.673549107142856845e-02,-4.603794642857143155e-02,-4.868861607142856845e-02,-4.603794642857143155e-02,-4.617745535714285615e-02,-4.547991071428571230e-02,-4.743303571428571230e-02,-5.050223214285714385e-02,-4.701450892857143155e-02,-5.133928571428571230e-02,-5.008370535714285615e-02,-4.868861607142856845e-02,-5.022321428571428770e-02,-5.008370535714285615e-02,-5.161830357142856845e-02,-4.966517857142856845e-02,-4.896763392857143155e-02,-5.147879464285714385e-02,-4.980468750000000000e-02,-4.882812500000000000e-02,-5.092075892857143155e-02,-4.952566964285714385e-02,-4.701450892857143155e-02,-4.868861607142856845e-02,-4.910714285714285615e-02,-4.757254464285714385e-02,-4.631696428571428770e-02,-4.673549107142856845e-02,-4.617745535714285615e-02,-4.966517857142856845e-02,-4.910714285714285615e-02,-4.547991071428571230e-02,-4.827008928571428770e-02,-4.924665178571428770e-02
-7.184709821428571230e-02,-7.254464285714286309e-02,-7.198660714285713691e-02,-7.254464285714286309e-02,-7.156808035714286309e-02,-7.142857142857142461e-02,-7.407924107142857539e-02,-7.101004464285713691e-02,-6.933593750000000000e-02,-6.975446428571428770e-02,-7.101004464285713691e-02,-7.156808035714286309e-02,-7.087053571428571230e-02,-7.073102678571428770e-02,-7.380022321428571230e-02,-7.240513392857142461e-02,-7.128906250000000000e-02,-7.421875000000000000e-02,-7.324218750000000000e-02,-7.268415178571428770e-02,-7.338169642857142461e-02,-7.407924107142857539e-02,-7.170758928571428770e-02,-7.031250000000000000e-02,-7.240513392857142461e-02,-7.380022321428571230e-02,-7.226562500000000000e-02,-7.254464285714286309e-02,-7.393973214285713691e-02,-7.184709821428571230e-02,-7.184709821428571230e-02,-7.254464285714286309e-02,-7.184709821428571230e-02,-7.156808035714286309e-02,-7.142857142857142461e-02,-7.142857142857142461e-02,-7.128906250000000000e-02,-7.212611607142857539e-02,-7.128906250000000000e-02,-6.961495535714286309e-02,-7.240513392857142461e-02,-7.156808035714286309e-02
-2.246093750000000000e-01,-2.261439732142857262e-01,-2.240513392857142738e-01,-2.250279017857142738e-01,-2.243303571428571508e-01,-2.258649553571428492e-01,-2.279575892857142738e-01,-2.239118303571428492e-01,-2.195870535714285754e-01,-2.220982142857142738e-01,-2.232142857142857262e-01,-2.211216517857142738e-01,-2.258649553571428492e-01,-2.204241071428571508e-01,-2.240513392857142738e-01,-2.229352678571428492e-01,-2.216796875000000000e-01,-2.257254464285714246e-01,-2.282366071428571508e-01,-2.292131696428571508e-01,-2.278180803571428492e-01,-2.296316964285714246e-01,-2.272600446428571508e-01,-2.246093750000000000e-01,-2.286551339285714246e-01,-2.286551339285714246e-01,-2.254464285714285754e-01,-2.276785714285714246e-01,-2.280970982142857262e-01,-2.278180803571428492e-01,-2.247488839285714246e-01,-2.253069196428571508e-01,-2.271205357142857262e-01,-2.229352678571428492e-01,-2.236328125000000000e-01,-2.260044642857142738e-01,-2.247488839285714246e-01,-2.234933035714285754e-01,-2.246093750000000000e-01,-2.233537946428571508e-01,-2.241908482142857262e-01,-2.226562500000000000e-01
-9.151785714285713691e-02,-9.416852678571428770e-02,-9.333147321428571230e-02,-9.361049107142857539e-02,-9.347098214285713691e-02,-9.430803571428571230e-02,-9.667968750000000000e-02,-9.347098214285713691e-02,-9.026227678571428770e-02,-9.207589285714286309e-02,-9.263392857142857539e-02,-9.109933035714286309e-02,-9.375000000000000000e-02,-9.095982142857142461e-02,-9.137834821428571230e-02,-9.333147321428571230e-02,-9.165736607142857539e-02,-9.249441964285713691e-02,-9.500558035714286309e-02,-9.444754464285713691e-02,-9.416852678571428770e-02,-9.500558035714286309e-02,-9.514508928571428770e-02,-9.416852678571428770e-02,-9.542410714285713691e-02,-9.542410714285713691e-02,-9.291294642857142461e-02,-9.388950892857142461e-02,-9.612165178571428770e-02,-9.486607142857142461e-02,-9.319196428571428770e-02,-9.263392857142857539e-02,-9.514508928571428770e-02,-9.221540178571428770e-02,-9.082031250000000000e-02,-9.333147321428571230e-02,-9.263392857142857539e-02,-9.319196428571428770e-02,-9.402901785714286309e-02,-9.402901785714286309e-02,-9.291294642857142461e-02,-9.347098214285713691e-02
-1.088169642857142808e-02,-1.255580357142857192e-02,-1.283482142857142808e-02,-1.395089285714285789e-02,-1.395089285714285789e-02,-1.395089285714285789e-02,-1.604352678571428423e-02,-1.227678571428571404e-02,-1.116071428571428596e-02,-1.213727678571428596e-02,-1.297433035714285789e-02,-1.060267857142857192e-02,-1.269531250000000000e-02,-1.185825892857142808e-02,-9.905133928571428076e-03,-1.395089285714285789e-02,-1.269531250000000000e-02,-1.032366071428571404e-02,-1.367187500000000000e-02,-1.325334821428571404e-02,-1.255580357142857192e-02,-1.269531250000000000e-02,-1.353236607142857192e-02,-1.436941964285714211e-02,-1.269531250000000000e-02,-1.422991071428571404e-02,-1.241629464285714211e-02,-1.130022321428571404e-02,-1.409040178571428596e-02,-1.297433035714285789e-02,-1.046316964285714211e-02,-1.157924107142857192e-02,-1.339285714285714211e-02,-1.116071428571428596e-02,-9.626116071428571924e-03,-1.213727678571428596e-02,-1.116071428571428596e-02,-1.269531250000000000e-02,-1.395089285714285789e-02,-1.311383928571428596e-02,-1.227678571428571404e-02,-1.353236607142857192e-02
-3.320312500000000000e-02,-3.487723214285714385e-02,-3.473772321428571230e-02,-3.501674107142856845e-02,-3.445870535714285615e-02,-3.501674107142856845e-02,-3.599330357142856845e-02,-3.515625000000000000e-02,-3.264508928571428770e-02,-3.348214285714285615e-02,-3.348214285714285615e-02,-3.473772321428571230e-02,-3.529575892857143155e-02,-3.334263392857143155e-02,-3.473772321428571230e-02,-3.431919642857143155e-02,-3.445870535714285615e-02,-3.362165178571428770e-02,-3.501674107142856845e-02,-3.529575892857143155e-02,-3.543526785714285615e-02,-3.585379464285714385e-02,-3.404017857142856845e-02,-3.390066964285714385e-02,-3.501674107142856845e-02,-3.501674107142856845e-02,-3.431919642857143155e-02,-3.445870535714285615e-02,-3.599330357142856845e-02,-3.501674107142856845e-02,-3.445870535714285615e-02,-3.431919642857143155e-02,-3.501674107142856845e-02,-3.348214285714285615e-02,-3.306361607142856845e-02,-3.473772321428571230e-02,-3.473772321428571230e-02,-3.501674107142856845e-02,-3.473772321428571230e-02,-3.501674107142856845e-02,-3.501674107142856845e-02,-3.473772321428571230e-02
-1.530412946428571508e-01,-1.549944196428571508e-01,-1.556919642857142738e-01,-1.558314732142857262e-01,-1.540178571428571508e-01,-1.582031250000000000e-01,-1.575055803571428492e-01,-1.573660714285714246e-01,-1.526227678571428492e-01,-1.566685267857142738e-01,-1.549944196428571508e-01,-1.529017857142857262e-01,-1.597377232142857262e-01,-1.552734375000000000e-01,-1.524832589285714246e-01,-1.558314732142857262e-01,-1.531808035714285754e-01,-1.512276785714285754e-01,-1.565290178571428492e-01,-1.589006696428571508e-01,-1.601562500000000000e-01,-1.586216517857142738e-01,-1.577845982142857262e-01,-1.565290178571428492e-01,-1.600167410714285754e-01,-1.590401785714285754e-01,-1.552734375000000000e-01,-1.575055803571428492e-01,-1.593191964285714246e-01,-1.591796875000000000e-01,-1.566685267857142738e-01,-1.551339285714285754e-01,-1.575055803571428492e-01,-1.523437500000000000e-01,-1.537388392857142738e-01,-1.600167410714285754e-01,-1.566685267857142738e-01,-1.562500000000000000e-01,-1.575055803571428492e-01,-1.586216517857142738e-01,-1.551339285714285754e-01,-1.530412946428571508e-01
-3.055245535714285615e-02,-3.208705357142856845e-02,-3.445870535714285615e-02,-3.306361607142856845e-02,-3.292410714285714385e-02,-3.487723214285714385e-02,-3.501674107142856845e-02,-3.515625000000000000e-02,-3.111049107142857192e-02,-3.543526785714285615e-02,-3.292410714285714385e-02,-3.166852678571428770e-02,-3.627232142857143155e-02,-3.487723214285714385e-02,-2.957589285714285615e-02,-3.417968750000000000e-02,-3.250558035714285615e-02,-2.901785714285714385e-02,-3.459821428571428770e-02,-3.404017857142856845e-02,-3.571428571428571230e-02,-3.376116071428571230e-02,-3.473772321428571230e-02,-3.501674107142856845e-02,-3.515625000000000000e-02,-3.543526785714285615e-02,-3.278459821428571230e-02,-3.376116071428571230e-02,-3.641183035714285615e-02,-3.571428571428571230e-02,-3.264508928571428770e-02,-3.180803571428571230e-02,-3.376116071428571230e-02,-3.125000000000000000e-02,-3.055245535714285615e-02,-3.655133928571428770e-02,-3.362165178571428770e-02,-3.348214285714285615e-02,-3.473772321428571230e-02,-3.669084821428571230e-02,-3.292410714285714385e-02,-3.208705357142856845e-02
4.115513392857143155e-02,3.822544642857143155e-02,3.571428571428571230e-02,3.683035714285714385e-02,3.627232142857143155e-02,3.543526785714285615e-02,3.501674107142856845e-02,3.655133928571428770e-02,3.752790178571428770e-02,3.459821428571428770e-02,3.696986607142856845e-02,3.808593750000000000e-02,3.404017857142856845e-02,3.529575892857143155e-02,4.143415178571428770e-02,3.529575892857143155e-02,3.683035714285714385e-02,4.241071428571428770e-02,3.710937500000000000e-02,3.780691964285714385e-02,3.627232142857143155e-02,3.766741071428571230e-02,3.543526785714285615e-02,3.571428571428571230e-02,3.738839285714285615e-02,3.557477678571428770e-02,3.780691964285714385e-02,3.850446428571428770e-02,3.543526785714285615e-02,3.571428571428571230e-02,3.920200892857143155e-02,3.878348214285714385e-02,3.655133928571428770e-02,3.920200892857143155e-02,4.045758928571428770e-02,3.473772321428571230e-02,3.766741071428571230e-02,3.669084821428571230e-02,3.501674107142856845e-02,3.473772321428571230e-02,3.752790178571428770e-02,3.627232142857143155e-02
5.719866071428571057e-03,5.161830357142857019e-03,2.650669642857142981e-03,3.208705357142857019e-03,3.766741071428571491e-03,2.511160714285714472e-03,2.511160714285714472e-03,1.674107142857142764e-03,4.464285714285714038e-03,3.069196428571428509e-03,4.045758928571428943e-03,3.487723214285714472e-03,1.116071428571428509e-03,2.092633928571428509e-03,4.882812500000000000e-03,2.929687500000000000e-03,4.185267857142857019e-03,7.812500000000000000e-03,4.185267857142857019e-03,3.906250000000000000e-03,1.953125000000000000e-03,3.348214285714285528e-03,4.882812500000000000e-03,4.185267857142857019e-03,3.208705357142857019e-03,3.069196428571428509e-03,4.324776785714285962e-03,3.487723214285714472e-03,1.674107142857142764e-03,3.208705357142857019e-03,3.766741071428571491e-03,4.185267857142857019e-03,4.464285714285714038e-03,5.301339285714285962e-03,5.161830357142857019e-03,1.674107142857142764e-03,2.929687500000000000e-03,3.069196428571428509e-03,2.790178571428571491e-03,1.534598214285714255e-03,3.069196428571428509e-03,4.603794642857142981e-03
-5.873325892857143155e-02,-5.943080357142856845e-02,-6.236049107142856845e-02,-6.250000000000000000e-02,-6.054687500000000000e-02,-6.236049107142856845e-02,-6.180245535714285615e-02,-6.389508928571428770e-02,-6.096540178571428770e-02,-6.222098214285714385e-02,-6.124441964285714385e-02,-6.222098214285714385e-02,-6.375558035714286309e-02,-6.361607142857142461e-02,-5.915178571428571230e-02,-6.194196428571428770e-02,-6.054687500000000000e-02,-5.664062500000000000e-02,-6.277901785714286309e-02,-6.166294642857143155e-02,-6.361607142857142461e-02,-6.236049107142856845e-02,-5.998883928571428770e-02,-6.012834821428571230e-02,-6.375558035714286309e-02,-6.291852678571428770e-02,-6.180245535714285615e-02,-6.361607142857142461e-02,-6.347656250000000000e-02,-6.236049107142856845e-02,-6.152343750000000000e-02,-6.096540178571428770e-02,-6.194196428571428770e-02,-5.887276785714285615e-02,-6.040736607142856845e-02,-6.459263392857142461e-02,-6.277901785714286309e-02,-6.096540178571428770e-02,-6.180245535714285615e-02,-6.277901785714286309e-02,-6.152343750000000000e-02,-5.915178571428571230e-02
5.203683035714285615e-02,5.133928571428571230e-02,4.785156250000000000e-02,4.785156250000000000e-02,4.840959821428571230e-02,4.813058035714285615e-02,4.840959821428571230e-02,4.659598214285714385e-02,4.896763392857143155e-02,4.673549107142856845e-02,4.868861607142856845e-02,4.868861607142856845e-02,4.701450892857143155e-02,4.701450892857143155e-02,5.231584821428571230e-02,4.645647321428571230e-02,4.785156250000000000e-02,5.412946428571428770e-02,4.813058035714285615e-02,4.952566964285714385e-02,4.854910714285714385e-02,4.952566964285714385e-02,4.994419642857143155e-02,4.854910714285714385e-02,4.896763392857143155e-02,4.757254464285714385e-02,4.896763392857143155e-02,4.882812500000000000e-02,4.771205357142856845e-02,4.868861607142856845e-02,5.050223214285714385e-02,5.008370535714285615e-02,4.854910714285714385e-02,5.050223214285714385e-02,5.147879464285714385e-02,4.701450892857143155e-02,4.840959821428571230e-02,4.896763392857143155e-02,4.799107142857143155e-02,4.631696428571428770e-02,4.910714285714285615e-02,5.064174107142856845e-02
1.113281250000000000e-01,1.088169642857142877e-01,1.064453125000000000e-01,1.068638392857142877e-01,1.065848214285714246e-01,1.063058035714285754e-01,1.063058035714285754e-01,1.068638392857142877e-01,1.060267857142857123e-01,1.044921875000000000e-01,1.077008928571428631e-01,1.067243303571428631e-01,1.057477678571428631e-01,1.049107142857142877e-01,1.106305803571428631e-01,1.047712053571428631e-01,1.064453125000000000e-01,1.121651785714285754e-01,1.071428571428571369e-01,1.088169642857142877e-01,1.082589285714285754e-01,1.083984375000000000e-01,1.077008928571428631e-01,1.057477678571428631e-01,1.086774553571428631e-01,1.065848214285714246e-01,1.078404017857142877e-01,1.090959821428571369e-01,1.054687500000000000e-01,1.071428571428571369e-01,1.100725446428571369e-01,1.079799107142857123e-01,1.070033482142857123e-01,1.085379464285714246e-01,1.106305803571428631e-01,1.063058035714285754e-01,1.078404017857142877e-01,1.071428571428571369e-01,1.061662946428571369e-01,1.050502232142857123e-01,1.077008928571428631e-01,1.067243303571428631e-01
6.026785714285714385e-02,6.068638392857143155e-02,5.747767857142856845e-02,5.664062500000000000e-02,5.775669642857143155e-02,5.775669642857143155e-02,5.761718750000000000e-02,5.580357142857143155e-02,5.789620535714285615e-02,5.705915178571428770e-02,5.775669642857143155e-02,5.719866071428571230e-02,5.594308035714285615e-02,5.524553571428571230e-02,5.943080357142856845e-02,5.678013392857143155e-02,5.678013392857143155e-02,6.208147321428571230e-02,5.873325892857143155e-02,5.929129464285714385e-02,5.747767857142856845e-02,5.859375000000000000e-02,6.082589285714285615e-02,5.915178571428571230e-02,5.873325892857143155e-02,5.831473214285714385e-02,5.817522321428571230e-02,5.761718750000000000e-02,5.733816964285714385e-02,5.984933035714285615e-02,5.859375000000000000e-02,5.901227678571428770e-02,5.873325892857143155e-02,5.998883928571428770e-02,5.929129464285714385e-02,5.678013392857143155e-02,5.719866071428571230e-02,5.775669642857143155e-02,5.789620535714285615e-02,5.636160714285714385e-02,5.691964285714285615e-02,5.901227678571428770e-02
-5.412946428571428770e-02,-5.482700892857143155e-02,-5.775669642857143155e-02,-5.817522321428571230e-02,-5.664062500000000000e-02,-5.705915178571428770e-02,-5.664062500000000000e-02,-5.929129464285714385e-02,-5.664062500000000000e-02,-5.747767857142856845e-02,-5.622209821428571230e-02,-5.691964285714285615e-02,-5.733816964285714385e-02,-5.859375000000000000e-02,-5.412946428571428770e-02,-5.761718750000000000e-02,-5.580357142857143155e-02,-5.538504464285714385e-02,-5.970982142857143155e-02,-5.775669642857143155e-02,-5.775669642857143155e-02,-5.887276785714285615e-02,-5.580357142857143155e-02,-5.705915178571428770e-02,-5.901227678571428770e-02,-5.803571428571428770e-02,-5.901227678571428770e-02,-5.873325892857143155e-02,-5.929129464285714385e-02,-5.719866071428571230e-02,-5.747767857142856845e-02,-5.650111607142856845e-02,-5.803571428571428770e-02,-5.580357142857143155e-02,-5.510602678571428770e-02,-5.873325892857143155e-02,-5.691964285714285615e-02,-5.678013392857143155e-02,-5.691964285714285615e-02,-5.901227678571428770e-02,-5.580357142857143155e-02,-5.496651785714285615e-02
-1.157924107142857192e-02,-1.102120535714285789e-02,-1.464843750000000000e-02,-1.492745535714285789e-02,-1.353236607142857192e-02,-1.395089285714285789e-02,-1.339285714285714211e-02,-1.548549107142857192e-02,-1.367187500000000000e-02,-1.450892857142857192e-02,-1.255580357142857192e-02,-1.353236607142857192e-02,-1.395089285714285789e-02,-1.506696428571428596e-02,-9.486607142857142114e-03,-1.492745535714285789e-02,-1.297433035714285789e-02,-1.130022321428571404e-02,-1.660156250000000000e-02,-1.381138392857142808e-02,-1.436941964285714211e-02,-1.409040178571428596e-02,-1.213727678571428596e-02,-1.492745535714285789e-02,-1.395089285714285789e-02,-1.590401785714285615e-02,-1.492745535714285789e-02,-1.464843750000000000e-02,-1.576450892857142808e-02,-1.339285714285714211e-02,-1.297433035714285789e-02,-1.311383928571428596e-02,-1.409040178571428596e-02,-1.199776785714285789e-02,-1.116071428571428596e-02,-1.492745535714285789e-02,-1.269531250000000000e-02,-1.283482142857142808e-02,-1.353236607142857192e-02,-1.534598214285714211e-02,-1.311383928571428596e-02,-1.143973214285714211e-02
4.017857142857143155e-02,3.962053571428571230e-02,3.613281250000000000e-02,3.696986607142856845e-02,3.669084821428571230e-02,3.683035714285714385e-02,3.724888392857143155e-02,3.585379464285714385e-02,3.627232142857143155e-02,3.571428571428571230e-02,3.850446428571428770e-02,3.724888392857143155e-02,3.766741071428571230e-02,3.641183035714285615e-02,4.213169642857143155e-02,3.557477678571428770e-02,3.766741071428571230e-02,3.892299107142856845e-02,3.501674107142856845e-02,3.794642857142856845e-02,3.752790178571428770e-02,3.752790178571428770e-02,3.696986607142856845e-02,3.571428571428571230e-02,3.836495535714285615e-02,3.599330357142856845e-02,3.613281250000000000e-02,3.794642857142856845e-02,3.515625000000000000e-02,3.724888392857143155e-02,3.864397321428571230e-02,3.836495535714285615e-02,3.641183035714285615e-02,3.724888392857143155e-02,4.073660714285714385e-02,3.738839285714285615e-02,3.864397321428571230e-02,3.710937500000000000e-02,3.599330357142856845e-02,3.529575892857143155e-02,3.808593750000000000e-02,3.738839285714285615e-02
-5.161830357142857019e-03,-4.185267857142857019e-03,-6.696428571428571057e-03,-7.672991071428571057e-03,-6.417410714285714038e-03,-6.277901785714285962e-03,-5.719866071428571057e-03,-8.510044642857142114e-03,-6.975446428571428943e-03,-6.556919642857142981e-03,-5.859375000000000000e-03,-7.393973214285714038e-03,-6.835937500000000000e-03,-8.370535714285714038e-03,-5.022321428571428943e-03,-7.952008928571428076e-03,-6.556919642857142981e-03,-4.324776785714285962e-03,-7.952008928571428076e-03,-6.277901785714285962e-03,-7.393973214285714038e-03,-7.533482142857142981e-03,-4.324776785714285962e-03,-6.277901785714285962e-03,-6.835937500000000000e-03,-7.114955357142857019e-03,-7.393973214285714038e-03,-7.254464285714285962e-03,-7.952008928571428076e-03,-5.998883928571428943e-03,-6.138392857142857019e-03,-6.556919642857142981e-03,-5.998883928571428943e-03,-5.440848214285714038e-03,-5.719866071428571057e-03,-7.533482142857142981e-03,-5.859375000000000000e-03,-6.277901785714285962e-03,-5.719866071428571057e-03,-7.672991071428571057e-03,-7.114955357142857019e-03,-5.301339285714285962e-03
-1.601562500000000000e-01,-1.608537946428571508e-01,-1.615513392857142738e-01,-1.614118303571428492e-01,-1.605747767857142738e-01,-1.607142857142857262e-01,-1.609933035714285754e-01,-1.618303571428571508e-01,-1.579241071428571508e-01,-1.586216517857142738e-01,-1.597377232142857262e-01,-1.580636160714285754e-01,-1.608537946428571508e-01,-1.598772321428571508e-01,-1.615513392857142738e-01,-1.608537946428571508e-01,-1.584821428571428492e-01,-1.615513392857142738e-01,-1.629464285714285754e-01,-1.626674107142857262e-01,-1.622488839285714246e-01,-1.642020089285714246e-01,-1.604352678571428492e-01,-1.601562500000000000e-01,-1.618303571428571508e-01,-1.636439732142857262e-01,-1.626674107142857262e-01,-1.637834821428571508e-01,-1.623883928571428492e-01,-1.614118303571428492e-01,-1.632254464285714246e-01,-1.605747767857142738e-01,-1.605747767857142738e-01,-1.591796875000000000e-01,-1.605747767857142738e-01,-1.626674107142857262e-01,-1.605747767857142738e-01,-1.602957589285714246e-01,-1.598772321428571508e-01,-1.590401785714285754e-01,-1.611328125000000000e-01,-1.582031250000000000e-01
-4.003906250000000000e-02,-3.906250000000000000e-02,-4.101562500000000000e-02,-4.101562500000000000e-02,-4.031808035714285615e-02,-4.017857142857143155e-02,-4.157366071428571230e-02,-4.017857142857143155e-02,-3.836495535714285615e-02,-3.878348214285714385e-02,-4.003906250000000000e-02,-3.906250000000000000e-02,-4.031808035714285615e-02,-3.948102678571428770e-02,-3.892299107142856845e-02,-4.185267857142856845e-02,-3.920200892857143155e-02,-3.934151785714285615e-02,-4.115513392857143155e-02,-4.031808035714285615e-02,-4.073660714285714385e-02,-4.101562500000000000e-02,-3.962053571428571230e-02,-3.989955357142856845e-02,-3.962053571428571230e-02,-4.227120535714285615e-02,-4.087611607142856845e-02,-4.087611607142856845e-02,-4.101562500000000000e-02,-4.087611607142856845e-02,-3.976004464285714385e-02,-4.003906250000000000e-02,-3.989955357142856845e-02,-3.920200892857143155e-02,-3.934151785714285615e-02,-4.059709821428571230e-02,-3.920200892857143155e-02,-3.989955357142856845e-02,-4.073660714285714385e-02,-3.920200892857143155e-02,-4.101562500000000000e-02,-3.920200892857143155e-02
3.069196428571428423e-02,3.055245535714285615e-02,2.887834821428571577e-02,2.929687500000000000e-02,2.887834821428571577e-02,3.027343750000000000e-02,2.859933035714285615e-02,2.985491071428571577e-02,3.111049107142857192e-02,3.013392857142857192e-02,3.083147321428571577e-02,3.097098214285714385e-02,2.957589285714285615e-02,3.041294642857142808e-02,3.166852678571428770e-02,2.720424107142857192e-02,3.041294642857142808e-02,3.083147321428571577e-02,2.957589285714285615e-02,3.097098214285714385e-02,3.111049107142857192e-02,3.027343750000000000e-02,2.971540178571428423e-02,2.873883928571428423e-02,3.083147321428571577e-02,2.887834821428571577e-02,2.887834821428571577e-02,3.125000000000000000e-02,2.859933035714285615e-02,3.069196428571428423e-02,3.194754464285714385e-02,3.138950892857143155e-02,3.055245535714285615e-02,3.055245535714285615e-02,3.320312500000000000e-02,3.055245535714285615e-02,3.055245535714285615e-02,2.943638392857142808e-02,2.887834821428571577e-02,3.041294642857142808e-02,2.845982142857142808e-02,3.041294642857142808e-02
-2.371651785714285528e-03,-1.395089285714285745e-03,-2.511160714285714472e-03,-3.208705357142857019e-03,-2.371651785714285528e-03,-1.674107142857142764e-03,-2.371651785714285528e-03,-3.348214285714285528e-03,-1.674107142857142764e-03,-1.674107142857142764e-03,-2.232142857142857019e-03,-2.790178571428571491e-03,-2.232142857142857019e-03,-3.069196428571428509e-03,-2.929687500000000000e-03,-2.650669642857142981e-03,-3.069196428571428509e-03,-1.255580357142857236e-03,-1.534598214285714255e-03,-1.255580357142857236e-03,-2.371651785714285528e-03,-2.790178571428571491e-03,-1.395089285714285637e-04,-9.765625000000000000e-04,-1.395089285714285745e-03,-3.208705357142857019e-03,-2.511160714285714472e-03,-2.929687500000000000e-03,-2.929687500000000000e-03,-9.765625000000000000e-04,-2.371651785714285528e-03,-1.674107142857142764e-03,-9.765625000000000000e-04,-8.370535714285713821e-04,-1.953125000000000000e-03,-1.953125000000000000e-03,-2.511160714285714472e-03,-2.929687500000000000e-03,-1.674107142857142764e-03,-2.232142857142857019e-03,-3.208705357142857019e-03,-1.953125000000000000e-03
-1.344866071428571508e-01,-1.369977678571428492e-01,-1.333705357142857262e-01,-1.272321428571428492e-01,-1.308593750000000000e-01,-1.316964285714285754e-01,-1.333705357142857262e-01,-1.263950892857142738e-01,-1.262555803571428492e-01,-1.259765625000000000e-01,-1.346261160714285754e-01,-1.258370535714285754e-01,-1.395089285714285754e-01,-1.319754464285714246e-01,-1.343470982142857262e-01,-1.333705357142857262e-01,-1.265345982142857262e-01,-1.303013392857142738e-01,-1.286272321428571508e-01,-1.314174107142857262e-01,-1.347656250000000000e-01,-1.369977678571428492e-01,-1.361607142857142738e-01,-1.287667410714285754e-01,-1.300223214285714246e-01,-1.397879464285714246e-01,-1.261160714285714246e-01,-1.342075892857142738e-01,-1.339285714285714246e-01,-1.347656250000000000e-01,-1.365792410714285754e-01,-1.326729910714285754e-01,-1.318359375000000000e-01,-1.284877232142857262e-01,-1.322544642857142738e-01,-1.311383928571428492e-01,-1.321149553571428492e-01,-1.303013392857142738e-01,-1.294642857142857262e-01,-1.269531250000000000e-01,-1.390904017857142738e-01,-1.335100446428571508e-01
-1.409040178571428596e-02,-1.688058035714285615e-02,-1.422991071428571404e-02,-8.789062500000000000e-03,-1.241629464285714211e-02,-1.269531250000000000e-02,-1.492745535714285789e-02,-7.672991071428571057e-03,-9.068080357142857886e-03,-8.789062500000000000e-03,-1.576450892857142808e-02,-9.486607142857142114e-03,-1.939174107142857192e-02,-1.339285714285714211e-02,-1.409040178571428596e-02,-1.534598214285714211e-02,-9.626116071428571924e-03,-1.018415178571428596e-02,-9.068080357142857886e-03,-1.143973214285714211e-02,-1.395089285714285789e-02,-1.520647321428571404e-02,-1.702008928571428423e-02,-1.088169642857142808e-02,-1.074218750000000000e-02,-1.939174107142857192e-02,-7.672991071428571057e-03,-1.269531250000000000e-02,-1.464843750000000000e-02,-1.506696428571428596e-02,-1.492745535714285789e-02,-1.409040178571428596e-02,-1.297433035714285789e-02,-1.046316964285714211e-02,-1.143973214285714211e-02,-1.046316964285714211e-02,-1.311383928571428596e-02,-1.185825892857142808e-02,-1.199776785714285789e-02,-9.626116071428571924e-03,-2.050781250000000000e-02,-1.632254464285714385e-02
5.231584821428571230e-02,4.980468750000000000e-02,5.231584821428571230e-02,5.678013392857143155e-02,5.273437500000000000e-02,5.385044642857143155e-02,5.106026785714285615e-02,5.901227678571428770e-02,5.622209821428571230e-02,5.678013392857143155e-02,5.050223214285714385e-02,5.678013392857143155e-02,4.729352678571428770e-02,5.385044642857143155e-02,5.343191964285714385e-02,4.924665178571428770e-02,5.678013392857143155e-02,5.580357142857143155e-02,5.678013392857143155e-02,5.580357142857143155e-02,5.231584821428571230e-02,5.217633928571428770e-02,4.924665178571428770e-02,5.329241071428571230e-02,5.622209821428571230e-02,4.799107142857143155e-02,5.817522321428571230e-02,5.496651785714285615e-02,5.231584821428571230e-02,5.217633928571428770e-02,5.385044642857143155e-02,5.315290178571428770e-02,5.371093750000000000e-02,5.524553571428571230e-02,5.622209821428571230e-02,5.608258928571428770e-02,5.385044642857143155e-02,5.371093750000000000e-02,5.385044642857143155e-02,5.622209821428571230e-02,4.520089285714285615e-02,5.161830357142856845e-02
1.590401785714285615e-02,1.409040178571428596e-02,1.576450892857142808e-02,1.869419642857142808e-02,1.562500000000000000e-02,1.618303571428571577e-02,1.492745535714285789e-02,1.771763392857142808e-02,1.813616071428571577e-02,1.925223214285714385e-02,1.381138392857142808e-02,1.743861607142857192e-02,1.143973214285714211e-02,1.492745535714285789e-02,1.367187500000000000e-02,1.409040178571428596e-02,1.743861607142857192e-02,1.813616071428571577e-02,1.897321428571428423e-02,1.771763392857142808e-02,1.478794642857142808e-02,1.520647321428571404e-02,1.562500000000000000e-02,1.883370535714285615e-02,1.771763392857142808e-02,1.255580357142857192e-02,1.953125000000000000e-02,1.618303571428571577e-02,1.492745535714285789e-02,1.548549107142857192e-02,1.492745535714285789e-02,1.576450892857142808e-02,1.757812500000000000e-02,1.771763392857142808e-02,1.632254464285714385e-02,1.771763392857142808e-02,1.534598214285714211e-02,1.632254464285714385e-02,1.715959821428571577e-02,1.827566964285714385e-02,1.116071428571428596e-02,1.381138392857142808e-02
-1.155133928571428631e-01,-1.139787946428571369e-01,-1.146763392857142877e-01,-1.010044642857142877e-01,-1.060267857142857123e-01,-1.102120535714285754e-01,-1.123046875000000000e-01,-1.032366071428571369e-01,-1.014229910714285754e-01,-1.092354910714285754e-01,-1.156529017857142877e-01,-1.026785714285714246e-01,-1.166294642857142877e-01,-1.128627232142857123e-01,-1.166294642857142877e-01,-1.141183035714285754e-01,-1.040736607142857123e-01,-1.078404017857142877e-01,-1.107700892857142877e-01,-1.110491071428571369e-01,-1.114676339285714246e-01,-1.176060267857142877e-01,-1.153738839285714246e-01,-1.040736607142857123e-01,-1.113281250000000000e-01,-1.199776785714285754e-01,-1.044921875000000000e-01,-1.171875000000000000e-01,-1.096540178571428631e-01,-1.114676339285714246e-01,-1.180245535714285754e-01,-1.102120535714285754e-01,-1.142578125000000000e-01,-1.116071428571428631e-01,-1.120256696428571369e-01,-1.109095982142857123e-01,-1.097935267857142877e-01,-1.044921875000000000e-01,-1.109095982142857123e-01,-1.030970982142857123e-01,-1.169084821428571369e-01,-1.111886160714285754e-01
-9.765625000000000000e-04,5.580357142857142547e-04,-1.674107142857142764e-03,1.171875000000000000e-02,6.138392857142857019e-03,3.348214285714285528e-03,4.185267857142856911e-04,9.207589285714285962e-03,9.905133928571428076e-03,2.650669642857142981e-03,-9.765625000000000000e-04,7.672991071428571057e-03,-1.534598214285714255e-03,4.185267857142856911e-04,-1.395089285714285745e-03,-2.511160714285714472e-03,7.952008928571428076e-03,5.998883928571428943e-03,2.929687500000000000e-03,3.766741071428571491e-03,2.790178571428571491e-03,-1.953125000000000000e-03,-9.765625000000000000e-04,7.393973214285714038e-03,3.627232142857142981e-03,-4.324776785714285962e-03,7.952008928571428076e-03,-9.765625000000000000e-04,3.906250000000000000e-03,2.929687500000000000e-03,-2.092633928571428509e-03,4.324776785714285962e-03,-2.790178571428571274e-04,1.813616071428571491e-03,3.069196428571428509e-03,3.487723214285714472e-03,4.464285714285714038e-03,7.393973214285714038e-03,1.674107142857142764e-03,8.091517857142857886e-03,-4.185267857142857019e-03,5.580357142857142547e-04
6.319754464285713691e-02,6.361607142857142461e-02,6.096540178571428770e-02,7.324218750000000000e-02,6.877790178571428770e-02,6.542968750000000000e-02,6.333705357142857539e-02,7.240513392857142461e-02,7.142857142857142461e-02,6.529017857142857539e-02,6.138392857142856845e-02,6.989397321428571230e-02,6.291852678571428770e-02,6.445312500000000000e-02,6.319754464285713691e-02,5.929129464285714385e-02,6.961495535714286309e-02,6.891741071428571230e-02,6.598772321428571230e-02,6.724330357142857539e-02,6.598772321428571230e-02,6.250000000000000000e-02,6.180245535714285615e-02,6.947544642857142461e-02,6.710379464285713691e-02,5.998883928571428770e-02,7.017299107142857539e-02,6.431361607142857539e-02,6.696428571428571230e-02,6.626674107142857539e-02,6.361607142857142461e-02,6.766183035714286309e-02,6.291852678571428770e-02,6.445312500000000000e-02,6.668526785714286309e-02,6.710379464285713691e-02,6.710379464285713691e-02,6.947544642857142461e-02,6.431361607142857539e-02,7.087053571428571230e-02,5.873325892857143155e-02,6.389508928571428770e-02
2.371651785714285615e-02,2.511160714285714385e-02,2.218191964285714385e-02,3.180803571428571230e-02,2.748325892857142808e-02,2.608816964285714385e-02,2.469308035714285615e-02,2.845982142857142808e-02,3.013392857142857192e-02,2.511160714285714385e-02,2.246093750000000000e-02,2.832031250000000000e-02,2.246093750000000000e-02,2.260044642857142808e-02,2.162388392857142808e-02,2.246093750000000000e-02,2.845982142857142808e-02,2.901785714285714385e-02,2.678571428571428423e-02,2.622767857142857192e-02,2.594866071428571577e-02,2.260044642857142808e-02,2.413504464285714385e-02,2.971540178571428423e-02,2.636718750000000000e-02,2.190290178571428423e-02,2.901785714285714385e-02,2.329799107142857192e-02,2.636718750000000000e-02,2.720424107142857192e-02,2.162388392857142808e-02,2.650669642857142808e-02,2.427455357142857192e-02,2.497209821428571577e-02,2.511160714285714385e-02,2.539062500000000000e-02,2.580915178571428423e-02,2.818080357142857192e-02,2.525111607142857192e-02,2.859933035714285615e-02,2.148437500000000000e-02,2.385602678571428423e-02
-1.411830357142857262e-01,-1.410435267857142738e-01,-1.378348214285714246e-01,-1.289062500000000000e-01,-1.315569196428571508e-01,-1.382533482142857262e-01,-1.372767857142857262e-01,-1.279296875000000000e-01,-1.280691964285714246e-01,-1.319754464285714246e-01,-1.376953125000000000e-01,-1.265345982142857262e-01,-1.369977678571428492e-01,-1.316964285714285754e-01,-1.393694196428571508e-01,-1.381138392857142738e-01,-1.286272321428571508e-01,-1.349051339285714246e-01,-1.356026785714285754e-01,-1.393694196428571508e-01,-1.354631696428571508e-01,-1.416015625000000000e-01,-1.406250000000000000e-01,-1.333705357142857262e-01,-1.381138392857142738e-01,-1.445312500000000000e-01,-1.325334821428571508e-01,-1.402064732142857262e-01,-1.336495535714285754e-01,-1.383928571428571508e-01,-1.410435267857142738e-01,-1.333705357142857262e-01,-1.382533482142857262e-01,-1.382533482142857262e-01,-1.382533482142857262e-01,-1.354631696428571508e-01,-1.365792410714285754e-01,-1.309988839285714246e-01,-1.354631696428571508e-01,-1.298828125000000000e-01,-1.400669642857142738e-01,-1.336495535714285754e-01
-9.933035714285713691e-02,-9.974888392857142461e-02,-9.681919642857142461e-02,-8.816964285714286309e-02,-9.082031250000000000e-02,-9.751674107142857539e-02,-9.598214285714286309e-02,-8.663504464285713691e-02,-8.761160714285713691e-02,-9.165736607142857539e-02,-9.556361607142857539e-02,-8.677455357142857539e-02,-9.584263392857142461e-02,-9.054129464285713691e-02,-9.751674107142857539e-02,-9.737723214285713691e-02,-8.775111607142857539e-02,-9.305245535714286309e-02,-9.375000000000000000e-02,-9.723772321428571230e-02,-9.361049107142857539e-02,-9.946986607142857539e-02,-9.946986607142857539e-02,-9.291294642857142461e-02,-9.542410714285713691e-02,-1.017020089285714246e-01,-9.109933035714286309e-02,-9.681919642857142461e-02,-9.277343750000000000e-02,-9.737723214285713691e-02,-9.849330357142857539e-02,-9.109933035714286309e-02,-9.737723214285713691e-02,-9.737723214285713691e-02,-9.612165178571428770e-02,-9.333147321428571230e-02,-9.528459821428571230e-02,-8.984375000000000000e-02,-9.430803571428571230e-02,-9.040178571428571230e-02,-9.933035714285713691e-02,-9.221540178571428770e-02
-2.845982142857142808e-02,-2.887834821428571577e-02,-2.734375000000000000e-02,-2.050781250000000000e-02,-2.260044642857142808e-02,-2.818080357142857192e-02,-2.650669642857142808e-02,-1.743861607142857192e-02,-2.008928571428571577e-02,-2.385602678571428423e-02,-2.622767857142857192e-02,-1.939174107142857192e-02,-2.511160714285714385e-02,-2.162388392857142808e-02,-2.594866071428571577e-02,-2.873883928571428423e-02,-2.050781250000000000e-02,-2.427455357142857192e-02,-2.483258928571428423e-02,-2.692522321428571577e-02,-2.469308035714285615e-02,-2.720424107142857192e-02,-2.901785714285714385e-02,-2.469308035714285615e-02,-2.497209821428571577e-02,-3.027343750000000000e-02,-2.134486607142857192e-02,-2.483258928571428423e-02,-2.343750000000000000e-02,-2.720424107142857192e-02,-2.608816964285714385e-02,-2.190290178571428423e-02,-2.818080357142857192e-02,-2.804129464285714385e-02,-2.553013392857142808e-02,-2.273995535714285615e-02,-2.553013392857142808e-02,-2.148437500000000000e-02,-2.580915178571428423e-02,-2.120535714285714385e-02,-2.957589285714285615e-02,-2.399553571428571577e-02
-5.538504464285714385e-02,-5.524553571428571230e-02,-5.440848214285714385e-02,-4.994419642857143155e-02,-5.106026785714285615e-02,-5.412946428571428770e-02,-5.357142857142856845e-02,-4.910714285714285615e-02,-4.910714285714285615e-02,-5.050223214285714385e-02,-5.329241071428571230e-02,-4.924665178571428770e-02,-5.343191964285714385e-02,-5.119977678571428770e-02,-5.510602678571428770e-02,-5.440848214285714385e-02,-4.994419642857143155e-02,-5.189732142857143155e-02,-5.175781250000000000e-02,-5.440848214285714385e-02,-5.161830357142856845e-02,-5.552455357142856845e-02,-5.385044642857143155e-02,-5.064174107142856845e-02,-5.287388392857143155e-02,-5.622209821428571230e-02,-5.078125000000000000e-02,-5.496651785714285615e-02,-5.133928571428571230e-02,-5.301339285714285615e-02,-5.510602678571428770e-02,-5.133928571428571230e-02,-5.315290178571428770e-02,-5.440848214285714385e-02,-5.385044642857143155e-02,-5.259486607142856845e-02,-5.385044642857143155e-02,-4.994419642857143155e-02,-5.203683035714285615e-02,-5.008370535714285615e-02,-5.608258928571428770e-02,-5.189732142857143155e-02
-1.902901785714285754e-01,-1.915457589285714246e-01,-1.713169642857142738e-01,-1.562500000000000000e-01,-1.570870535714285754e-01,-1.997767857142857262e-01,-1.584821428571428492e-01,-1.566685267857142738e-01,-1.816406250000000000e-01,-1.941964285714285754e-01,-1.591796875000000000e-01,-1.545758928571428492e-01,-1.869419642857142738e-01,-1.669921875000000000e-01,-1.611328125000000000e-01,-1.710379464285714246e-01,-1.555524553571428492e-01,-1.602957589285714246e-01,-1.710379464285714246e-01,-1.895926339285714246e-01,-1.598772321428571508e-01,-1.770368303571428492e-01,-1.909877232142857262e-01,-1.855468750000000000e-01,-2.017299107142857262e-01,-1.760602678571428492e-01,-1.704799107142857262e-01,-1.746651785714285754e-01,-1.594587053571428492e-01,-1.915457589285714246e-01,-2.054966517857142738e-01,-1.582031250000000000e-01,-1.997767857142857262e-01,-1.996372767857142738e-01,-1.900111607142857262e-01,-1.992187500000000000e-01,-1.858258928571428492e-01,-1.570870535714285754e-01,-1.971261160714285754e-01,-1.827566964285714246e-01,-1.604352678571428492e-01,-1.580636160714285754e-01
-5.915178571428571230e-02,-6.012834821428571230e-02,-4.352678571428571230e-02,-3.236607142857143155e-02,-3.278459821428571230e-02,-6.724330357142857539e-02,-3.348214285714285615e-02,-3.083147321428571577e-02,-5.231584821428571230e-02,-6.250000000000000000e-02,-3.362165178571428770e-02,-3.097098214285714385e-02,-5.650111607142856845e-02,-4.003906250000000000e-02,-3.431919642857143155e-02,-4.547991071428571230e-02,-3.166852678571428770e-02,-3.292410714285714385e-02,-4.324776785714285615e-02,-5.705915178571428770e-02,-3.320312500000000000e-02,-4.547991071428571230e-02,-5.957031250000000000e-02,-5.622209821428571230e-02,-6.598772321428571230e-02,-4.631696428571428770e-02,-4.157366071428571230e-02,-4.394531250000000000e-02,-3.264508928571428770e-02,-5.887276785714285615e-02,-6.891741071428571230e-02,-3.222656250000000000e-02,-6.654575892857142461e-02,-6.640625000000000000e-02,-5.789620535714285615e-02,-6.570870535714286309e-02,-5.524553571428571230e-02,-3.236607142857143155e-02,-6.556919642857142461e-02,-5.343191964285714385e-02,-3.557477678571428770e-02,-3.320312500000000000e-02
1.492745535714285789e-02,1.325334821428571404e-02,2.594866071428571577e-02,3.627232142857143155e-02,3.557477678571428770e-02,6.696428571428571057e-03,3.459821428571428770e-02,3.878348214285714385e-02,1.953125000000000000e-02,9.905133928571428076e-03,3.487723214285714385e-02,3.599330357142856845e-02,1.729910714285714385e-02,2.957589285714285615e-02,3.571428571428571230e-02,2.427455357142857192e-02,3.613281250000000000e-02,3.696986607142856845e-02,2.664620535714285615e-02,1.618303571428571577e-02,3.585379464285714385e-02,2.664620535714285615e-02,1.367187500000000000e-02,1.576450892857142808e-02,9.068080357142857886e-03,2.594866071428571577e-02,2.887834821428571577e-02,2.859933035714285615e-02,3.543526785714285615e-02,1.409040178571428596e-02,8.091517857142857886e-03,3.655133928571428770e-02,6.556919642857142981e-03,8.231026785714285962e-03,1.562500000000000000e-02,1.060267857142857192e-02,1.799665178571428423e-02,3.599330357142856845e-02,8.510044642857142114e-03,1.827566964285714385e-02,3.264508928571428770e-02,3.431919642857143155e-02
-1.227678571428571404e-02,-1.283482142857142808e-02,-4.743303571428571057e-03,2.650669642857142981e-03,2.371651785714285528e-03,-1.799665178571428423e-02,2.790178571428571491e-03,2.790178571428571491e-03,-1.032366071428571404e-02,-1.576450892857142808e-02,2.092633928571428509e-03,3.069196428571428509e-03,-1.143973214285714211e-02,-3.487723214285714472e-03,4.185267857142856911e-04,-5.161830357142857019e-03,2.511160714285714472e-03,3.208705357142857019e-03,-2.790178571428571491e-03,-1.088169642857142808e-02,2.929687500000000000e-03,-5.161830357142857019e-03,-1.171875000000000000e-02,-9.905133928571428076e-03,-1.729910714285714385e-02,-5.161830357142857019e-03,-3.766741071428571491e-03,-4.603794642857142981e-03,2.929687500000000000e-03,-1.199776785714285789e-02,-1.911272321428571577e-02,3.487723214285714472e-03,-1.715959821428571577e-02,-1.799665178571428423e-02,-1.255580357142857192e-02,-1.771763392857142808e-02,-1.171875000000000000e-02,3.069196428571428509e-03,-1.646205357142857192e-02,-1.004464285714285789e-02,9.765625000000000000e-04,2.511160714285714472e-03
-8.900669642857142461e-02,-8.970424107142857539e-02,-8.342633928571428770e-02,-6.556919642857142461e-02,-6.640625000000000000e-02,-9.849330357142857539e-02,-6.501116071428571230e-02,-6.738281250000000000e-02,-8.663504464285713691e-02,-9.556361607142857539e-02,-6.626674107142857539e-02,-6.612723214285713691e-02,-8.858816964285713691e-02,-8.077566964285713691e-02,-6.961495535714286309e-02,-8.328683035714286309e-02,-6.612723214285713691e-02,-6.696428571428571230e-02,-8.244977678571428770e-02,-8.747209821428571230e-02,-6.640625000000000000e-02,-8.565848214285713691e-02,-8.844866071428571230e-02,-8.649553571428571230e-02,-9.946986607142857539e-02,-8.537946428571428770e-02,-8.314732142857142461e-02,-8.551897321428571230e-02,-6.724330357142857539e-02,-8.886718750000000000e-02,-1.018415178571428631e-01,-6.556919642857142461e-02,-9.640066964285713691e-02,-9.863281250000000000e-02,-8.984375000000000000e-02,-9.849330357142857539e-02,-8.719308035714286309e-02,-6.654575892857142461e-02,-9.695870535714286309e-02,-8.663504464285713691e-02,-6.696428571428571230e-02,-6.682477678571428770e-02
2.636718750000000000e-02,2.539062500000000000e-02,3.097098214285714385e-02,4.422433035714285615e-02,4.436383928571428770e-02,1.715959821428571577e-02,4.464285714285714385e-02,4.506138392857143155e-02,2.748325892857142808e-02,2.036830357142857192e-02,4.380580357142856845e-02,4.324776785714285615e-02,2.734375000000000000e-02,3.236607142857143155e-02,4.352678571428571230e-02,2.818080357142857192e-02,4.324776785714285615e-02,4.561941964285714385e-02,3.111049107142857192e-02,2.776227678571428423e-02,4.492187500000000000e-02,3.013392857142857192e-02,2.622767857142857192e-02,2.720424107142857192e-02,1.897321428571428423e-02,2.943638392857142808e-02,3.111049107142857192e-02,3.125000000000000000e-02,4.520089285714285615e-02,2.594866071428571577e-02,1.771763392857142808e-02,4.478236607142856845e-02,1.939174107142857192e-02,1.841517857142857192e-02,2.594866071428571577e-02,1.967075892857142808e-02,2.845982142857142808e-02,4.464285714285714385e-02,1.925223214285714385e-02,2.762276785714285615e-02,4.282924107142856845e-02,4.436383928571428770e-02
8.649553571428571230e-02,8.537946428571428770e-02,8.970424107142857539e-02,1.015625000000000000e-01,1.018415178571428631e-01,7.896205357142857539e-02,1.019810267857142877e-01,1.040736607142857123e-01,8.830915178571428770e-02,8.119419642857142461e-02,1.022600446428571369e-01,1.007254464285714246e-01,8.747209821428571230e-02,9.123883928571428770e-02,1.030970982142857123e-01,8.719308035714286309e-02,1.015625000000000000e-01,1.042131696428571369e-01,9.082031250000000000e-02,8.691406250000000000e-02,1.030970982142857123e-01,9.109933035714286309e-02,8.510044642857142461e-02,8.635602678571428770e-02,8.105468750000000000e-02,8.998325892857142461e-02,9.137834821428571230e-02,9.221540178571428770e-02,1.037946428571428631e-01,8.565848214285713691e-02,8.161272321428571230e-02,1.032366071428571369e-01,7.952008928571428770e-02,7.952008928571428770e-02,8.733258928571428770e-02,8.147321428571428770e-02,8.775111607142857539e-02,1.017020089285714246e-01,7.952008928571428770e-02,8.761160714285713691e-02,9.974888392857142461e-02,1.012834821428571369e-01
4.199218750000000000e-02,4.241071428571428770e-02,4.492187500000000000e-02,5.385044642857143155e-02,5.385044642857143155e-02,3.683035714285714385e-02,5.524553571428571230e-02,5.343191964285714385e-02,4.185267857142856845e-02,3.808593750000000000e-02,5.412946428571428770e-02,5.357142857142856845e-02,4.213169642857143155e-02,4.492187500000000000e-02,5.329241071428571230e-02,4.380580357142856845e-02,5.273437500000000000e-02,5.580357142857143155e-02,4.603794642857143155e-02,4.394531250000000000e-02,5.552455357142856845e-02,4.464285714285714385e-02,4.394531250000000000e-02,4.394531250000000000e-02,3.822544642857143155e-02,4.478236607142856845e-02,4.547991071428571230e-02,4.450334821428571230e-02,5.482700892857143155e-02,4.296875000000000000e-02,3.669084821428571230e-02,5.524553571428571230e-02,3.878348214285714385e-02,3.724888392857143155e-02,4.171316964285714385e-02,3.752790178571428770e-02,4.282924107142856845e-02,5.398995535714285615e-02,3.766741071428571230e-02,4.324776785714285615e-02,5.329241071428571230e-02,5.398995535714285615e-02
-7.045200892857142461e-02,-7.212611607142857539e-02,-5.984933035714285615e-02,-3.920200892857143155e-02,-3.920200892857143155e-02,-7.784598214285713691e-02,-3.766741071428571230e-02,-4.073660714285714385e-02,-6.947544642857142461e-02,-7.366071428571428770e-02,-3.850446428571428770e-02,-3.989955357142856845e-02,-7.101004464285713691e-02,-5.887276785714285615e-02,-4.171316964285714385e-02,-6.152343750000000000e-02,-4.017857142857143155e-02,-4.073660714285714385e-02,-5.984933035714285615e-02,-6.919642857142857539e-02,-3.878348214285714385e-02,-6.361607142857142461e-02,-7.254464285714286309e-02,-7.017299107142857539e-02,-7.714843750000000000e-02,-6.291852678571428770e-02,-6.096540178571428770e-02,-6.236049107142856845e-02,-3.934151785714285615e-02,-7.142857142857142461e-02,-7.798549107142857539e-02,-3.836495535714285615e-02,-7.324218750000000000e-02,-7.659040178571428770e-02,-7.226562500000000000e-02,-7.547433035714286309e-02,-6.808035714285713691e-02,-3.906250000000000000e-02,-7.296316964285713691e-02,-6.891741071428571230e-02,-4.003906250000000000e-02,-3.934151785714285615e-02
3.543526785714285615e-02,3.404017857142856845e-02,4.506138392857143155e-02,6.333705357142857539e-02,6.375558035714286309e-02,3.013392857142857192e-02,6.487165178571428770e-02,6.403459821428571230e-02,3.655133928571428770e-02,3.362165178571428770e-02,6.487165178571428770e-02,6.236049107142856845e-02,3.613281250000000000e-02,4.589843750000000000e-02,6.417410714285713691e-02,4.310825892857143155e-02,6.319754464285713691e-02,6.529017857142857539e-02,4.520089285714285615e-02,3.613281250000000000e-02,6.473214285714286309e-02,4.338727678571428770e-02,3.390066964285714385e-02,3.571428571428571230e-02,3.152901785714285615e-02,4.394531250000000000e-02,4.492187500000000000e-02,4.464285714285714385e-02,6.515066964285713691e-02,3.459821428571428770e-02,3.236607142857143155e-02,6.459263392857142461e-02,3.222656250000000000e-02,3.055245535714285615e-02,3.431919642857143155e-02,3.348214285714285615e-02,3.724888392857143155e-02,6.431361607142857539e-02,3.278459821428571230e-02,3.655133928571428770e-02,6.291852678571428770e-02,6.375558035714286309e-02
9.305245535714286309e-02,9.165736607142857539e-02,1.010044642857142877e-01,1.174665178571428631e-01,1.183035714285714246e-01,8.900669642857142461e-02,1.185825892857142877e-01,1.198381696428571369e-01,9.528459821428571230e-02,9.235491071428571230e-02,1.201171875000000000e-01,1.170479910714285754e-01,9.430803571428571230e-02,1.029575892857142877e-01,1.199776785714285754e-01,9.905133928571428770e-02,1.176060267857142877e-01,1.202566964285714246e-01,1.017020089285714246e-01,9.458705357142857539e-02,1.194196428571428631e-01,1.019810267857142877e-01,9.109933035714286309e-02,9.305245535714286309e-02,9.082031250000000000e-02,1.014229910714285754e-01,1.019810267857142877e-01,1.030970982142857123e-01,1.199776785714285754e-01,9.235491071428571230e-02,9.319196428571428770e-02,1.188616071428571369e-01,9.040178571428571230e-02,8.942522321428571230e-02,9.291294642857142461e-02,9.319196428571428770e-02,9.528459821428571230e-02,1.184430803571428631e-01,9.082031250000000000e-02,9.486607142857142461e-02,1.177455357142857123e-01,1.183035714285714246e-01
4.785156250000000000e-02,4.799107142857143155e-02,5.371093750000000000e-02,6.640625000000000000e-02,6.640625000000000000e-02,4.394531250000000000e-02,6.849888392857142461e-02,6.515066964285713691e-02,4.715401785714285615e-02,4.561941964285714385e-02,6.738281250000000000e-02,6.487165178571428770e-02,4.729352678571428770e-02,5.385044642857143155e-02,6.612723214285713691e-02,5.231584821428571230e-02,6.487165178571428770e-02,6.752232142857142461e-02,5.496651785714285615e-02,4.952566964285714385e-02,6.738281250000000000e-02,5.329241071428571230e-02,4.840959821428571230e-02,4.868861607142856845e-02,4.603794642857143155e-02,5.398995535714285615e-02,5.398995535714285615e-02,5.315290178571428770e-02,6.738281250000000000e-02,4.785156250000000000e-02,4.534040178571428770e-02,6.710379464285713691e-02,4.631696428571428770e-02,4.366629464285714385e-02,4.659598214285714385e-02,4.575892857142856845e-02,4.868861607142856845e-02,6.626674107142857539e-02,4.687500000000000000e-02,4.785156250000000000e-02,6.626674107142857539e-02,6.640625000000000000e-02
-6.821986607142857539e-02,-7.073102678571428770e-02,-5.719866071428571230e-02,-4.143415178571428770e-02,-4.101562500000000000e-02,-7.407924107142857539e-02,-3.892299107142856845e-02,-4.129464285714285615e-02,-6.710379464285713691e-02,-6.835937500000000000e-02,-4.073660714285714385e-02,-3.934151785714285615e-02,-6.654575892857142461e-02,-5.482700892857143155e-02,-4.255022321428571230e-02,-5.901227678571428770e-02,-4.101562500000000000e-02,-4.129464285714285615e-02,-5.705915178571428770e-02,-6.780133928571428770e-02,-3.948102678571428770e-02,-6.054687500000000000e-02,-6.863839285714286309e-02,-6.780133928571428770e-02,-7.101004464285713691e-02,-6.068638392857143155e-02,-5.775669642857143155e-02,-5.998883928571428770e-02,-4.059709821428571230e-02,-6.905691964285713691e-02,-7.240513392857142461e-02,-3.864397321428571230e-02,-6.849888392857142461e-02,-7.421875000000000000e-02,-7.045200892857142461e-02,-7.003348214285713691e-02,-6.682477678571428770e-02,-4.045758928571428770e-02,-6.738281250000000000e-02,-6.710379464285713691e-02,-4.101562500000000000e-02,-3.906250000000000000e-02
3.641183035714285615e-02,3.431919642857143155e-02,4.436383928571428770e-02,5.859375000000000000e-02,5.970982142857143155e-02,3.097098214285714385e-02,5.943080357142856845e-02,6.054687500000000000e-02,3.724888392857143155e-02,3.655133928571428770e-02,6.012834821428571230e-02,5.845424107142856845e-02,3.878348214285714385e-02,4.645647321428571230e-02,5.901227678571428770e-02,4.185267857142856845e-02,5.817522321428571230e-02,6.096540178571428770e-02,4.547991071428571230e-02,3.641183035714285615e-02,6.096540178571428770e-02,4.324776785714285615e-02,3.599330357142856845e-02,3.627232142857143155e-02,3.404017857142856845e-02,4.255022321428571230e-02,4.534040178571428770e-02,4.450334821428571230e-02,6.040736607142856845e-02,3.515625000000000000e-02,3.529575892857143155e-02,6.026785714285714385e-02,3.487723214285714385e-02,3.194754464285714385e-02,3.557477678571428770e-02,3.710937500000000000e-02,3.669084821428571230e-02,5.984933035714285615e-02,3.669084821428571230e-02,3.641183035714285615e-02,5.789620535714285615e-02,5.970982142857143155e-02
9.584263392857142461e-02,9.430803571428571230e-02,1.036551339285714246e-01,1.149553571428571369e-01,1.162109375000000000e-01,9.291294642857142461e-02,1.159319196428571369e-01,1.192801339285714246e-01,9.835379464285713691e-02,9.737723214285713691e-02,1.178850446428571369e-01,1.162109375000000000e-01,9.960937500000000000e-02,1.061662946428571369e-01,1.170479910714285754e-01,1.008649553571428631e-01,1.157924107142857123e-01,1.181640625000000000e-01,1.047712053571428631e-01,9.751674107142857539e-02,1.176060267857142877e-01,1.043526785714285754e-01,9.695870535714286309e-02,9.681919642857142461e-02,9.681919642857142461e-02,1.026785714285714246e-01,1.040736607142857123e-01,1.064453125000000000e-01,1.192801339285714246e-01,9.612165178571428770e-02,9.919084821428571230e-02,1.169084821428571369e-01,9.486607142857142461e-02,9.416852678571428770e-02,9.681919642857142461e-02,9.933035714285713691e-02,9.821428571428571230e-02,1.166294642857142877e-01,9.723772321428571230e-02,9.807477678571428770e-02,1.148158482142857123e-01,1.173270089285714246e-01
5.119977678571428770e-02,4.980468750000000000e-02,5.552455357142856845e-02,6.417410714285713691e-02,6.473214285714286309e-02,4.743303571428571230e-02,6.487165178571428770e-02,6.375558035714286309e-02,4.952566964285714385e-02,4.994419642857143155e-02,6.542968750000000000e-02,6.389508928571428770e-02,5.175781250000000000e-02,5.622209821428571230e-02,6.333705357142857539e-02,5.398995535714285615e-02,6.361607142857142461e-02,6.542968750000000000e-02,5.719866071428571230e-02,5.133928571428571230e-02,6.612723214285713691e-02,5.524553571428571230e-02,5.175781250000000000e-02,5.119977678571428770e-02,4.980468750000000000e-02,5.524553571428571230e-02,5.566406250000000000e-02,5.538504464285714385e-02,6.570870535714286309e-02,5.078125000000000000e-02,5.022321428571428770e-02,6.542968750000000000e-02,5.050223214285714385e-02,4.701450892857143155e-02,4.924665178571428770e-02,5.078125000000000000e-02,5.092075892857143155e-02,6.445312500000000000e-02,5.078125000000000000e-02,4.952566964285714385e-02,6.389508928571428770e-02,6.473214285714286309e-02
-8.579799107142857539e-02,-8.677455357142857539e-02,-7.491629464285713691e-02,-6.640625000000000000e-02,-6.473214285714286309e-02,-8.816964285714286309e-02,-6.598772321428571230e-02,-6.487165178571428770e-02,-8.147321428571428770e-02,-8.161272321428571230e-02,-6.584821428571428770e-02,-6.166294642857143155e-02,-8.468191964285713691e-02,-7.198660714285713691e-02,-6.794084821428571230e-02,-7.826450892857142461e-02,-6.501116071428571230e-02,-6.529017857142857539e-02,-7.631138392857142461e-02,-8.258928571428571230e-02,-6.431361607142857539e-02,-8.035714285714286309e-02,-8.468191964285713691e-02,-8.258928571428571230e-02,-8.551897321428571230e-02,-8.021763392857142461e-02,-7.617187500000000000e-02,-7.854352678571428770e-02,-6.542968750000000000e-02,-8.607700892857142461e-02,-8.747209821428571230e-02,-6.347656250000000000e-02,-8.258928571428571230e-02,-8.677455357142857539e-02,-8.635602678571428770e-02,-8.482142857142857539e-02,-8.314732142857142461e-02,-6.570870535714286309e-02,-8.300781250000000000e-02,-8.189174107142857539e-02,-6.654575892857142461e-02,-6.375558035714286309e-02
2.260044642857142808e-02,2.232142857142857192e-02,2.971540178571428423e-02,3.836495535714285615e-02,3.934151785714285615e-02,2.134486607142857192e-02,3.683035714285714385e-02,4.045758928571428770e-02,2.678571428571428423e-02,2.664620535714285615e-02,4.045758928571428770e-02,4.059709821428571230e-02,2.469308035714285615e-02,3.390066964285714385e-02,3.808593750000000000e-02,2.873883928571428423e-02,3.878348214285714385e-02,4.017857142857143155e-02,3.138950892857143155e-02,2.483258928571428423e-02,4.059709821428571230e-02,2.859933035714285615e-02,2.315848214285714385e-02,2.553013392857142808e-02,2.357700892857142808e-02,2.804129464285714385e-02,3.055245535714285615e-02,3.027343750000000000e-02,3.989955357142856845e-02,2.329799107142857192e-02,2.357700892857142808e-02,4.031808035714285615e-02,2.483258928571428423e-02,2.246093750000000000e-02,2.399553571428571577e-02,2.511160714285714385e-02,2.525111607142857192e-02,3.892299107142856845e-02,2.497209821428571577e-02,2.525111607142857192e-02,3.655133928571428770e-02,3.962053571428571230e-02
8.189174107142857539e-02,8.286830357142857539e-02,8.942522321428571230e-02,9.584263392857142461e-02,9.737723214285713691e-02,8.258928571428571230e-02,9.416852678571428770e-02,9.960937500000000000e-02,8.733258928571428770e-02,8.775111607142857539e-02,9.891183035714286309e-02,9.821428571428571230e-02,8.579799107142857539e-02,9.277343750000000000e-02,9.667968750000000000e-02,8.719308035714286309e-02,9.626116071428571230e-02,9.877232142857142461e-02,8.998325892857142461e-02,8.454241071428571230e-02,9.821428571428571230e-02,8.998325892857142461e-02,8.398437500000000000e-02,8.510044642857142461e-02,8.468191964285713691e-02,8.816964285714286309e-02,9.012276785714286309e-02,9.207589285714286309e-02,9.835379464285713691e-02,8.328683035714286309e-02,8.705357142857142461e-02,9.751674107142857539e-02,8.384486607142857539e-02,8.398437500000000000e-02,8.551897321428571230e-02,8.775111607142857539e-02,8.523995535714286309e-02,9.709821428571428770e-02,8.510044642857142461e-02,8.621651785714286309e-02,9.430803571428571230e-02,9.709821428571428770e-02
3.976004464285714385e-02,3.948102678571428770e-02,4.408482142857143155e-02,4.813058035714285615e-02,4.868861607142856845e-02,3.864397321428571230e-02,4.868861607142856845e-02,4.827008928571428770e-02,4.101562500000000000e-02,4.143415178571428770e-02,4.868861607142856845e-02,4.827008928571428770e-02,3.989955357142856845e-02,4.450334821428571230e-02,4.673549107142856845e-02,4.227120535714285615e-02,4.771205357142856845e-02,5.022321428571428770e-02,4.520089285714285615e-02,4.171316964285714385e-02,5.050223214285714385e-02,4.310825892857143155e-02,4.157366071428571230e-02,4.171316964285714385e-02,4.143415178571428770e-02,4.352678571428571230e-02,4.422433035714285615e-02,4.408482142857143155e-02,4.854910714285714385e-02,4.045758928571428770e-02,3.989955357142856845e-02,4.994419642857143155e-02,4.157366071428571230e-02,3.934151785714285615e-02,3.934151785714285615e-02,4.059709821428571230e-02,4.045758928571428770e-02,4.840959821428571230e-02,4.157366071428571230e-02,4.031808035714285615e-02,4.757254464285714385e-02,4.924665178571428770e-02
-4.101562500000000000e-02,-4.073660714285714385e-02,-3.487723214285714385e-02,-2.957589285714285615e-02,-2.832031250000000000e-02,-4.255022321428571230e-02,-2.845982142857142808e-02,-2.859933035714285615e-02,-4.045758928571428770e-02,-3.934151785714285615e-02,-2.845982142857142808e-02,-2.650669642857142808e-02,-4.143415178571428770e-02,-3.334263392857143155e-02,-3.041294642857142808e-02,-3.613281250000000000e-02,-2.887834821428571577e-02,-2.790178571428571577e-02,-3.459821428571428770e-02,-3.934151785714285615e-02,-2.692522321428571577e-02,-3.696986607142856845e-02,-3.878348214285714385e-02,-3.836495535714285615e-02,-3.989955357142856845e-02,-3.724888392857143155e-02,-3.585379464285714385e-02,-3.696986607142856845e-02,-2.832031250000000000e-02,-4.017857142857143155e-02,-4.199218750000000000e-02,-2.622767857142857192e-02,-3.738839285714285615e-02,-4.185267857142856845e-02,-4.199218750000000000e-02,-4.073660714285714385e-02,-3.948102678571428770e-02,-2.887834821428571577e-02,-3.850446428571428770e-02,-3.906250000000000000e-02,-2.818080357142857192e-02,-2.804129464285714385e-02
6.431361607142857539e-02,6.501116071428571230e-02,6.863839285714286309e-02,7.421875000000000000e-02,7.505580357142857539e-02,6.431361607142857539e-02,7.338169642857142461e-02,7.519531250000000000e-02,6.682477678571428770e-02,6.710379464285713691e-02,7.575334821428571230e-02,7.463727678571428770e-02,6.529017857142857539e-02,7.073102678571428770e-02,7.393973214285713691e-02,6.766183035714286309e-02,7.380022321428571230e-02,7.672991071428571230e-02,6.975446428571428770e-02,6.654575892857142461e-02,7.631138392857142461e-02,6.821986607142857539e-02,6.640625000000000000e-02,6.626674107142857539e-02,6.584821428571428770e-02,6.849888392857142461e-02,6.905691964285713691e-02,6.989397321428571230e-02,7.575334821428571230e-02,6.542968750000000000e-02,6.584821428571428770e-02,7.603236607142857539e-02,6.696428571428571230e-02,6.445312500000000000e-02,6.487165178571428770e-02,6.696428571428571230e-02,6.570870535714286309e-02,7.491629464285713691e-02,6.668526785714286309e-02,6.501116071428571230e-02,7.282366071428571230e-02,7.477678571428571230e-02
1.173270089285714246e-01,1.187220982142857123e-01,1.220703125000000000e-01,1.263950892857142738e-01,1.276506696428571508e-01,1.188616071428571369e-01,1.251395089285714246e-01,1.290457589285714246e-01,1.208147321428571369e-01,1.223493303571428631e-01,1.287667410714285754e-01,1.261160714285714246e-01,1.208147321428571369e-01,1.237444196428571369e-01,1.275111607142857262e-01,1.212332589285714246e-01,1.255580357142857262e-01,1.303013392857142738e-01,1.229073660714285754e-01,1.195591517857142877e-01,1.283482142857142738e-01,1.229073660714285754e-01,1.195591517857142877e-01,1.198381696428571369e-01,1.196986607142857123e-01,1.223493303571428631e-01,1.217912946428571369e-01,1.245814732142857123e-01,1.294642857142857262e-01,1.196986607142857123e-01,1.215122767857142877e-01,1.269531250000000000e-01,1.188616071428571369e-01,1.196986607142857123e-01,1.208147321428571369e-01,1.222098214285714246e-01,1.198381696428571369e-01,1.266741071428571508e-01,1.195591517857142877e-01,1.196986607142857123e-01,1.247209821428571369e-01,1.262555803571428492e-01
6.654575892857142461e-02,6.696428571428571230e-02,6.933593750000000000e-02,7.170758928571428770e-02,7.240513392857142461e-02,6.654575892857142461e-02,7.254464285714286309e-02,7.212611607142857539e-02,6.640625000000000000e-02,6.821986607142857539e-02,7.296316964285713691e-02,7.240513392857142461e-02,6.598772321428571230e-02,6.919642857142857539e-02,7.128906250000000000e-02,6.766183035714286309e-02,7.114955357142857539e-02,7.421875000000000000e-02,7.101004464285713691e-02,6.877790178571428770e-02,7.407924107142857539e-02,6.947544642857142461e-02,6.905691964285713691e-02,6.863839285714286309e-02,6.863839285714286309e-02,6.933593750000000000e-02,6.933593750000000000e-02,6.947544642857142461e-02,7.324218750000000000e-02,6.891741071428571230e-02,6.794084821428571230e-02,7.268415178571428770e-02,6.961495535714286309e-02,6.696428571428571230e-02,6.598772321428571230e-02,6.766183035714286309e-02,6.668526785714286309e-02,7.212611607142857539e-02,6.821986607142857539e-02,6.696428571428571230e-02,7.142857142857142461e-02,7.268415178571428770e-02
-3.166852678571428770e-02,-3.097098214285714385e-02,-2.748325892857142808e-02,-1.841517857142857192e-02,-1.785714285714285615e-02,-3.194754464285714385e-02,-1.743861607142857192e-02,-1.925223214285714385e-02,-3.138950892857143155e-02,-3.027343750000000000e-02,-1.911272321428571577e-02,-1.743861607142857192e-02,-3.264508928571428770e-02,-2.594866071428571577e-02,-2.008928571428571577e-02,-2.790178571428571577e-02,-1.939174107142857192e-02,-1.660156250000000000e-02,-2.580915178571428423e-02,-3.097098214285714385e-02,-1.702008928571428423e-02,-2.971540178571428423e-02,-2.887834821428571577e-02,-2.929687500000000000e-02,-3.013392857142857192e-02,-2.845982142857142808e-02,-2.706473214285714385e-02,-2.832031250000000000e-02,-1.771763392857142808e-02,-3.083147321428571577e-02,-3.180803571428571230e-02,-1.688058035714285615e-02,-2.734375000000000000e-02,-3.236607142857143155e-02,-3.278459821428571230e-02,-3.027343750000000000e-02,-3.083147321428571577e-02,-1.953125000000000000e-02,-2.887834821428571577e-02,-2.971540178571428423e-02,-1.813616071428571577e-02,-1.757812500000000000e-02
6.766183035714286309e-02,6.835937500000000000e-02,7.114955357142857539e-02,7.965959821428571230e-02,8.021763392857142461e-02,6.808035714285713691e-02,8.049665178571428770e-02,8.035714285714286309e-02,6.989397321428571230e-02,7.045200892857142461e-02,8.063616071428571230e-02,7.965959821428571230e-02,6.835937500000000000e-02,7.268415178571428770e-02,8.007812500000000000e-02,7.087053571428571230e-02,7.854352678571428770e-02,8.244977678571428770e-02,7.212611607142857539e-02,7.017299107142857539e-02,8.175223214285713691e-02,7.128906250000000000e-02,7.003348214285713691e-02,6.961495535714286309e-02,7.031250000000000000e-02,7.156808035714286309e-02,7.184709821428571230e-02,7.296316964285713691e-02,8.175223214285713691e-02,6.891741071428571230e-02,7.045200892857142461e-02,8.063616071428571230e-02,7.087053571428571230e-02,6.849888392857142461e-02,6.808035714285713691e-02,7.017299107142857539e-02,6.933593750000000000e-02,7.993861607142857539e-02,7.045200892857142461e-02,6.905691964285713691e-02,7.924107142857142461e-02,8.007812500000000000e-02
1.205357142857142877e-01,1.201171875000000000e-01,1.233258928571428631e-01,1.314174107142857262e-01,1.311383928571428492e-01,1.219308035714285754e-01,1.312779017857142738e-01,1.330915178571428492e-01,1.230468750000000000e-01,1.247209821428571369e-01,1.328125000000000000e-01,1.303013392857142738e-01,1.226283482142857123e-01,1.234654017857142877e-01,1.326729910714285754e-01,1.233258928571428631e-01,1.294642857142857262e-01,1.332310267857142738e-01,1.240234375000000000e-01,1.223493303571428631e-01,1.325334821428571508e-01,1.244419642857142877e-01,1.215122767857142877e-01,1.219308035714285754e-01,1.224888392857142877e-01,1.245814732142857123e-01,1.241629464285714246e-01,1.263950892857142738e-01,1.330915178571428492e-01,1.216517857142857123e-01,1.250000000000000000e-01,1.308593750000000000e-01,1.223493303571428631e-01,1.217912946428571369e-01,1.227678571428571369e-01,1.247209821428571369e-01,1.224888392857142877e-01,1.314174107142857262e-01,1.223493303571428631e-01,1.216517857142857123e-01,1.289062500000000000e-01,1.305803571428571508e-01
6.780133928571428770e-02,6.905691964285713691e-02,7.003348214285713691e-02,7.463727678571428770e-02,7.533482142857142461e-02,6.794084821428571230e-02,7.603236607142857539e-02,7.393973214285713691e-02,6.752232142857142461e-02,6.933593750000000000e-02,7.575334821428571230e-02,7.421875000000000000e-02,6.794084821428571230e-02,6.905691964285713691e-02,7.463727678571428770e-02,6.905691964285713691e-02,7.366071428571428770e-02,7.714843750000000000e-02,7.170758928571428770e-02,7.087053571428571230e-02,7.645089285714286309e-02,7.031250000000000000e-02,7.101004464285713691e-02,7.003348214285713691e-02,7.045200892857142461e-02,7.045200892857142461e-02,7.003348214285713691e-02,7.101004464285713691e-02,7.631138392857142461e-02,6.905691964285713691e-02,6.989397321428571230e-02,7.603236607142857539e-02,7.156808035714286309e-02,6.821986607142857539e-02,6.766183035714286309e-02,6.961495535714286309e-02,6.863839285714286309e-02,7.491629464285713691e-02,7.017299107142857539e-02,6.849888392857142461e-02,7.505580357142857539e-02,7.547433035714286309e-02
-1.012834821428571369e-01,-1.018415178571428631e-01,-8.398437500000000000e-02,-8.579799107142857539e-02,-8.454241071428571230e-02,-1.005859375000000000e-01,-8.537946428571428770e-02,-8.523995535714286309e-02,-9.821428571428571230e-02,-9.835379464285713691e-02,-8.496093750000000000e-02,-8.286830357142857539e-02,-9.821428571428571230e-02,-8.091517857142857539e-02,-8.607700892857142461e-02,-8.203125000000000000e-02,-8.482142857142857539e-02,-8.649553571428571230e-02,-8.342633928571428770e-02,-1.023995535714285754e-01,-8.579799107142857539e-02,-8.579799107142857539e-02,-1.010044642857142877e-01,-9.988839285714286309e-02,-9.988839285714286309e-02,-8.482142857142857539e-02,-8.398437500000000000e-02,-8.384486607142857539e-02,-8.510044642857142461e-02,-1.010044642857142877e-01,-1.014229910714285754e-01,-8.454241071428571230e-02,-9.765625000000000000e-02,-1.012834821428571369e-01,-1.018415178571428631e-01,-9.821428571428571230e-02,-9.974888392857142461e-02,-8.593750000000000000e-02,-9.695870535714286309e-02,-9.946986607142857539e-02,-8.551897321428571230e-02,-8.342633928571428770e-02
-6.584821428571428770e-02,-6.556919642857142461e-02,-4.617745535714285615e-02,-5.092075892857143155e-02,-4.994419642857143155e-02,-6.417410714285713691e-02,-5.078125000000000000e-02,-4.854910714285714385e-02,-6.152343750000000000e-02,-6.026785714285714385e-02,-4.952566964285714385e-02,-4.799107142857143155e-02,-6.096540178571428770e-02,-4.422433035714285615e-02,-4.994419642857143155e-02,-4.450334821428571230e-02,-5.022321428571428770e-02,-5.106026785714285615e-02,-4.659598214285714385e-02,-6.556919642857142461e-02,-5.064174107142856845e-02,-4.771205357142856845e-02,-6.403459821428571230e-02,-6.403459821428571230e-02,-6.333705357142857539e-02,-4.701450892857143155e-02,-4.631696428571428770e-02,-4.506138392857143155e-02,-4.966517857142856845e-02,-6.501116071428571230e-02,-6.375558035714286309e-02,-5.036272321428571230e-02,-6.250000000000000000e-02,-6.417410714285713691e-02,-6.417410714285713691e-02,-6.138392857142856845e-02,-6.361607142857142461e-02,-5.036272321428571230e-02,-6.082589285714285615e-02,-6.263950892857142461e-02,-5.119977678571428770e-02,-4.910714285714285615e-02
-6.835937500000000000e-03,-7.114955357142857019e-03,9.765625000000000000e-03,5.440848214285714038e-03,5.998883928571428943e-03,-4.185267857142857019e-03,4.882812500000000000e-03,7.812500000000000000e-03,-2.092633928571428509e-03,-9.765625000000000000e-04,6.975446428571428943e-03,6.975446428571428943e-03,-2.790178571428571274e-04,1.032366071428571404e-02,6.835937500000000000e-03,1.060267857142857192e-02,5.580357142857142981e-03,5.440848214285714038e-03,7.812500000000000000e-03,-6.556919642857142981e-03,6.277901785714285962e-03,9.207589285714285962e-03,-6.696428571428571057e-03,-5.440848214285714038e-03,-5.022321428571428943e-03,9.765625000000000000e-03,8.928571428571428076e-03,1.185825892857142808e-02,6.138392857142857019e-03,-5.719866071428571057e-03,-3.208705357142857019e-03,4.882812500000000000e-03,-5.022321428571428943e-03,-4.185267857142857019e-03,-3.348214285714285528e-03,-2.092633928571428509e-03,-4.324776785714285962e-03,5.719866071428571057e-03,-2.092633928571428509e-03,-4.882812500000000000e-03,2.790178571428571491e-03,5.580357142857142981e-03
-3.878348214285714385e-02,-3.864397321428571230e-02,-2.790178571428571577e-02,-3.236607142857143155e-02,-3.138950892857143155e-02,-3.780691964285714385e-02,-3.166852678571428770e-02,-3.166852678571428770e-02,-3.808593750000000000e-02,-3.710937500000000000e-02,-3.166852678571428770e-02,-3.083147321428571577e-02,-3.669084821428571230e-02,-2.692522321428571577e-02,-3.208705357142856845e-02,-2.762276785714285615e-02,-3.208705357142856845e-02,-3.264508928571428770e-02,-2.734375000000000000e-02,-3.906250000000000000e-02,-3.222656250000000000e-02,-2.873883928571428423e-02,-3.683035714285714385e-02,-3.766741071428571230e-02,-3.696986607142856845e-02,-2.818080357142857192e-02,-2.845982142857142808e-02,-2.790178571428571577e-02,-3.138950892857143155e-02,-3.766741071428571230e-02,-3.738839285714285615e-02,-3.125000000000000000e-02,-3.613281250000000000e-02,-3.892299107142856845e-02,-3.906250000000000000e-02,-3.738839285714285615e-02,-3.906250000000000000e-02,-3.264508928571428770e-02,-3.585379464285714385e-02,-3.836495535714285615e-02,-3.152901785714285615e-02,-3.055245535714285615e-02
-1.979631696428571508e-01,-1.985212053571428492e-01,-1.869419642857142738e-01,-1.916852678571428492e-01,-1.898716517857142738e-01,-1.958705357142857262e-01,-1.908482142857142738e-01,-1.901506696428571508e-01,-1.940569196428571508e-01,-1.932198660714285754e-01,-1.894531250000000000e-01,-1.861049107142857262e-01,-1.947544642857142738e-01,-1.824776785714285754e-01,-1.916852678571428492e-01,-1.859654017857142738e-01,-1.872209821428571508e-01,-1.939174107142857262e-01,-1.865234375000000000e-01,-1.992187500000000000e-01,-1.915457589285714246e-01,-1.901506696428571508e-01,-1.978236607142857262e-01,-1.965680803571428492e-01,-1.954520089285714246e-01,-1.900111607142857262e-01,-1.881975446428571508e-01,-1.886160714285714246e-01,-1.922433035714285754e-01,-1.992187500000000000e-01,-1.976841517857142738e-01,-1.884765625000000000e-01,-1.941964285714285754e-01,-1.974051339285714246e-01,-1.976841517857142738e-01,-1.960100446428571508e-01,-1.964285714285714246e-01,-1.912667410714285754e-01,-1.940569196428571508e-01,-1.946149553571428492e-01,-1.907087053571428492e-01,-1.875000000000000000e-01
-1.116071428571428631e-01,-1.116071428571428631e-01,-1.021205357142857123e-01,-1.060267857142857123e-01,-1.053292410714285754e-01,-1.089564732142857123e-01,-1.061662946428571369e-01,-1.036551339285714246e-01,-1.072823660714285754e-01,-1.050502232142857123e-01,-1.042131696428571369e-01,-1.033761160714285754e-01,-1.072823660714285754e-01,-9.919084821428571230e-02,-1.057477678571428631e-01,-1.019810267857142877e-01,-1.040736607142857123e-01,-1.078404017857142877e-01,-1.025390625000000000e-01,-1.116071428571428631e-01,-1.063058035714285754e-01,-1.035156250000000000e-01,-1.104910714285714246e-01,-1.097935267857142877e-01,-1.092354910714285754e-01,-1.037946428571428631e-01,-1.032366071428571369e-01,-1.030970982142857123e-01,-1.058872767857142877e-01,-1.107700892857142877e-01,-1.085379464285714246e-01,-1.050502232142857123e-01,-1.082589285714285754e-01,-1.096540178571428631e-01,-1.095145089285714246e-01,-1.082589285714285754e-01,-1.096540178571428631e-01,-1.060267857142857123e-01,-1.077008928571428631e-01,-1.075613839285714246e-01,-1.072823660714285754e-01,-1.039341517857142877e-01
-4.017857142857143155e-02,-3.989955357142856845e-02,-3.208705357142856845e-02,-3.599330357142856845e-02,-3.613281250000000000e-02,-3.683035714285714385e-02,-3.627232142857143155e-02,-3.208705357142856845e-02,-3.543526785714285615e-02,-3.292410714285714385e-02,-3.278459821428571230e-02,-3.445870535714285615e-02,-3.571428571428571230e-02,-3.069196428571428423e-02,-3.459821428571428770e-02,-3.236607142857143155e-02,-3.417968750000000000e-02,-3.696986607142856845e-02,-3.278459821428571230e-02,-3.906250000000000000e-02,-3.515625000000000000e-02,-3.125000000000000000e-02,-3.920200892857143155e-02,-3.892299107142856845e-02,-3.766741071428571230e-02,-3.320312500000000000e-02,-3.334263392857143155e-02,-3.125000000000000000e-02,-3.543526785714285615e-02,-3.850446428571428770e-02,-3.557477678571428770e-02,-3.557477678571428770e-02,-3.822544642857143155e-02,-3.724888392857143155e-02,-3.529575892857143155e-02,-3.613281250000000000e-02,-3.738839285714285615e-02,-3.501674107142856845e-02,-3.641183035714285615e-02,-3.669084821428571230e-02,-3.766741071428571230e-02,-3.529575892857143155e-02
-6.291852678571428770e-02,-6.236049107142856845e-02,-5.873325892857143155e-02,-6.319754464285713691e-02,-6.180245535714285615e-02,-6.152343750000000000e-02,-6.152343750000000000e-02,-6.236049107142856845e-02,-6.222098214285714385e-02,-6.110491071428571230e-02,-6.152343750000000000e-02,-6.138392857142856845e-02,-6.152343750000000000e-02,-5.789620535714285615e-02,-6.194196428571428770e-02,-5.873325892857143155e-02,-6.194196428571428770e-02,-6.375558035714286309e-02,-5.887276785714285615e-02,-6.389508928571428770e-02,-6.319754464285713691e-02,-5.943080357142856845e-02,-6.166294642857143155e-02,-6.236049107142856845e-02,-6.152343750000000000e-02,-5.901227678571428770e-02,-5.984933035714285615e-02,-5.984933035714285615e-02,-6.291852678571428770e-02,-6.208147321428571230e-02,-6.180245535714285615e-02,-6.138392857142856845e-02,-6.068638392857143155e-02,-6.208147321428571230e-02,-6.250000000000000000e-02,-6.180245535714285615e-02,-6.263950892857142461e-02,-6.236049107142856845e-02,-6.124441964285714385e-02,-6.208147321428571230e-02,-6.208147321428571230e-02,-6.124441964285714385e-02
-2.470703125000000000e-01,-2.449776785714285754e-01,-2.396763392857142738e-01,-2.433035714285714246e-01,-2.417689732142857262e-01,-2.424665178571428492e-01,-2.423270089285714246e-01,-2.412109375000000000e-01,-2.389787946428571508e-01,-2.399553571428571508e-01,-2.417689732142857262e-01,-2.370256696428571508e-01,-2.426060267857142738e-01,-2.349330357142857262e-01,-2.448381696428571508e-01,-2.374441964285714246e-01,-2.402343750000000000e-01,-2.452566964285714246e-01,-2.403738839285714246e-01,-2.452566964285714246e-01,-2.448381696428571508e-01,-2.441406250000000000e-01,-2.441406250000000000e-01,-2.438616071428571508e-01,-2.419084821428571508e-01,-2.437220982142857262e-01,-2.419084821428571508e-01,-2.406529017857142738e-01,-2.441406250000000000e-01,-2.438616071428571508e-01,-2.452566964285714246e-01,-2.420479910714285754e-01,-2.391183035714285754e-01,-2.419084821428571508e-01,-2.456752232142857262e-01,-2.428850446428571508e-01,-2.430245535714285754e-01,-2.438616071428571508e-01,-2.406529017857142738e-01,-2.398158482142857262e-01,-2.427455357142857262e-01,-2.388392857142857262e-01
-1.522042410714285754e-01,-1.494140625000000000e-01,-1.466238839285714246e-01,-1.485770089285714246e-01,-1.482979910714285754e-01,-1.469029017857142738e-01,-1.494140625000000000e-01,-1.467633928571428492e-01,-1.446707589285714246e-01,-1.441127232142857262e-01,-1.482979910714285754e-01,-1.459263392857142738e-01,-1.473214285714285754e-01,-1.429966517857142738e-01,-1.494140625000000000e-01,-1.445312500000000000e-01,-1.476004464285714246e-01,-1.502511160714285754e-01,-1.473214285714285754e-01,-1.496930803571428492e-01,-1.502511160714285754e-01,-1.489955357142857262e-01,-1.492745535714285754e-01,-1.487165178571428492e-01,-1.481584821428571508e-01,-1.480189732142857262e-01,-1.466238839285714246e-01,-1.460658482142857262e-01,-1.499720982142857262e-01,-1.485770089285714246e-01,-1.480189732142857262e-01,-1.494140625000000000e-01,-1.466238839285714246e-01,-1.471819196428571508e-01,-1.494140625000000000e-01,-1.459263392857142738e-01,-1.477399553571428492e-01,-1.499720982142857262e-01,-1.459263392857142738e-01,-1.456473214285714246e-01,-1.501116071428571508e-01,-1.478794642857142738e-01
-7.407924107142857539e-02,-7.142857142857142461e-02,-6.752232142857142461e-02,-7.128906250000000000e-02,-7.087053571428571230e-02,-6.724330357142857539e-02,-7.128906250000000000e-02,-6.752232142857142461e-02,-6.640625000000000000e-02,-6.459263392857142461e-02,-7.017299107142857539e-02,-6.947544642857142461e-02,-6.808035714285713691e-02,-6.598772321428571230e-02,-6.947544642857142461e-02,-6.682477678571428770e-02,-7.031250000000000000e-02,-7.254464285714286309e-02,-7.003348214285713691e-02,-7.017299107142857539e-02,-7.087053571428571230e-02,-6.877790178571428770e-02,-7.087053571428571230e-02,-7.073102678571428770e-02,-7.003348214285713691e-02,-6.891741071428571230e-02,-6.905691964285713691e-02,-6.696428571428571230e-02,-7.003348214285713691e-02,-7.017299107142857539e-02,-6.682477678571428770e-02,-7.142857142857142461e-02,-6.919642857142857539e-02,-6.766183035714286309e-02,-6.821986607142857539e-02,-6.710379464285713691e-02,-6.961495535714286309e-02,-7.087053571428571230e-02,-6.780133928571428770e-02,-6.710379464285713691e-02,-7.310267857142857539e-02,-7.073102678571428770e-02
-8.593750000000000000e-02,-8.440290178571428770e-02,-8.482142857142857539e-02,-8.691406250000000000e-02,-8.719308035714286309e-02,-8.370535714285713691e-02,-8.663504464285713691e-02,-8.747209821428571230e-02,-8.468191964285713691e-02,-8.356584821428571230e-02,-8.635602678571428770e-02,-8.621651785714286309e-02,-8.426339285714286309e-02,-8.342633928571428770e-02,-8.858816964285713691e-02,-8.384486607142857539e-02,-8.719308035714286309e-02,-8.816964285714286309e-02,-8.440290178571428770e-02,-8.468191964285713691e-02,-8.761160714285713691e-02,-8.565848214285713691e-02,-8.300781250000000000e-02,-8.426339285714286309e-02,-8.314732142857142461e-02,-8.440290178571428770e-02,-8.496093750000000000e-02,-8.426339285714286309e-02,-8.733258928571428770e-02,-8.370535714285713691e-02,-8.454241071428571230e-02,-8.733258928571428770e-02,-8.231026785714286309e-02,-8.412388392857142461e-02,-8.537946428571428770e-02,-8.370535714285713691e-02,-8.565848214285713691e-02,-8.816964285714286309e-02,-8.370535714285713691e-02,-8.384486607142857539e-02,-8.733258928571428770e-02,-8.607700892857142461e-02
-2.060546875000000000e-01,-2.045200892857142738e-01,-2.038225446428571508e-01,-2.080078125000000000e-01,-2.056361607142857262e-01,-2.038225446428571508e-01,-2.068917410714285754e-01,-2.063337053571428492e-01,-2.027064732142857262e-01,-2.027064732142857262e-01,-2.074497767857142738e-01,-2.031250000000000000e-01,-2.053571428571428492e-01,-2.013113839285714246e-01,-2.088448660714285754e-01,-2.034040178571428492e-01,-2.053571428571428492e-01,-2.087053571428571508e-01,-2.038225446428571508e-01,-2.041015625000000000e-01,-2.085658482142857262e-01,-2.078683035714285754e-01,-2.038225446428571508e-01,-2.038225446428571508e-01,-2.024274553571428492e-01,-2.066127232142857262e-01,-2.056361607142857262e-01,-2.056361607142857262e-01,-2.078683035714285754e-01,-2.032645089285714246e-01,-2.057756696428571508e-01,-2.056361607142857262e-01,-1.994977678571428492e-01,-2.035435267857142738e-01,-2.066127232142857262e-01,-2.045200892857142738e-01,-2.041015625000000000e-01,-2.080078125000000000e-01,-2.027064732142857262e-01,-2.013113839285714246e-01,-2.068917410714285754e-01,-2.042410714285714246e-01
-7.142857142857142461e-02,-7.017299107142857539e-02,-7.045200892857142461e-02,-7.352120535714286309e-02,-7.296316964285713691e-02,-6.794084821428571230e-02,-7.338169642857142461e-02,-7.226562500000000000e-02,-6.766183035714286309e-02,-6.752232142857142461e-02,-7.226562500000000000e-02,-7.198660714285713691e-02,-6.905691964285713691e-02,-6.891741071428571230e-02,-7.366071428571428770e-02,-7.059151785714286309e-02,-7.198660714285713691e-02,-7.296316964285713691e-02,-7.045200892857142461e-02,-6.933593750000000000e-02,-7.268415178571428770e-02,-7.087053571428571230e-02,-6.975446428571428770e-02,-6.947544642857142461e-02,-6.821986607142857539e-02,-7.101004464285713691e-02,-7.101004464285713691e-02,-6.961495535714286309e-02,-7.296316964285713691e-02,-6.919642857142857539e-02,-6.919642857142857539e-02,-7.254464285714286309e-02,-6.766183035714286309e-02,-6.891741071428571230e-02,-6.877790178571428770e-02,-6.821986607142857539e-02,-6.975446428571428770e-02,-7.296316964285713691e-02,-6.891741071428571230e-02,-6.891741071428571230e-02,-7.435825892857142461e-02,-7.226562500000000000e-02
1.255580357142857236e-03,2.650669642857142981e-03,2.790178571428571491e-03,-1.395089285714285637e-04,1.395089285714285637e-04,6.138392857142857019e-03,-6.975446428571428726e-04,3.487723214285714472e-03,5.161830357142857019e-03,7.114955357142857019e-03,8.370535714285713821e-04,-4.185267857142856911e-04,5.022321428571428943e-03,3.906250000000000000e-03,1.255580357142857236e-03,2.511160714285714472e-03,2.790178571428571274e-04,8.370535714285713821e-04,2.092633928571428509e-03,3.069196428571428509e-03,2.511160714285714472e-03,3.906250000000000000e-03,3.766741071428571491e-03,3.348214285714285528e-03,3.766741071428571491e-03,3.766741071428571491e-03,3.069196428571428509e-03,4.882812500000000000e-03,2.232142857142857019e-03,3.487723214285714472e-03,6.975446428571428943e-03,0.000000000000000000e+00,3.487723214285714472e-03,5.161830357142857019e-03,6.138392857142857019e-03,4.743303571428571057e-03,3.348214285714285528e-03,6.975446428571428726e-04,4.743303571428571057e-03,4.743303571428571057e-03,-6.975446428571428726e-04,8.370535714285713821e-04
-2.092633928571428423e-02,-1.994977678571428423e-02,-2.218191964285714385e-02,-2.469308035714285615e-02,-2.511160714285714385e-02,-1.967075892857142808e-02,-2.371651785714285615e-02,-2.525111607142857192e-02,-2.064732142857142808e-02,-2.008928571428571577e-02,-2.371651785714285615e-02,-2.469308035714285615e-02,-2.078683035714285615e-02,-2.232142857142857192e-02,-2.525111607142857192e-02,-2.176339285714285615e-02,-2.483258928571428423e-02,-2.399553571428571577e-02,-2.078683035714285615e-02,-1.897321428571428423e-02,-2.469308035714285615e-02,-2.190290178571428423e-02,-1.911272321428571577e-02,-1.953125000000000000e-02,-1.827566964285714385e-02,-2.134486607142857192e-02,-2.301897321428571577e-02,-2.190290178571428423e-02,-2.483258928571428423e-02,-1.897321428571428423e-02,-2.050781250000000000e-02,-2.357700892857142808e-02,-1.799665178571428423e-02,-2.036830357142857192e-02,-2.134486607142857192e-02,-2.008928571428571577e-02,-2.134486607142857192e-02,-2.525111607142857192e-02,-1.925223214285714385e-02,-2.078683035714285615e-02,-2.483258928571428423e-02,-2.413504464285714385e-02
-1.146763392857142877e-01,-1.134207589285714246e-01,-1.142578125000000000e-01,-1.191406250000000000e-01,-1.178850446428571369e-01,-1.132812500000000000e-01,-1.185825892857142877e-01,-1.180245535714285754e-01,-1.125837053571428631e-01,-1.111886160714285754e-01,-1.174665178571428631e-01,-1.152343750000000000e-01,-1.143973214285714246e-01,-1.118861607142857123e-01,-1.190011160714285754e-01,-1.156529017857142877e-01,-1.166294642857142877e-01,-1.183035714285714246e-01,-1.138392857142857123e-01,-1.128627232142857123e-01,-1.180245535714285754e-01,-1.171875000000000000e-01,-1.121651785714285754e-01,-1.114676339285714246e-01,-1.102120535714285754e-01,-1.155133928571428631e-01,-1.160714285714285754e-01,-1.159319196428571369e-01,-1.176060267857142877e-01,-1.128627232142857123e-01,-1.148158482142857123e-01,-1.164899553571428631e-01,-1.089564732142857123e-01,-1.121651785714285754e-01,-1.149553571428571369e-01,-1.136997767857142877e-01,-1.134207589285714246e-01,-1.190011160714285754e-01,-1.117466517857142877e-01,-1.117466517857142877e-01,-1.176060267857142877e-01,-1.155133928571428631e-01
2.232142857142857019e-03,3.208705357142857019e-03,2.511160714285714472e-03,-9.765625000000000000e-04,-6.975446428571428726e-04,4.882812500000000000e-03,-1.395089285714285745e-03,8.370535714285713821e-04,5.580357142857142981e-03,6.835937500000000000e-03,8.370535714285713821e-04,5.580357142857142547e-04,3.069196428571428509e-03,3.069196428571428509e-03,-1.116071428571428509e-03,1.534598214285714255e-03,-4.185267857142856911e-04,2.790178571428571274e-04,3.208705357142857019e-03,4.743303571428571057e-03,1.116071428571428509e-03,1.534598214285714255e-03,4.464285714285714038e-03,4.324776785714285962e-03,5.161830357142857019e-03,1.534598214285714255e-03,2.092633928571428509e-03,2.929687500000000000e-03,4.185267857142856911e-04,4.185267857142857019e-03,5.161830357142857019e-03,5.580357142857142547e-04,5.859375000000000000e-03,5.440848214285714038e-03,4.882812500000000000e-03,4.743303571428571057e-03,3.208705357142857019e-03,-6.975446428571428726e-04,5.161830357142857019e-03,4.603794642857142981e-03,-2.232142857142857019e-03,-1.395089285714285637e-04
6.654575892857142461e-02,6.668526785714286309e-02,6.696428571428571230e-02,6.250000000000000000e-02,6.333705357142857539e-02,7.045200892857142461e-02,6.291852678571428770e-02,6.668526785714286309e-02,6.961495535714286309e-02,7.087053571428571230e-02,6.501116071428571230e-02,6.333705357142857539e-02,6.821986607142857539e-02,6.724330357142857539e-02,6.459263392857142461e-02,6.515066964285713691e-02,6.263950892857142461e-02,6.501116071428571230e-02,6.696428571428571230e-02,6.780133928571428770e-02,6.640625000000000000e-02,6.821986607142857539e-02,6.891741071428571230e-02,6.808035714285713691e-02,6.821986607142857539e-02,6.696428571428571230e-02,6.710379464285713691e-02,6.891741071428571230e-02,6.501116071428571230e-02,6.752232142857142461e-02,7.101004464285713691e-02,6.389508928571428770e-02,6.794084821428571230e-02,6.989397321428571230e-02,7.031250000000000000e-02,6.877790178571428770e-02,6.766183035714286309e-02,6.431361607142857539e-02,6.877790178571428770e-02,6.835937500000000000e-02,6.208147321428571230e-02,6.361607142857142461e-02
2.859933035714285615e-02,2.971540178571428423e-02,2.636718750000000000e-02,2.357700892857142808e-02,2.357700892857142808e-02,2.985491071428571577e-02,2.343750000000000000e-02,2.343750000000000000e-02,2.859933035714285615e-02,2.985491071428571577e-02,2.525111607142857192e-02,2.455357142857142808e-02,2.776227678571428423e-02,2.678571428571428423e-02,2.315848214285714385e-02,2.539062500000000000e-02,2.343750000000000000e-02,2.525111607142857192e-02,2.859933035714285615e-02,3.027343750000000000e-02,2.539062500000000000e-02,2.692522321428571577e-02,3.055245535714285615e-02,3.013392857142857192e-02,3.125000000000000000e-02,2.790178571428571577e-02,2.678571428571428423e-02,2.706473214285714385e-02,2.539062500000000000e-02,3.041294642857142808e-02,2.957589285714285615e-02,2.566964285714285615e-02,3.166852678571428770e-02,2.999441964285714385e-02,2.818080357142857192e-02,2.957589285714285615e-02,2.832031250000000000e-02,2.427455357142857192e-02,2.943638392857142808e-02,2.901785714285714385e-02,2.273995535714285615e-02,2.511160714285714385e-02
-7.561383928571428770e-02,-7.589285714285713691e-02,-7.659040178571428770e-02,-8.147321428571428770e-02,-8.021763392857142461e-02,-7.575334821428571230e-02,-8.133370535714286309e-02,-8.049665178571428770e-02,-7.449776785714286309e-02,-7.282366071428571230e-02,-7.965959821428571230e-02,-7.672991071428571230e-02,-7.728794642857142461e-02,-7.380022321428571230e-02,-8.203125000000000000e-02,-7.868303571428571230e-02,-7.854352678571428770e-02,-8.049665178571428770e-02,-7.561383928571428770e-02,-7.463727678571428770e-02,-7.896205357142857539e-02,-7.965959821428571230e-02,-7.435825892857142461e-02,-7.254464285714286309e-02,-7.282366071428571230e-02,-7.924107142857142461e-02,-7.840401785714286309e-02,-7.868303571428571230e-02,-8.077566964285713691e-02,-7.519531250000000000e-02,-7.659040178571428770e-02,-7.770647321428571230e-02,-7.142857142857142461e-02,-7.380022321428571230e-02,-7.686941964285713691e-02,-7.533482142857142461e-02,-7.561383928571428770e-02,-8.091517857142857539e-02,-7.435825892857142461e-02,-7.310267857142857539e-02,-8.035714285714286309e-02,-7.868303571428571230e-02
3.250558035714285615e-02,3.166852678571428770e-02,3.208705357142856845e-02,2.734375000000000000e-02,2.943638392857142808e-02,3.390066964285714385e-02,2.734375000000000000e-02,2.971540178571428423e-02,3.529575892857143155e-02,3.696986607142856845e-02,2.901785714285714385e-02,3.055245535714285615e-02,3.180803571428571230e-02,3.320312500000000000e-02,2.734375000000000000e-02,2.929687500000000000e-02,2.818080357142857192e-02,3.013392857142857192e-02,3.264508928571428770e-02,3.459821428571428770e-02,3.125000000000000000e-02,3.125000000000000000e-02,3.334263392857143155e-02,3.445870535714285615e-02,3.529575892857143155e-02,2.985491071428571577e-02,3.138950892857143155e-02,3.208705357142856845e-02,2.915736607142857192e-02,3.362165178571428770e-02,3.431919642857143155e-02,3.055245535714285615e-02,3.529575892857143155e-02,3.529575892857143155e-02,3.376116071428571230e-02,3.404017857142856845e-02,3.306361607142856845e-02,2.790178571428571577e-02,3.417968750000000000e-02,3.459821428571428770e-02,2.678571428571428423e-02,2.985491071428571577e-02
9.500558035714286309e-02,9.402901785714286309e-02,9.388950892857142461e-02,9.054129464285713691e-02,9.235491071428571230e-02,9.821428571428571230e-02,8.900669642857142461e-02,9.472656250000000000e-02,9.877232142857142461e-02,9.988839285714286309e-02,9.319196428571428770e-02,9.109933035714286309e-02,9.542410714285713691e-02,9.528459821428571230e-02,9.123883928571428770e-02,9.263392857142857539e-02,9.012276785714286309e-02,9.402901785714286309e-02,9.514508928571428770e-02,9.681919642857142461e-02,9.472656250000000000e-02,9.528459821428571230e-02,9.681919642857142461e-02,9.751674107142857539e-02,9.709821428571428770e-02,9.444754464285713691e-02,9.598214285714286309e-02,9.681919642857142461e-02,9.263392857142857539e-02,9.556361607142857539e-02,9.849330357142857539e-02,9.291294642857142461e-02,9.556361607142857539e-02,9.807477678571428770e-02,9.849330357142857539e-02,9.751674107142857539e-02,9.612165178571428770e-02,9.221540178571428770e-02,9.654017857142857539e-02,9.695870535714286309e-02,8.872767857142857539e-02,9.068080357142857539e-02
4.994419642857143155e-02,5.050223214285714385e-02,4.868861607142856845e-02,4.422433035714285615e-02,4.506138392857143155e-02,5.092075892857143155e-02,4.561941964285714385e-02,4.547991071428571230e-02,4.994419642857143155e-02,5.203683035714285615e-02,4.575892857142856845e-02,4.617745535714285615e-02,4.924665178571428770e-02,4.868861607142856845e-02,4.436383928571428770e-02,4.673549107142856845e-02,4.492187500000000000e-02,4.659598214285714385e-02,4.980468750000000000e-02,5.175781250000000000e-02,4.645647321428571230e-02,4.868861607142856845e-02,5.231584821428571230e-02,5.189732142857143155e-02,5.343191964285714385e-02,4.840959821428571230e-02,4.813058035714285615e-02,4.771205357142856845e-02,4.561941964285714385e-02,5.133928571428571230e-02,5.092075892857143155e-02,4.729352678571428770e-02,5.301339285714285615e-02,5.203683035714285615e-02,5.008370535714285615e-02,5.050223214285714385e-02,4.994419642857143155e-02,4.520089285714285615e-02,5.119977678571428770e-02,5.078125000000000000e-02,4.436383928571428770e-02,4.603794642857143155e-02
-7.505580357142857539e-02,-7.659040178571428770e-02,-7.700892857142857539e-02,-8.063616071428571230e-02,-7.896205357142857539e-02,-7.617187500000000000e-02,-8.063616071428571230e-02,-7.979910714285713691e-02,-7.324218750000000000e-02,-7.128906250000000000e-02,-8.021763392857142461e-02,-7.603236607142857539e-02,-7.770647321428571230e-02,-7.212611607142857539e-02,-8.272879464285713691e-02,-7.924107142857142461e-02,-7.700892857142857539e-02,-8.049665178571428770e-02,-7.477678571428571230e-02,-7.421875000000000000e-02,-7.882254464285713691e-02,-7.812500000000000000e-02,-7.505580357142857539e-02,-7.268415178571428770e-02,-7.212611607142857539e-02,-7.979910714285713691e-02,-7.756696428571428770e-02,-7.952008928571428770e-02,-8.035714285714286309e-02,-7.603236607142857539e-02,-7.617187500000000000e-02,-7.631138392857142461e-02,-7.142857142857142461e-02,-7.380022321428571230e-02,-7.477678571428571230e-02,-7.519531250000000000e-02,-7.477678571428571230e-02,-8.119419642857142461e-02,-7.435825892857142461e-02,-7.226562500000000000e-02,-7.979910714285713691e-02,-7.784598214285713691e-02
3.264508928571428770e-02,3.055245535714285615e-02,3.125000000000000000e-02,2.720424107142857192e-02,2.887834821428571577e-02,3.320312500000000000e-02,2.650669642857142808e-02,3.027343750000000000e-02,3.473772321428571230e-02,3.752790178571428770e-02,2.845982142857142808e-02,2.971540178571428423e-02,3.138950892857143155e-02,3.320312500000000000e-02,2.664620535714285615e-02,2.762276785714285615e-02,2.859933035714285615e-02,2.887834821428571577e-02,3.250558035714285615e-02,3.348214285714285615e-02,3.027343750000000000e-02,3.111049107142857192e-02,3.320312500000000000e-02,3.348214285714285615e-02,3.487723214285714385e-02,2.929687500000000000e-02,3.097098214285714385e-02,3.069196428571428423e-02,2.887834821428571577e-02,3.138950892857143155e-02,3.362165178571428770e-02,3.041294642857142808e-02,3.404017857142856845e-02,3.445870535714285615e-02,3.362165178571428770e-02,3.250558035714285615e-02,3.250558035714285615e-02,2.776227678571428423e-02,3.320312500000000000e-02,3.515625000000000000e-02,2.608816964285714385e-02,2.915736607142857192e-02
9.263392857142857539e-02,8.928571428571428770e-02,9.109933035714286309e-02,8.844866071428571230e-02,8.900669642857142461e-02,9.486607142857142461e-02,8.719308035714286309e-02,9.221540178571428770e-02,9.612165178571428770e-02,9.737723214285713691e-02,9.026227678571428770e-02,8.844866071428571230e-02,9.235491071428571230e-02,9.291294642857142461e-02,8.830915178571428770e-02,8.914620535714286309e-02,8.816964285714286309e-02,9.026227678571428770e-02,9.221540178571428770e-02,9.375000000000000000e-02,9.095982142857142461e-02,9.263392857142857539e-02,9.235491071428571230e-02,9.333147321428571230e-02,9.347098214285713691e-02,9.054129464285713691e-02,9.082031250000000000e-02,9.263392857142857539e-02,8.956473214285713691e-02,9.263392857142857539e-02,9.570312500000000000e-02,9.109933035714286309e-02,9.249441964285713691e-02,9.514508928571428770e-02,9.556361607142857539e-02,9.388950892857142461e-02,9.333147321428571230e-02,8.998325892857142461e-02,9.361049107142857539e-02,9.402901785714286309e-02,8.607700892857142461e-02,8.914620535714286309e-02
4.771205357142856845e-02,4.687500000000000000e-02,4.589843750000000000e-02,4.213169642857143155e-02,4.282924107142856845e-02,4.799107142857143155e-02,4.296875000000000000e-02,4.282924107142856845e-02,4.743303571428571230e-02,4.952566964285714385e-02,4.338727678571428770e-02,4.366629464285714385e-02,4.603794642857143155e-02,4.631696428571428770e-02,4.185267857142856845e-02,4.352678571428571230e-02,4.255022321428571230e-02,4.436383928571428770e-02,4.757254464285714385e-02,4.896763392857143155e-02,4.464285714285714385e-02,4.617745535714285615e-02,4.938616071428571230e-02,4.938616071428571230e-02,5.008370535714285615e-02,4.534040178571428770e-02,4.547991071428571230e-02,4.478236607142856845e-02,4.366629464285714385e-02,4.813058035714285615e-02,4.827008928571428770e-02,4.422433035714285615e-02,4.966517857142856845e-02,4.854910714285714385e-02,4.799107142857143155e-02,4.743303571428571230e-02,4.715401785714285615e-02,4.255022321428571230e-02,4.799107142857143155e-02,4.813058035714285615e-02,4.227120535714285615e-02,4.352678571428571230e-02
-4.059709821428571230e-02,-4.185267857142856845e-02,-4.338727678571428770e-02,-4.715401785714285615e-02,-4.589843750000000000e-02,-4.255022321428571230e-02,-4.603794642857143155e-02,-4.687500000000000000e-02,-4.129464285714285615e-02,-3.934151785714285615e-02,-4.561941964285714385e-02,-4.338727678571428770e-02,-4.338727678571428770e-02,-4.129464285714285615e-02,-4.882812500000000000e-02,-4.520089285714285615e-02,-4.450334821428571230e-02,-4.673549107142856845e-02,-4.115513392857143155e-02,-3.976004464285714385e-02,-4.534040178571428770e-02,-4.408482142857143155e-02,-4.003906250000000000e-02,-3.962053571428571230e-02,-3.878348214285714385e-02,-4.366629464285714385e-02,-4.366629464285714385e-02,-4.561941964285714385e-02,-4.645647321428571230e-02,-4.087611607142856845e-02,-4.157366071428571230e-02,-4.366629464285714385e-02,-3.780691964285714385e-02,-4.101562500000000000e-02,-4.185267857142856845e-02,-4.268973214285714385e-02,-4.115513392857143155e-02,-4.673549107142856845e-02,-4.059709821428571230e-02,-4.003906250000000000e-02,-4.561941964285714385e-02,-4.422433035714285615e-02
6.250000000000000000e-02,6.138392857142856845e-02,6.068638392857143155e-02,5.775669642857143155e-02,5.803571428571428770e-02,6.333705357142857539e-02,5.789620535714285615e-02,5.998883928571428770e-02,6.236049107142856845e-02,6.515066964285713691e-02,5.929129464285714385e-02,5.733816964285714385e-02,6.180245535714285615e-02,6.138392857142856845e-02,5.747767857142856845e-02,5.901227678571428770e-02,5.803571428571428770e-02,5.845424107142856845e-02,6.194196428571428770e-02,6.361607142857142461e-02,5.984933035714285615e-02,6.208147321428571230e-02,6.305803571428571230e-02,6.361607142857142461e-02,6.403459821428571230e-02,6.026785714285714385e-02,6.026785714285714385e-02,6.068638392857143155e-02,5.915178571428571230e-02,6.250000000000000000e-02,6.375558035714286309e-02,5.929129464285714385e-02,6.389508928571428770e-02,6.417410714285713691e-02,6.319754464285713691e-02,6.291852678571428770e-02,6.180245535714285615e-02,5.789620535714285615e-02,6.305803571428571230e-02,6.333705357142857539e-02,5.678013392857143155e-02,5.887276785714285615e-02
1.176060267857142877e-01,1.148158482142857123e-01,1.153738839285714246e-01,1.128627232142857123e-01,1.135602678571428631e-01,1.194196428571428631e-01,1.121651785714285754e-01,1.162109375000000000e-01,1.190011160714285754e-01,1.206752232142857123e-01,1.162109375000000000e-01,1.120256696428571369e-01,1.173270089285714246e-01,1.149553571428571369e-01,1.135602678571428631e-01,1.135602678571428631e-01,1.125837053571428631e-01,1.141183035714285754e-01,1.167689732142857123e-01,1.187220982142857123e-01,1.162109375000000000e-01,1.171875000000000000e-01,1.180245535714285754e-01,1.174665178571428631e-01,1.185825892857142877e-01,1.159319196428571369e-01,1.162109375000000000e-01,1.178850446428571369e-01,1.149553571428571369e-01,1.177455357142857123e-01,1.205357142857142877e-01,1.141183035714285754e-01,1.166294642857142877e-01,1.198381696428571369e-01,1.194196428571428631e-01,1.181640625000000000e-01,1.164899553571428631e-01,1.139787946428571369e-01,1.187220982142857123e-01,1.173270089285714246e-01,1.110491071428571369e-01,1.132812500000000000e-01
6.724330357142857539e-02,6.654575892857142461e-02,6.417410714285713691e-02,6.138392857142856845e-02,6.124441964285714385e-02,6.668526785714286309e-02,6.236049107142856845e-02,6.152343750000000000e-02,6.515066964285713691e-02,6.752232142857142461e-02,6.236049107142856845e-02,6.152343750000000000e-02,6.515066964285713691e-02,6.403459821428571230e-02,6.110491071428571230e-02,6.277901785714286309e-02,6.152343750000000000e-02,6.250000000000000000e-02,6.612723214285713691e-02,6.752232142857142461e-02,6.291852678571428770e-02,6.612723214285713691e-02,6.849888392857142461e-02,6.808035714285713691e-02,6.835937500000000000e-02,6.487165178571428770e-02,6.417410714285713691e-02,6.361607142857142461e-02,6.222098214285714385e-02,6.752232142857142461e-02,6.794084821428571230e-02,6.305803571428571230e-02,6.780133928571428770e-02,6.696428571428571230e-02,6.584821428571428770e-02,6.612723214285713691e-02,6.584821428571428770e-02,6.152343750000000000e-02,6.654575892857142461e-02,6.612723214285713691e-02,6.194196428571428770e-02,6.250000000000000000e-02
-5.217633928571428770e-02,-5.440848214285714385e-02,-5.385044642857143155e-02,-5.775669642857143155e-02,-5.622209821428571230e-02,-5.301339285714285615e-02,-5.775669642857143155e-02,-5.538504464285714385e-02,-5.064174107142856845e-02,-4.799107142857143155e-02,-5.733816964285714385e-02,-5.259486607142856845e-02,-5.412946428571428770e-02,-4.938616071428571230e-02,-6.012834821428571230e-02,-5.636160714285714385e-02,-5.412946428571428770e-02,-5.817522321428571230e-02,-5.203683035714285615e-02,-5.092075892857143155e-02,-5.594308035714285615e-02,-5.524553571428571230e-02,-5.273437500000000000e-02,-4.980468750000000000e-02,-4.924665178571428770e-02,-5.719866071428571230e-02,-5.454799107142856845e-02,-5.705915178571428770e-02,-5.705915178571428770e-02,-5.315290178571428770e-02,-5.273437500000000000e-02,-5.426897321428571230e-02,-4.882812500000000000e-02,-5.119977678571428770e-02,-5.343191964285714385e-02,-5.315290178571428770e-02,-5.106026785714285615e-02,-5.761718750000000000e-02,-5.119977678571428770e-02,-4.882812500000000000e-02,-5.664062500000000000e-02,-5.357142857142856845e-02
4.896763392857143155e-02,4.603794642857143155e-02,4.757254464285714385e-02,4.408482142857143155e-02,4.617745535714285615e-02,4.952566964285714385e-02,4.296875000000000000e-02,4.785156250000000000e-02,5.175781250000000000e-02,5.412946428571428770e-02,4.561941964285714385e-02,4.589843750000000000e-02,4.785156250000000000e-02,4.994419642857143155e-02,4.352678571428571230e-02,4.464285714285714385e-02,4.589843750000000000e-02,4.520089285714285615e-02,4.938616071428571230e-02,5.092075892857143155e-02,4.701450892857143155e-02,4.757254464285714385e-02,4.924665178571428770e-02,5.092075892857143155e-02,5.119977678571428770e-02,4.561941964285714385e-02,4.743303571428571230e-02,4.715401785714285615e-02,4.589843750000000000e-02,4.813058035714285615e-02,5.022321428571428770e-02,4.659598214285714385e-02,4.980468750000000000e-02,5.106026785714285615e-02,4.896763392857143155e-02,4.952566964285714385e-02,4.938616071428571230e-02,4.520089285714285615e-02,5.036272321428571230e-02,5.217633928571428770e-02,4.282924107142856845e-02,4.589843750000000000e-02
1.068638392857142877e-01,1.047712053571428631e-01,1.051897321428571369e-01,1.026785714285714246e-01,1.030970982142857123e-01,1.099330357142857123e-01,1.023995535714285754e-01,1.077008928571428631e-01,1.102120535714285754e-01,1.123046875000000000e-01,1.057477678571428631e-01,1.037946428571428631e-01,1.064453125000000000e-01,1.068638392857142877e-01,1.032366071428571369e-01,1.033761160714285754e-01,1.028180803571428631e-01,1.043526785714285754e-01,1.074218750000000000e-01,1.096540178571428631e-01,1.061662946428571369e-01,1.081194196428571369e-01,1.079799107142857123e-01,1.083984375000000000e-01,1.097935267857142877e-01,1.047712053571428631e-01,1.068638392857142877e-01,1.071428571428571369e-01,1.050502232142857123e-01,1.070033482142857123e-01,1.103515625000000000e-01,1.051897321428571369e-01,1.070033482142857123e-01,1.102120535714285754e-01,1.089564732142857123e-01,1.083984375000000000e-01,1.065848214285714246e-01,1.050502232142857123e-01,1.090959821428571369e-01,1.093750000000000000e-01,1.010044642857142877e-01,1.040736607142857123e-01
5.901227678571428770e-02,5.747767857142856845e-02,5.636160714285714385e-02,5.329241071428571230e-02,5.440848214285714385e-02,5.831473214285714385e-02,5.343191964285714385e-02,5.454799107142856845e-02,5.873325892857143155e-02,6.068638392857143155e-02,5.412946428571428770e-02,5.468750000000000000e-02,5.733816964285714385e-02,5.761718750000000000e-02,5.287388392857143155e-02,5.468750000000000000e-02,5.426897321428571230e-02,5.412946428571428770e-02,5.831473214285714385e-02,6.026785714285714385e-02,5.510602678571428770e-02,5.719866071428571230e-02,5.984933035714285615e-02,6.012834821428571230e-02,6.110491071428571230e-02,5.636160714285714385e-02,5.691964285714285615e-02,5.580357142857143155e-02,5.426897321428571230e-02,5.859375000000000000e-02,5.943080357142856845e-02,5.552455357142856845e-02,6.040736607142856845e-02,5.915178571428571230e-02,5.845424107142856845e-02,5.915178571428571230e-02,5.859375000000000000e-02,5.385044642857143155e-02,5.943080357142856845e-02,5.957031250000000000e-02,5.301339285714285615e-02,5.468750000000000000e-02
-1.660156250000000000e-02,-1.604352678571428423e-02,-1.771763392857142808e-02,-2.134486607142857192e-02,-1.939174107142857192e-02,-1.702008928571428423e-02,-2.064732142857142808e-02,-2.120535714285714385e-02,-1.646205357142857192e-02,-1.436941964285714211e-02,-2.190290178571428423e-02,-1.813616071428571577e-02,-1.771763392857142808e-02,-1.548549107142857192e-02,-2.287946428571428423e-02,-1.939174107142857192e-02,-1.967075892857142808e-02,-2.022879464285714385e-02,-1.576450892857142808e-02,-1.409040178571428596e-02,-2.008928571428571577e-02,-1.897321428571428423e-02,-1.492745535714285789e-02,-1.311383928571428596e-02,-1.297433035714285789e-02,-1.897321428571428423e-02,-1.813616071428571577e-02,-1.939174107142857192e-02,-2.022879464285714385e-02,-1.590401785714285615e-02,-1.688058035714285615e-02,-1.897321428571428423e-02,-1.241629464285714211e-02,-1.478794642857142808e-02,-1.729910714285714385e-02,-1.604352678571428423e-02,-1.478794642857142808e-02,-2.204241071428571577e-02,-1.604352678571428423e-02,-1.395089285714285789e-02,-2.078683035714285615e-02,-1.925223214285714385e-02
8.621651785714286309e-02,8.551897321428571230e-02,8.468191964285713691e-02,8.244977678571428770e-02,8.203125000000000000e-02,8.747209821428571230e-02,8.175223214285713691e-02,8.370535714285713691e-02,8.761160714285713691e-02,8.928571428571428770e-02,8.286830357142857539e-02,8.244977678571428770e-02,8.496093750000000000e-02,8.510044642857142461e-02,8.091517857142857539e-02,8.384486607142857539e-02,8.161272321428571230e-02,8.412388392857142461e-02,8.649553571428571230e-02,8.900669642857142461e-02,8.440290178571428770e-02,8.565848214285713691e-02,8.803013392857142461e-02,8.803013392857142461e-02,8.886718750000000000e-02,8.496093750000000000e-02,8.565848214285713691e-02,8.607700892857142461e-02,8.342633928571428770e-02,8.733258928571428770e-02,8.886718750000000000e-02,8.370535714285713691e-02,8.789062500000000000e-02,8.789062500000000000e-02,8.663504464285713691e-02,8.705357142857142461e-02,8.649553571428571230e-02,8.300781250000000000e-02,8.705357142857142461e-02,8.719308035714286309e-02,8.077566964285713691e-02,8.258928571428571230e-02
1.382533482142857262e-01,1.389508928571428492e-01,1.381138392857142738e-01,1.349051339285714246e-01,1.358816964285714246e-01,1.420200892857142738e-01,1.347656250000000000e-01,1.397879464285714246e-01,1.410435267857142738e-01,1.428571428571428492e-01,1.375558035714285754e-01,1.350446428571428492e-01,1.381138392857142738e-01,1.379743303571428492e-01,1.350446428571428492e-01,1.369977678571428492e-01,1.342075892857142738e-01,1.388113839285714246e-01,1.400669642857142738e-01,1.410435267857142738e-01,1.385323660714285754e-01,1.404854910714285754e-01,1.417410714285714246e-01,1.403459821428571508e-01,1.418805803571428492e-01,1.381138392857142738e-01,1.392299107142857262e-01,1.414620535714285754e-01,1.383928571428571508e-01,1.411830357142857262e-01,1.434151785714285754e-01,1.367187500000000000e-01,1.390904017857142738e-01,1.424386160714285754e-01,1.416015625000000000e-01,1.413225446428571508e-01,1.388113839285714246e-01,1.375558035714285754e-01,1.416015625000000000e-01,1.410435267857142738e-01,1.337890625000000000e-01,1.353236607142857262e-01
8.356584821428571230e-02,8.398437500000000000e-02,8.147321428571428770e-02,7.952008928571428770e-02,7.952008928571428770e-02,8.468191964285713691e-02,8.007812500000000000e-02,7.938058035714286309e-02,8.300781250000000000e-02,8.523995535714286309e-02,7.952008928571428770e-02,7.938058035714286309e-02,8.286830357142857539e-02,8.147321428571428770e-02,7.840401785714286309e-02,8.077566964285713691e-02,7.868303571428571230e-02,8.091517857142857539e-02,8.370535714285713691e-02,8.593750000000000000e-02,8.035714285714286309e-02,8.328683035714286309e-02,8.579799107142857539e-02,8.607700892857142461e-02,8.579799107142857539e-02,8.328683035714286309e-02,8.231026785714286309e-02,8.244977678571428770e-02,8.021763392857142461e-02,8.496093750000000000e-02,8.454241071428571230e-02,8.007812500000000000e-02,8.635602678571428770e-02,8.537946428571428770e-02,8.356584821428571230e-02,8.440290178571428770e-02,8.370535714285713691e-02,7.938058035714286309e-02,8.426339285714286309e-02,8.370535714285713691e-02,7.896205357142857539e-02,7.993861607142857539e-02
1.311383928571428596e-02,1.562500000000000000e-02,1.171875000000000000e-02,9.626116071428571924e-03,9.486607142857142114e-03,1.409040178571428596e-02,1.102120535714285789e-02,8.231026785714285962e-03,1.325334821428571404e-02,1.450892857142857192e-02,7.812500000000000000e-03,1.088169642857142808e-02,1.227678571428571404e-02,1.269531250000000000e-02,7.114955357142857019e-03,1.130022321428571404e-02,8.928571428571428076e-03,1.157924107142857192e-02,1.367187500000000000e-02,1.590401785714285615e-02,1.004464285714285789e-02,1.199776785714285789e-02,1.562500000000000000e-02,1.660156250000000000e-02,1.674107142857142808e-02,1.227678571428571404e-02,1.185825892857142808e-02,1.143973214285714211e-02,1.004464285714285789e-02,1.576450892857142808e-02,1.255580357142857192e-02,1.004464285714285789e-02,1.743861607142857192e-02,1.548549107142857192e-02,1.143973214285714211e-02,1.436941964285714211e-02,1.381138392857142808e-02,8.510044642857142114e-03,1.395089285714285789e-02,1.450892857142857192e-02,8.928571428571428076e-03,9.905133928571428076e-03
1.110491071428571369e-01,1.130022321428571369e-01,1.095145089285714246e-01,1.075613839285714246e-01,1.082589285714285754e-01,1.131417410714285754e-01,1.085379464285714246e-01,1.085379464285714246e-01,1.127232142857142877e-01,1.131417410714285754e-01,1.075613839285714246e-01,1.075613839285714246e-01,1.110491071428571369e-01,1.088169642857142877e-01,1.070033482142857123e-01,1.097935267857142877e-01,1.056082589285714246e-01,1.104910714285714246e-01,1.117466517857142877e-01,1.139787946428571369e-01,1.100725446428571369e-01,1.114676339285714246e-01,1.146763392857142877e-01,1.136997767857142877e-01,1.143973214285714246e-01,1.116071428571428631e-01,1.106305803571428631e-01,1.120256696428571369e-01,1.093750000000000000e-01,1.143973214285714246e-01,1.135602678571428631e-01,1.081194196428571369e-01,1.139787946428571369e-01,1.139787946428571369e-01,1.114676339285714246e-01,1.125837053571428631e-01,1.110491071428571369e-01,1.082589285714285754e-01,1.124441964285714246e-01,1.124441964285714246e-01,1.072823660714285754e-01,1.081194196428571369e-01
1.618303571428571508e-01,1.636439732142857262e-01,1.605747767857142738e-01,1.586216517857142738e-01,1.594587053571428492e-01,1.647600446428571508e-01,1.587611607142857262e-01,1.623883928571428492e-01,1.633649553571428492e-01,1.640625000000000000e-01,1.597377232142857262e-01,1.568080357142857262e-01,1.618303571428571508e-01,1.586216517857142738e-01,1.594587053571428492e-01,1.623883928571428492e-01,1.563895089285714246e-01,1.625279017857142738e-01,1.628069196428571508e-01,1.644810267857142738e-01,1.609933035714285754e-01,1.630859375000000000e-01,1.657366071428571508e-01,1.629464285714285754e-01,1.637834821428571508e-01,1.629464285714285754e-01,1.623883928571428492e-01,1.650390625000000000e-01,1.616908482142857262e-01,1.651785714285714246e-01,1.669921875000000000e-01,1.598772321428571508e-01,1.628069196428571508e-01,1.648995535714285754e-01,1.628069196428571508e-01,1.640625000000000000e-01,1.609933035714285754e-01,1.608537946428571508e-01,1.632254464285714246e-01,1.630859375000000000e-01,1.583426339285714246e-01,1.583426339285714246e-01
1.008649553571428631e-01,1.029575892857142877e-01,9.946986607142857539e-02,9.779575892857142461e-02,9.779575892857142461e-02,1.022600446428571369e-01,9.877232142857142461e-02,9.612165178571428770e-02,1.001674107142857123e-01,1.014229910714285754e-01,9.681919642857142461e-02,9.681919642857142461e-02,1.008649553571428631e-01,9.849330357142857539e-02,9.640066964285713691e-02,9.960937500000000000e-02,9.612165178571428770e-02,9.988839285714286309e-02,1.012834821428571369e-01,1.043526785714285754e-01,9.863281250000000000e-02,1.010044642857142877e-01,1.040736607142857123e-01,1.032366071428571369e-01,1.042131696428571369e-01,1.015625000000000000e-01,1.001674107142857123e-01,1.005859375000000000e-01,9.849330357142857539e-02,1.037946428571428631e-01,1.030970982142857123e-01,9.779575892857142461e-02,1.039341517857142877e-01,1.033761160714285754e-01,1.007254464285714246e-01,1.023995535714285754e-01,1.012834821428571369e-01,9.709821428571428770e-02,1.023995535714285754e-01,1.015625000000000000e-01,9.723772321428571230e-02,9.737723214285713691e-02
-2.232142857142857019e-03,6.975446428571428726e-04,-3.348214285714285528e-03,-5.161830357142857019e-03,-4.743303571428571057e-03,-9.765625000000000000e-04,-4.045758928571428943e-03,-6.417410714285714038e-03,-2.650669642857142981e-03,-1.534598214285714255e-03,-6.556919642857142981e-03,-4.743303571428571057e-03,-1.813616071428571491e-03,-3.627232142857142981e-03,-5.998883928571428943e-03,-2.092633928571428509e-03,-6.556919642857142981e-03,-4.324776785714285962e-03,-2.511160714285714472e-03,0.000000000000000000e+00,-6.556919642857142981e-03,-4.045758928571428943e-03,-4.185267857142856911e-04,-2.790178571428571274e-04,4.185267857142856911e-04,-1.395089285714285745e-03,-4.045758928571428943e-03,-3.208705357142857019e-03,-4.464285714285714038e-03,2.790178571428571274e-04,-9.765625000000000000e-04,-5.998883928571428943e-03,1.534598214285714255e-03,2.790178571428571274e-04,-3.069196428571428509e-03,-5.580357142857142547e-04,-1.395089285714285745e-03,-6.696428571428571057e-03,-4.185267857142856911e-04,-1.534598214285714255e-03,-5.440848214285714038e-03,-5.022321428571428943e-03
3.766741071428571230e-02,4.031808035714285615e-02,3.696986607142856845e-02,3.557477678571428770e-02,3.571428571428571230e-02,4.073660714285714385e-02,3.683035714285714385e-02,3.585379464285714385e-02,3.989955357142856845e-02,4.003906250000000000e-02,3.501674107142856845e-02,3.585379464285714385e-02,3.906250000000000000e-02,3.710937500000000000e-02,3.599330357142856845e-02,3.962053571428571230e-02,3.404017857142856845e-02,3.683035714285714385e-02,3.738839285714285615e-02,4.017857142857143155e-02,3.557477678571428770e-02,3.696986607142856845e-02,4.073660714285714385e-02,3.962053571428571230e-02,4.059709821428571230e-02,3.738839285714285615e-02,3.710937500000000000e-02,3.976004464285714385e-02,3.738839285714285615e-02,4.171316964285714385e-02,4.101562500000000000e-02,3.529575892857143155e-02,4.059709821428571230e-02,4.115513392857143155e-02,3.836495535714285615e-02,4.059709821428571230e-02,3.836495535714285615e-02,3.627232142857143155e-02,4.017857142857143155e-02,4.003906250000000000e-02,3.515625000000000000e-02,3.641183035714285615e-02
8.356584821428571230e-02,8.510044642857142461e-02,8.244977678571428770e-02,8.021763392857142461e-02,8.105468750000000000e-02,8.677455357142857539e-02,8.105468750000000000e-02,8.398437500000000000e-02,8.565848214285713691e-02,8.537946428571428770e-02,8.189174107142857539e-02,7.952008928571428770e-02,8.384486607142857539e-02,8.161272321428571230e-02,8.231026785714286309e-02,8.621651785714286309e-02,7.854352678571428770e-02,8.189174107142857539e-02,8.231026785714286309e-02,8.426339285714286309e-02,8.189174107142857539e-02,8.300781250000000000e-02,8.593750000000000000e-02,8.454241071428571230e-02,8.412388392857142461e-02,8.314732142857142461e-02,8.342633928571428770e-02,8.649553571428571230e-02,8.258928571428571230e-02,8.579799107142857539e-02,8.789062500000000000e-02,8.035714285714286309e-02,8.356584821428571230e-02,8.510044642857142461e-02,8.426339285714286309e-02,8.593750000000000000e-02,8.300781250000000000e-02,8.217075892857142461e-02,8.537946428571428770e-02,8.454241071428571230e-02,8.021763392857142461e-02,8.077566964285713691e-02
2.832031250000000000e-02,3.097098214285714385e-02,2.762276785714285615e-02,2.497209821428571577e-02,2.566964285714285615e-02,2.971540178571428423e-02,2.706473214285714385e-02,2.441406250000000000e-02,2.832031250000000000e-02,2.901785714285714385e-02,2.441406250000000000e-02,2.580915178571428423e-02,2.985491071428571577e-02,2.594866071428571577e-02,2.553013392857142808e-02,2.832031250000000000e-02,2.385602678571428423e-02,2.608816964285714385e-02,2.762276785714285615e-02,2.985491071428571577e-02,2.483258928571428423e-02,2.664620535714285615e-02,3.013392857142857192e-02,2.957589285714285615e-02,3.097098214285714385e-02,2.804129464285714385e-02,2.664620535714285615e-02,2.804129464285714385e-02,2.636718750000000000e-02,3.083147321428571577e-02,2.943638392857142808e-02,2.525111607142857192e-02,3.097098214285714385e-02,3.055245535714285615e-02,2.790178571428571577e-02,3.013392857142857192e-02,2.845982142857142808e-02,2.455357142857142808e-02,2.999441964285714385e-02,2.901785714285714385e-02,2.511160714285714385e-02,2.594866071428571577e-02
-8.258928571428571230e-02,-7.784598214285713691e-02,-8.328683035714286309e-02,-8.328683035714286309e-02,-8.440290178571428770e-02,-8.035714285714286309e-02,-8.217075892857142461e-02,-8.635602678571428770e-02,-8.021763392857142461e-02,-8.119419642857142461e-02,-8.621651785714286309e-02,-8.244977678571428770e-02,-7.993861607142857539e-02,-8.258928571428571230e-02,-8.440290178571428770e-02,-7.924107142857142461e-02,-8.537946428571428770e-02,-8.412388392857142461e-02,-8.328683035714286309e-02,-8.077566964285713691e-02,-8.537946428571428770e-02,-8.510044642857142461e-02,-8.007812500000000000e-02,-7.938058035714286309e-02,-7.896205357142857539e-02,-8.105468750000000000e-02,-8.342633928571428770e-02,-8.203125000000000000e-02,-8.454241071428571230e-02,-7.826450892857142461e-02,-8.272879464285713691e-02,-8.523995535714286309e-02,-7.700892857142857539e-02,-7.952008928571428770e-02,-8.370535714285713691e-02,-7.979910714285713691e-02,-8.035714285714286309e-02,-8.537946428571428770e-02,-7.896205357142857539e-02,-8.119419642857142461e-02,-8.370535714285713691e-02,-8.398437500000000000e-02
-9.765625000000000000e-03,-4.464285714285714038e-03,-8.370535714285714038e-03,-1.046316964285714211e-02,-9.486607142857142114e-03,-5.301339285714285962e-03,-8.510044642857142114e-03,-9.626116071428571924e-03,-5.998883928571428943e-03,-6.277901785714285962e-03,-1.046316964285714211e-02,-9.626116071428571924e-03,-6.138392857142857019e-03,-9.347098214285714038e-03,-8.649553571428571924e-03,-4.743303571428571057e-03,-1.227678571428571404e-02,-9.486607142857142114e-03,-9.068080357142857886e-03,-6.696428571428571057e-03,-1.046316964285714211e-02,-1.018415178571428596e-02,-5.301339285714285962e-03,-6.835937500000000000e-03,-6.277901785714285962e-03,-7.952008928571428076e-03,-8.091517857142857886e-03,-6.277901785714285962e-03,-8.091517857142857886e-03,-4.185267857142857019e-03,-5.440848214285714038e-03,-1.171875000000000000e-02,-5.161830357142857019e-03,-4.743303571428571057e-03,-8.510044642857142114e-03,-5.580357142857142981e-03,-7.812500000000000000e-03,-9.905133928571428076e-03,-5.022321428571428943e-03,-6.556919642857142981e-03,-1.004464285714285789e-02,-9.486607142857142114e-03
4.199218750000000000e-02,4.534040178571428770e-02,4.143415178571428770e-02,4.045758928571428770e-02,4.073660714285714385e-02,4.659598214285714385e-02,4.129464285714285615e-02,4.129464285714285615e-02,4.436383928571428770e-02,4.464285714285714385e-02,4.199218750000000000e-02,3.920200892857143155e-02,4.394531250000000000e-02,4.115513392857143155e-02,4.255022321428571230e-02,4.631696428571428770e-02,3.822544642857143155e-02,4.143415178571428770e-02,4.143415178571428770e-02,4.338727678571428770e-02,4.059709821428571230e-02,4.115513392857143155e-02,4.547991071428571230e-02,4.352678571428571230e-02,4.394531250000000000e-02,4.241071428571428770e-02,4.241071428571428770e-02,4.617745535714285615e-02,4.268973214285714385e-02,4.561941964285714385e-02,4.645647321428571230e-02,3.836495535714285615e-02,4.394531250000000000e-02,4.464285714285714385e-02,4.296875000000000000e-02,4.603794642857143155e-02,4.199218750000000000e-02,4.087611607142856845e-02,4.464285714285714385e-02,4.296875000000000000e-02,3.976004464285714385e-02,4.045758928571428770e-02
-3.487723214285714472e-03,-1.395089285714285637e-04,-4.185267857142857019e-03,-6.138392857142857019e-03,-5.859375000000000000e-03,-1.395089285714285745e-03,-3.906250000000000000e-03,-6.277901785714285962e-03,-2.650669642857142981e-03,-2.371651785714285528e-03,-6.835937500000000000e-03,-5.998883928571428943e-03,-1.674107142857142764e-03,-5.022321428571428943e-03,-5.580357142857142981e-03,-1.953125000000000000e-03,-7.393973214285714038e-03,-5.022321428571428943e-03,-4.324776785714285962e-03,-2.232142857142857019e-03,-6.277901785714285962e-03,-5.301339285714285962e-03,-1.116071428571428509e-03,-1.953125000000000000e-03,-1.534598214285714255e-03,-2.511160714285714472e-03,-4.464285714285714038e-03,-2.650669642857142981e-03,-5.440848214285714038e-03,4.185267857142856911e-04,-2.650669642857142981e-03,-6.696428571428571057e-03,-4.185267857142856911e-04,-4.185267857142856911e-04,-3.627232142857142981e-03,-1.813616071428571491e-03,-2.790178571428571491e-03,-6.277901785714285962e-03,-1.953125000000000000e-03,-2.790178571428571491e-03,-5.022321428571428943e-03,-5.580357142857142981e-03
-1.184430803571428631e-01,-1.125837053571428631e-01,-1.177455357142857123e-01,-1.180245535714285754e-01,-1.185825892857142877e-01,-1.148158482142857123e-01,-1.164899553571428631e-01,-1.217912946428571369e-01,-1.152343750000000000e-01,-1.163504464285714246e-01,-1.202566964285714246e-01,-1.163504464285714246e-01,-1.145368303571428631e-01,-1.181640625000000000e-01,-1.191406250000000000e-01,-1.131417410714285754e-01,-1.209542410714285754e-01,-1.188616071428571369e-01,-1.187220982142857123e-01,-1.162109375000000000e-01,-1.210937500000000000e-01,-1.210937500000000000e-01,-1.150948660714285754e-01,-1.160714285714285754e-01,-1.145368303571428631e-01,-1.160714285714285754e-01,-1.185825892857142877e-01,-1.157924107142857123e-01,-1.188616071428571369e-01,-1.127232142857142877e-01,-1.176060267857142877e-01,-1.205357142857142877e-01,-1.121651785714285754e-01,-1.136997767857142877e-01,-1.190011160714285754e-01,-1.157924107142857123e-01,-1.160714285714285754e-01,-1.199776785714285754e-01,-1.148158482142857123e-01,-1.157924107142857123e-01,-1.185825892857142877e-01,-1.180245535714285754e-01
-4.464285714285714038e-03,6.975446428571428726e-04,-3.766741071428571491e-03,-4.464285714285714038e-03,-4.045758928571428943e-03,-2.790178571428571274e-04,-3.069196428571428509e-03,-5.719866071428571057e-03,-1.534598214285714255e-03,-1.813616071428571491e-03,-5.440848214285714038e-03,-4.743303571428571057e-03,-1.116071428571428509e-03,-4.185267857142857019e-03,-4.324776785714285962e-03,1.116071428571428509e-03,-7.533482142857142981e-03,-3.906250000000000000e-03,-4.185267857142857019e-03,-1.953125000000000000e-03,-5.301339285714285962e-03,-5.161830357142857019e-03,-1.395089285714285637e-04,-1.953125000000000000e-03,-1.255580357142857236e-03,-2.790178571428571491e-03,-3.208705357142857019e-03,-9.765625000000000000e-04,-3.627232142857142981e-03,6.975446428571428726e-04,-9.765625000000000000e-04,-6.835937500000000000e-03,-1.395089285714285637e-04,1.395089285714285637e-04,-4.464285714285714038e-03,-5.580357142857142547e-04,-3.487723214285714472e-03,-5.161830357142857019e-03,-5.580357142857142547e-04,-1.674107142857142764e-03,-4.882812500000000000e-03,-4.464285714285714038e-03
5.705915178571428770e-02,6.152343750000000000e-02,5.845424107142856845e-02,5.664062500000000000e-02,5.678013392857143155e-02,6.250000000000000000e-02,5.733816964285714385e-02,5.733816964285714385e-02,6.040736607142856845e-02,5.957031250000000000e-02,5.775669642857143155e-02,5.678013392857143155e-02,5.998883928571428770e-02,5.705915178571428770e-02,5.873325892857143155e-02,6.277901785714286309e-02,5.468750000000000000e-02,5.873325892857143155e-02,5.845424107142856845e-02,5.970982142857143155e-02,5.761718750000000000e-02,5.789620535714285615e-02,6.208147321428571230e-02,5.915178571428571230e-02,6.040736607142856845e-02,5.901227678571428770e-02,5.831473214285714385e-02,6.291852678571428770e-02,5.887276785714285615e-02,6.263950892857142461e-02,6.333705357142857539e-02,5.510602678571428770e-02,5.984933035714285615e-02,6.180245535714285615e-02,5.873325892857143155e-02,6.277901785714286309e-02,5.775669642857143155e-02,5.705915178571428770e-02,6.040736607142856845e-02,6.040736607142856845e-02,5.691964285714285615e-02,5.747767857142856845e-02
1.855468750000000000e-02,2.176339285714285615e-02,1.785714285714285615e-02,1.618303571428571577e-02,1.562500000000000000e-02,2.008928571428571577e-02,1.743861607142857192e-02,1.436941964285714211e-02,1.799665178571428423e-02,1.799665178571428423e-02,1.478794642857142808e-02,1.520647321428571404e-02,1.939174107142857192e-02,1.576450892857142808e-02,1.632254464285714385e-02,1.925223214285714385e-02,1.367187500000000000e-02,1.715959821428571577e-02,1.799665178571428423e-02,1.953125000000000000e-02,1.534598214285714211e-02,1.688058035714285615e-02,2.120535714285714385e-02,1.925223214285714385e-02,1.994977678571428423e-02,1.925223214285714385e-02,1.743861607142857192e-02,1.869419642857142808e-02,1.632254464285714385e-02,2.190290178571428423e-02,1.953125000000000000e-02,1.450892857142857192e-02,2.134486607142857192e-02,2.036830357142857192e-02,1.688058035714285615e-02,1.939174107142857192e-02,1.841517857142857192e-02,1.492745535714285789e-02,1.967075892857142808e-02,1.855468750000000000e-02,1.632254464285714385e-02,1.548549107142857192e-02
-5.552455357142856845e-02,-4.757254464285714385e-02,-5.217633928571428770e-02,-5.203683035714285615e-02,-5.315290178571428770e-02,-4.952566964285714385e-02,-5.175781250000000000e-02,-5.608258928571428770e-02,-4.994419642857143155e-02,-5.329241071428571230e-02,-5.817522321428571230e-02,-5.147879464285714385e-02,-5.106026785714285615e-02,-5.371093750000000000e-02,-5.552455357142856845e-02,-4.840959821428571230e-02,-5.845424107142856845e-02,-5.008370535714285615e-02,-5.175781250000000000e-02,-4.980468750000000000e-02,-5.468750000000000000e-02,-5.468750000000000000e-02,-4.924665178571428770e-02,-4.994419642857143155e-02,-4.868861607142856845e-02,-5.008370535714285615e-02,-5.203683035714285615e-02,-4.952566964285714385e-02,-5.231584821428571230e-02,-4.729352678571428770e-02,-5.245535714285714385e-02,-5.664062500000000000e-02,-4.743303571428571230e-02,-4.743303571428571230e-02,-5.691964285714285615e-02,-5.064174107142856845e-02,-5.147879464285714385e-02,-5.636160714285714385e-02,-4.952566964285714385e-02,-4.910714285714285615e-02,-5.426897321428571230e-02,-5.301339285714285615e-02
5.231584821428571230e-02,5.859375000000000000e-02,5.412946428571428770e-02,5.468750000000000000e-02,5.398995535714285615e-02,5.789620535714285615e-02,5.440848214285714385e-02,5.343191964285714385e-02,5.747767857142856845e-02,5.454799107142856845e-02,4.980468750000000000e-02,5.287388392857143155e-02,5.552455357142856845e-02,5.259486607142856845e-02,5.259486607142856845e-02,5.929129464285714385e-02,4.785156250000000000e-02,5.775669642857143155e-02,5.566406250000000000e-02,5.705915178571428770e-02,5.357142857142856845e-02,5.343191964285714385e-02,5.817522321428571230e-02,5.705915178571428770e-02,5.719866071428571230e-02,5.566406250000000000e-02,5.622209821428571230e-02,5.915178571428571230e-02,5.552455357142856845e-02,5.998883928571428770e-02,5.733816964285714385e-02,5.036272321428571230e-02,5.775669642857143155e-02,5.915178571428571230e-02,5.203683035714285615e-02,5.817522321428571230e-02,5.440848214285714385e-02,5.175781250000000000e-02,5.761718750000000000e-02,5.650111607142856845e-02,5.203683035714285615e-02,5.343191964285714385e-02
1.079799107142857123e-01,1.136997767857142877e-01,1.109095982142857123e-01,1.096540178571428631e-01,1.100725446428571369e-01,1.142578125000000000e-01,1.099330357142857123e-01,1.110491071428571369e-01,1.128627232142857123e-01,1.107700892857142877e-01,1.068638392857142877e-01,1.077008928571428631e-01,1.109095982142857123e-01,1.088169642857142877e-01,1.090959821428571369e-01,1.159319196428571369e-01,1.040736607142857123e-01,1.141183035714285754e-01,1.120256696428571369e-01,1.132812500000000000e-01,1.104910714285714246e-01,1.095145089285714246e-01,1.145368303571428631e-01,1.123046875000000000e-01,1.120256696428571369e-01,1.110491071428571369e-01,1.124441964285714246e-01,1.153738839285714246e-01,1.127232142857142877e-01,1.156529017857142877e-01,1.157924107142857123e-01,1.071428571428571369e-01,1.132812500000000000e-01,1.153738839285714246e-01,1.092354910714285754e-01,1.146763392857142877e-01,1.088169642857142877e-01,1.081194196428571369e-01,1.130022321428571369e-01,1.131417410714285754e-01,1.078404017857142877e-01,1.097935267857142877e-01
5.831473214285714385e-02,6.319754464285713691e-02,5.845424107142856845e-02,5.817522321428571230e-02,5.747767857142856845e-02,6.138392857142856845e-02,5.859375000000000000e-02,5.566406250000000000e-02,5.915178571428571230e-02,5.845424107142856845e-02,5.524553571428571230e-02,5.650111607142856845e-02,6.068638392857143155e-02,5.636160714285714385e-02,5.650111607142856845e-02,6.138392857142856845e-02,5.343191964285714385e-02,6.068638392857143155e-02,5.998883928571428770e-02,6.208147321428571230e-02,5.789620535714285615e-02,5.789620535714285615e-02,6.277901785714286309e-02,6.138392857142856845e-02,6.194196428571428770e-02,6.124441964285714385e-02,5.943080357142856845e-02,6.124441964285714385e-02,5.901227678571428770e-02,6.347656250000000000e-02,6.110491071428571230e-02,5.566406250000000000e-02,6.250000000000000000e-02,6.291852678571428770e-02,5.789620535714285615e-02,6.180245535714285615e-02,5.957031250000000000e-02,5.622209821428571230e-02,6.110491071428571230e-02,6.054687500000000000e-02,5.678013392857143155e-02,5.678013392857143155e-02
-2.190290178571428423e-02,-1.646205357142857192e-02,-1.939174107142857192e-02,-1.994977678571428423e-02,-2.078683035714285615e-02,-1.813616071428571577e-02,-1.897321428571428423e-02,-2.329799107142857192e-02,-1.729910714285714385e-02,-2.008928571428571577e-02,-2.511160714285714385e-02,-1.855468750000000000e-02,-1.771763392857142808e-02,-2.106584821428571577e-02,-2.273995535714285615e-02,-1.715959821428571577e-02,-2.497209821428571577e-02,-1.757812500000000000e-02,-1.771763392857142808e-02,-1.688058035714285615e-02,-2.120535714285714385e-02,-2.120535714285714385e-02,-1.743861607142857192e-02,-1.743861607142857192e-02,-1.618303571428571577e-02,-1.799665178571428423e-02,-1.841517857142857192e-02,-1.785714285714285615e-02,-1.967075892857142808e-02,-1.548549107142857192e-02,-1.953125000000000000e-02,-2.371651785714285615e-02,-1.436941964285714211e-02,-1.590401785714285615e-02,-2.329799107142857192e-02,-1.813616071428571577e-02,-1.799665178571428423e-02,-2.315848214285714385e-02,-1.702008928571428423e-02,-1.576450892857142808e-02,-2.162388392857142808e-02,-2.092633928571428423e-02
8.091517857142857539e-02,8.426339285714286309e-02,8.203125000000000000e-02,8.119419642857142461e-02,8.077566964285713691e-02,8.426339285714286309e-02,8.077566964285713691e-02,8.021763392857142461e-02,8.426339285714286309e-02,8.203125000000000000e-02,7.700892857142857539e-02,7.979910714285713691e-02,8.342633928571428770e-02,8.035714285714286309e-02,7.910156250000000000e-02,8.440290178571428770e-02,7.617187500000000000e-02,8.454241071428571230e-02,8.370535714285713691e-02,8.496093750000000000e-02,8.161272321428571230e-02,8.147321428571428770e-02,8.468191964285713691e-02,8.370535714285713691e-02,8.426339285714286309e-02,8.258928571428571230e-02,8.300781250000000000e-02,8.482142857142857539e-02,8.189174107142857539e-02,8.649553571428571230e-02,8.468191964285713691e-02,7.756696428571428770e-02,8.607700892857142461e-02,8.537946428571428770e-02,8.021763392857142461e-02,8.510044642857142461e-02,8.161272321428571230e-02,7.952008928571428770e-02,8.370535714285713691e-02,8.342633928571428770e-02,7.868303571428571230e-02,8.021763392857142461e-02
1.326729910714285754e-01,1.354631696428571508e-01,1.339285714285714246e-01,1.332310267857142738e-01,1.329520089285714246e-01,1.368582589285714246e-01,1.322544642857142738e-01,1.347656250000000000e-01,1.369977678571428492e-01,1.347656250000000000e-01,1.304408482142857262e-01,1.311383928571428492e-01,1.342075892857142738e-01,1.326729910714285754e-01,1.316964285714285754e-01,1.375558035714285754e-01,1.275111607142857262e-01,1.368582589285714246e-01,1.358816964285714246e-01,1.365792410714285754e-01,1.349051339285714246e-01,1.339285714285714246e-01,1.374162946428571508e-01,1.356026785714285754e-01,1.354631696428571508e-01,1.337890625000000000e-01,1.357421875000000000e-01,1.376953125000000000e-01,1.357421875000000000e-01,1.382533482142857262e-01,1.395089285714285754e-01,1.303013392857142738e-01,1.364397321428571508e-01,1.376953125000000000e-01,1.335100446428571508e-01,1.378348214285714246e-01,1.322544642857142738e-01,1.325334821428571508e-01,1.354631696428571508e-01,1.354631696428571508e-01,1.304408482142857262e-01,1.330915178571428492e-01
7.672991071428571230e-02,8.049665178571428770e-02,7.672991071428571230e-02,7.672991071428571230e-02,7.477678571428571230e-02,7.910156250000000000e-02,7.631138392857142461e-02,7.393973214285713691e-02,7.924107142857142461e-02,7.742745535714286309e-02,7.254464285714286309e-02,7.491629464285713691e-02,7.910156250000000000e-02,7.547433035714286309e-02,7.463727678571428770e-02,7.840401785714286309e-02,7.198660714285713691e-02,7.924107142857142461e-02,7.840401785714286309e-02,7.993861607142857539e-02,7.631138392857142461e-02,7.728794642857142461e-02,8.021763392857142461e-02,7.910156250000000000e-02,8.077566964285713691e-02,7.910156250000000000e-02,7.812500000000000000e-02,7.938058035714286309e-02,7.672991071428571230e-02,8.119419642857142461e-02,7.882254464285713691e-02,7.393973214285713691e-02,8.119419642857142461e-02,7.979910714285713691e-02,7.603236607142857539e-02,7.924107142857142461e-02,7.826450892857142461e-02,7.435825892857142461e-02,7.910156250000000000e-02,7.854352678571428770e-02,7.435825892857142461e-02,7.533482142857142461e-02
-9.905133928571428076e-03,-5.998883928571428943e-03,-8.649553571428571924e-03,-9.068080357142857886e-03,-1.004464285714285789e-02,-7.672991071428571057e-03,-8.370535714285714038e-03,-1.130022321428571404e-02,-6.417410714285714038e-03,-7.812500000000000000e-03,-1.353236607142857192e-02,-8.510044642857142114e-03,-6.138392857142857019e-03,-9.486607142857142114e-03,-1.171875000000000000e-02,-7.533482142857142981e-03,-1.325334821428571404e-02,-7.114955357142857019e-03,-6.556919642857142981e-03,-6.556919642857142981e-03,-9.486607142857142114e-03,-8.649553571428571924e-03,-6.696428571428571057e-03,-6.417410714285714038e-03,-4.882812500000000000e-03,-7.812500000000000000e-03,-7.812500000000000000e-03,-6.975446428571428943e-03,-9.905133928571428076e-03,-4.464285714285714038e-03,-7.393973214285714038e-03,-1.297433035714285789e-02,-2.511160714285714472e-03,-5.161830357142857019e-03,-1.283482142857142808e-02,-7.393973214285714038e-03,-7.533482142857142981e-03,-1.199776785714285789e-02,-6.556919642857142981e-03,-5.301339285714285962e-03,-1.143973214285714211e-02,-9.486607142857142114e-03
8.886718750000000000e-02,9.249441964285713691e-02,8.998325892857142461e-02,8.970424107142857539e-02,8.872767857142857539e-02,9.291294642857142461e-02,8.900669642857142461e-02,8.900669642857142461e-02,9.263392857142857539e-02,9.109933035714286309e-02,8.663504464285713691e-02,8.872767857142857539e-02,9.179687500000000000e-02,8.886718750000000000e-02,8.761160714285713691e-02,9.165736607142857539e-02,8.482142857142857539e-02,9.221540178571428770e-02,9.277343750000000000e-02,9.291294642857142461e-02,9.026227678571428770e-02,9.054129464285713691e-02,9.291294642857142461e-02,9.179687500000000000e-02,9.347098214285713691e-02,9.012276785714286309e-02,9.179687500000000000e-02,9.221540178571428770e-02,9.137834821428571230e-02,9.500558035714286309e-02,9.305245535714286309e-02,8.733258928571428770e-02,9.430803571428571230e-02,9.361049107142857539e-02,8.900669642857142461e-02,9.291294642857142461e-02,8.984375000000000000e-02,8.816964285714286309e-02,9.207589285714286309e-02,9.193638392857142461e-02,8.747209821428571230e-02,8.942522321428571230e-02
1.396484375000000000e-01,1.416015625000000000e-01,1.396484375000000000e-01,1.390904017857142738e-01,1.378348214285714246e-01,1.431361607142857262e-01,1.381138392857142738e-01,1.402064732142857262e-01,1.417410714285714246e-01,1.406250000000000000e-01,1.363002232142857262e-01,1.376953125000000000e-01,1.414620535714285754e-01,1.382533482142857262e-01,1.378348214285714246e-01,1.417410714285714246e-01,1.346261160714285754e-01,1.424386160714285754e-01,1.417410714285714246e-01,1.422991071428571508e-01,1.417410714285714246e-01,1.410435267857142738e-01,1.436941964285714246e-01,1.416015625000000000e-01,1.421595982142857262e-01,1.395089285714285754e-01,1.421595982142857262e-01,1.435546875000000000e-01,1.417410714285714246e-01,1.442522321428571508e-01,1.445312500000000000e-01,1.368582589285714246e-01,1.431361607142857262e-01,1.432756696428571508e-01,1.400669642857142738e-01,1.442522321428571508e-01,1.389508928571428492e-01,1.390904017857142738e-01,1.416015625000000000e-01,1.410435267857142738e-01,1.374162946428571508e-01,1.396484375000000000e-01
8.105468750000000000e-02,8.356584821428571230e-02,8.133370535714286309e-02,8.007812500000000000e-02,7.910156250000000000e-02,8.286830357142857539e-02,8.119419642857142461e-02,7.840401785714286309e-02,8.244977678571428770e-02,8.161272321428571230e-02,7.812500000000000000e-02,7.910156250000000000e-02,8.300781250000000000e-02,7.938058035714286309e-02,7.840401785714286309e-02,8.161272321428571230e-02,7.728794642857142461e-02,8.189174107142857539e-02,8.258928571428571230e-02,8.440290178571428770e-02,8.049665178571428770e-02,8.203125000000000000e-02,8.426339285714286309e-02,8.328683035714286309e-02,8.482142857142857539e-02,8.217075892857142461e-02,8.203125000000000000e-02,8.314732142857142461e-02,8.091517857142857539e-02,8.537946428571428770e-02,8.384486607142857539e-02,7.868303571428571230e-02,8.551897321428571230e-02,8.356584821428571230e-02,7.938058035714286309e-02,8.272879464285713691e-02,8.161272321428571230e-02,7.896205357142857539e-02,8.370535714285713691e-02,8.272879464285713691e-02,7.896205357142857539e-02,7.952008928571428770e-02
-1.813616071428571577e-02,-1.506696428571428596e-02,-1.702008928571428423e-02,-1.813616071428571577e-02,-1.869419642857142808e-02,-1.646205357142857192e-02,-1.632254464285714385e-02,-2.078683035714285615e-02,-1.618303571428571577e-02,-1.618303571428571577e-02,-2.176339285714285615e-02,-1.771763392857142808e-02,-1.464843750000000000e-02,-1.869419642857142808e-02,-1.911272321428571577e-02,-1.729910714285714385e-02,-2.162388392857142808e-02,-1.702008928571428423e-02,-1.492745535714285789e-02,-1.506696428571428596e-02,-1.827566964285714385e-02,-1.674107142857142808e-02,-1.562500000000000000e-02,-1.534598214285714211e-02,-1.422991071428571404e-02,-1.576450892857142808e-02,-1.674107142857142808e-02,-1.702008928571428423e-02,-1.953125000000000000e-02,-1.381138392857142808e-02,-1.576450892857142808e-02,-2.176339285714285615e-02,-1.102120535714285789e-02,-1.464843750000000000e-02,-2.106584821428571577e-02,-1.632254464285714385e-02,-1.674107142857142808e-02,-2.050781250000000000e-02,-1.576450892857142808e-02,-1.436941964285714211e-02,-1.953125000000000000e-02,-1.813616071428571577e-02
7.756696428571428770e-02,7.993861607142857539e-02,7.854352678571428770e-02,7.770647321428571230e-02,7.603236607142857539e-02,7.952008928571428770e-02,7.756696428571428770e-02,7.714843750000000000e-02,8.021763392857142461e-02,8.035714285714286309e-02,7.449776785714286309e-02,7.659040178571428770e-02,8.049665178571428770e-02,7.659040178571428770e-02,7.686941964285713691e-02,7.896205357142857539e-02,7.324218750000000000e-02,7.965959821428571230e-02,8.049665178571428770e-02,8.063616071428571230e-02,7.868303571428571230e-02,7.993861607142857539e-02,8.105468750000000000e-02,7.938058035714286309e-02,8.119419642857142461e-02,7.770647321428571230e-02,8.049665178571428770e-02,8.007812500000000000e-02,7.812500000000000000e-02,8.175223214285713691e-02,8.147321428571428770e-02,7.505580357142857539e-02,8.244977678571428770e-02,8.077566964285713691e-02,7.631138392857142461e-02,8.035714285714286309e-02,7.756696428571428770e-02,7.631138392857142461e-02,8.007812500000000000e-02,8.007812500000000000e-02,7.561383928571428770e-02,7.812500000000000000e-02
1.290457589285714246e-01,1.298828125000000000e-01,1.287667410714285754e-01,1.282087053571428492e-01,1.266741071428571508e-01,1.314174107142857262e-01,1.268136160714285754e-01,1.283482142857142738e-01,1.301618303571428492e-01,1.304408482142857262e-01,1.245814732142857123e-01,1.255580357142857262e-01,1.309988839285714246e-01,1.266741071428571508e-01,1.268136160714285754e-01,1.296037946428571508e-01,1.231863839285714246e-01,1.309988839285714246e-01,1.303013392857142738e-01,1.307198660714285754e-01,1.305803571428571508e-01,1.304408482142857262e-01,1.328125000000000000e-01,1.296037946428571508e-01,1.304408482142857262e-01,1.287667410714285754e-01,1.322544642857142738e-01,1.312779017857142738e-01,1.301618303571428492e-01,1.329520089285714246e-01,1.336495535714285754e-01,1.266741071428571508e-01,1.314174107142857262e-01,1.311383928571428492e-01,1.287667410714285754e-01,1.325334821428571508e-01,1.273716517857142738e-01,1.273716517857142738e-01,1.301618303571428492e-01,1.294642857142857262e-01,1.259765625000000000e-01,1.283482142857142738e-01
7.142857142857142461e-02,7.310267857142857539e-02,7.212611607142857539e-02,7.017299107142857539e-02,6.933593750000000000e-02,7.240513392857142461e-02,7.142857142857142461e-02,6.849888392857142461e-02,7.212611607142857539e-02,7.226562500000000000e-02,6.780133928571428770e-02,6.961495535714286309e-02,7.296316964285713691e-02,6.947544642857142461e-02,6.975446428571428770e-02,7.114955357142857539e-02,6.724330357142857539e-02,7.212611607142857539e-02,7.393973214285713691e-02,7.366071428571428770e-02,7.073102678571428770e-02,7.296316964285713691e-02,7.477678571428571230e-02,7.310267857142857539e-02,7.449776785714286309e-02,7.226562500000000000e-02,7.240513392857142461e-02,7.170758928571428770e-02,7.003348214285713691e-02,7.477678571428571230e-02,7.421875000000000000e-02,6.835937500000000000e-02,7.547433035714286309e-02,7.407924107142857539e-02,6.975446428571428770e-02,7.282366071428571230e-02,7.170758928571428770e-02,6.933593750000000000e-02,7.324218750000000000e-02,7.226562500000000000e-02,6.933593750000000000e-02,7.017299107142857539e-02
-3.976004464285714385e-02,-3.780691964285714385e-02,-3.962053571428571230e-02,-4.045758928571428770e-02,-4.045758928571428770e-02,-4.017857142857143155e-02,-3.920200892857143155e-02,-4.380580357142856845e-02,-3.822544642857143155e-02,-4.045758928571428770e-02,-4.324776785714285615e-02,-3.906250000000000000e-02,-3.836495535714285615e-02,-4.241071428571428770e-02,-3.948102678571428770e-02,-3.976004464285714385e-02,-4.352678571428571230e-02,-3.836495535714285615e-02,-3.864397321428571230e-02,-4.017857142857143155e-02,-4.296875000000000000e-02,-3.989955357142856845e-02,-3.989955357142856845e-02,-4.003906250000000000e-02,-3.850446428571428770e-02,-4.031808035714285615e-02,-3.934151785714285615e-02,-4.017857142857143155e-02,-4.394531250000000000e-02,-3.780691964285714385e-02,-3.766741071428571230e-02,-4.380580357142856845e-02,-3.571428571428571230e-02,-3.710937500000000000e-02,-4.185267857142856845e-02,-3.989955357142856845e-02,-3.878348214285714385e-02,-4.310825892857143155e-02,-3.920200892857143155e-02,-4.073660714285714385e-02,-4.171316964285714385e-02,-4.045758928571428770e-02
5.817522321428571230e-02,5.831473214285714385e-02,5.747767857142856845e-02,5.705915178571428770e-02,5.580357142857143155e-02,5.678013392857143155e-02,5.650111607142856845e-02,5.524553571428571230e-02,5.859375000000000000e-02,5.747767857142856845e-02,5.398995535714285615e-02,5.636160714285714385e-02,5.789620535714285615e-02,5.468750000000000000e-02,5.803571428571428770e-02,5.747767857142856845e-02,5.315290178571428770e-02,6.040736607142856845e-02,5.789620535714285615e-02,5.761718750000000000e-02,5.678013392857143155e-02,5.859375000000000000e-02,5.845424107142856845e-02,5.719866071428571230e-02,5.803571428571428770e-02,5.650111607142856845e-02,5.957031250000000000e-02,5.803571428571428770e-02,5.636160714285714385e-02,5.901227678571428770e-02,6.152343750000000000e-02,5.440848214285714385e-02,5.929129464285714385e-02,5.957031250000000000e-02,5.719866071428571230e-02,5.761718750000000000e-02,5.636160714285714385e-02,5.510602678571428770e-02,5.817522321428571230e-02,5.594308035714285615e-02,5.510602678571428770e-02,5.705915178571428770e-02
1.136997767857142877e-01,1.131417410714285754e-01,1.120256696428571369e-01,1.116071428571428631e-01,1.093750000000000000e-01,1.130022321428571369e-01,1.103515625000000000e-01,1.111886160714285754e-01,1.132812500000000000e-01,1.125837053571428631e-01,1.086774553571428631e-01,1.093750000000000000e-01,1.123046875000000000e-01,1.089564732142857123e-01,1.117466517857142877e-01,1.134207589285714246e-01,1.074218750000000000e-01,1.157924107142857123e-01,1.125837053571428631e-01,1.128627232142857123e-01,1.128627232142857123e-01,1.127232142857142877e-01,1.141183035714285754e-01,1.116071428571428631e-01,1.120256696428571369e-01,1.116071428571428631e-01,1.149553571428571369e-01,1.134207589285714246e-01,1.125837053571428631e-01,1.146763392857142877e-01,1.169084821428571369e-01,1.099330357142857123e-01,1.125837053571428631e-01,1.143973214285714246e-01,1.136997767857142877e-01,1.135602678571428631e-01,1.102120535714285754e-01,1.103515625000000000e-01,1.124441964285714246e-01,1.102120535714285754e-01,1.088169642857142877e-01,1.117466517857142877e-01
5.817522321428571230e-02,6.012834821428571230e-02,5.775669642857143155e-02,5.622209821428571230e-02,5.622209821428571230e-02,5.747767857142856845e-02,5.719866071428571230e-02,5.454799107142856845e-02,5.775669642857143155e-02,5.705915178571428770e-02,5.482700892857143155e-02,5.552455357142856845e-02,5.831473214285714385e-02,5.496651785714285615e-02,5.691964285714285615e-02,5.789620535714285615e-02,5.357142857142856845e-02,5.970982142857143155e-02,5.831473214285714385e-02,5.831473214285714385e-02,5.566406250000000000e-02,5.845424107142856845e-02,5.984933035714285615e-02,5.845424107142856845e-02,5.929129464285714385e-02,5.831473214285714385e-02,5.873325892857143155e-02,5.747767857142856845e-02,5.594308035714285615e-02,5.998883928571428770e-02,6.068638392857143155e-02,5.496651785714285615e-02,6.082589285714285615e-02,6.054687500000000000e-02,5.747767857142856845e-02,5.733816964285714385e-02,5.817522321428571230e-02,5.566406250000000000e-02,5.845424107142856845e-02,5.636160714285714385e-02,5.552455357142856845e-02,5.580357142857143155e-02
-1.036551339285714246e-01,-1.036551339285714246e-01,-1.061662946428571369e-01,-1.051897321428571369e-01,-1.061662946428571369e-01,-1.089564732142857123e-01,-1.064453125000000000e-01,-1.110491071428571369e-01,-1.049107142857142877e-01,-1.081194196428571369e-01,-1.081194196428571369e-01,-1.044921875000000000e-01,-1.071428571428571369e-01,-1.086774553571428631e-01,-1.011439732142857123e-01,-1.051897321428571369e-01,-1.070033482142857123e-01,-1.028180803571428631e-01,-1.068638392857142877e-01,-1.090959821428571369e-01,-1.123046875000000000e-01,-1.071428571428571369e-01,-1.081194196428571369e-01,-1.093750000000000000e-01,-1.075613839285714246e-01,-1.083984375000000000e-01,-1.047712053571428631e-01,-1.086774553571428631e-01,-1.117466517857142877e-01,-1.085379464285714246e-01,-1.040736607142857123e-01,-1.093750000000000000e-01,-1.042131696428571369e-01,-1.028180803571428631e-01,-1.065848214285714246e-01,-1.093750000000000000e-01,-1.068638392857142877e-01,-1.090959821428571369e-01,-1.063058035714285754e-01,-1.099330357142857123e-01,-1.064453125000000000e-01,-1.039341517857142877e-01
-6.668526785714286309e-02,-6.710379464285713691e-02,-6.933593750000000000e-02,-6.891741071428571230e-02,-6.975446428571428770e-02,-7.101004464285713691e-02,-6.961495535714286309e-02,-7.254464285714286309e-02,-6.821986607142857539e-02,-7.031250000000000000e-02,-7.170758928571428770e-02,-6.989397321428571230e-02,-7.059151785714286309e-02,-7.198660714285713691e-02,-6.417410714285713691e-02,-6.835937500000000000e-02,-7.073102678571428770e-02,-6.598772321428571230e-02,-7.045200892857142461e-02,-7.198660714285713691e-02,-7.407924107142857539e-02,-6.947544642857142461e-02,-7.045200892857142461e-02,-7.226562500000000000e-02,-7.087053571428571230e-02,-7.240513392857142461e-02,-6.710379464285713691e-02,-7.128906250000000000e-02,-7.296316964285713691e-02,-7.114955357142857539e-02,-6.654575892857142461e-02,-7.254464285714286309e-02,-6.877790178571428770e-02,-6.626674107142857539e-02,-6.863839285714286309e-02,-7.184709821428571230e-02,-7.101004464285713691e-02,-7.128906250000000000e-02,-6.961495535714286309e-02,-7.296316964285713691e-02,-6.989397321428571230e-02,-6.794084821428571230e-02
-6.835937500000000000e-03,-7.952008928571428076e-03,-1.004464285714285789e-02,-9.765625000000000000e-03,-1.157924107142857192e-02,-1.018415178571428596e-02,-1.157924107142857192e-02,-1.241629464285714211e-02,-7.952008928571428076e-03,-1.074218750000000000e-02,-1.157924107142857192e-02,-1.130022321428571404e-02,-1.185825892857142808e-02,-1.227678571428571404e-02,-5.998883928571428943e-03,-8.231026785714285962e-03,-1.157924107142857192e-02,-7.393973214285714038e-03,-1.046316964285714211e-02,-1.157924107142857192e-02,-1.157924107142857192e-02,-1.004464285714285789e-02,-1.046316964285714211e-02,-1.367187500000000000e-02,-1.157924107142857192e-02,-1.297433035714285789e-02,-7.114955357142857019e-03,-1.088169642857142808e-02,-1.157924107142857192e-02,-1.074218750000000000e-02,-5.301339285714285962e-03,-1.213727678571428596e-02,-8.928571428571428076e-03,-6.696428571428571057e-03,-8.091517857142857886e-03,-1.130022321428571404e-02,-1.283482142857142808e-02,-1.157924107142857192e-02,-1.018415178571428596e-02,-1.297433035714285789e-02,-1.130022321428571404e-02,-8.091517857142857886e-03
-4.338727678571428770e-02,-4.282924107142856845e-02,-4.631696428571428770e-02,-4.603794642857143155e-02,-4.645647321428571230e-02,-4.659598214285714385e-02,-4.687500000000000000e-02,-4.994419642857143155e-02,-4.603794642857143155e-02,-4.715401785714285615e-02,-4.785156250000000000e-02,-4.673549107142856845e-02,-4.547991071428571230e-02,-4.785156250000000000e-02,-4.352678571428571230e-02,-4.534040178571428770e-02,-4.757254464285714385e-02,-4.464285714285714385e-02,-4.631696428571428770e-02,-4.659598214285714385e-02,-5.008370535714285615e-02,-4.547991071428571230e-02,-4.561941964285714385e-02,-4.659598214285714385e-02,-4.534040178571428770e-02,-4.617745535714285615e-02,-4.547991071428571230e-02,-4.785156250000000000e-02,-4.910714285714285615e-02,-4.561941964285714385e-02,-4.366629464285714385e-02,-4.840959821428571230e-02,-4.422433035714285615e-02,-4.352678571428571230e-02,-4.506138392857143155e-02,-4.715401785714285615e-02,-4.589843750000000000e-02,-4.813058035714285615e-02,-4.534040178571428770e-02,-4.785156250000000000e-02,-4.603794642857143155e-02,-4.603794642857143155e-02
-1.689453125000000000e-01,-1.682477678571428492e-01,-1.715959821428571508e-01,-1.722935267857142738e-01,-1.720145089285714246e-01,-1.729910714285714246e-01,-1.728515625000000000e-01,-1.768973214285714246e-01,-1.703404017857142738e-01,-1.743861607142857262e-01,-1.727120535714285754e-01,-1.700613839285714246e-01,-1.720145089285714246e-01,-1.741071428571428492e-01,-1.662946428571428492e-01,-1.704799107142857262e-01,-1.725725446428571508e-01,-1.708984375000000000e-01,-1.742466517857142738e-01,-1.745256696428571508e-01,-1.784319196428571508e-01,-1.731305803571428492e-01,-1.738281250000000000e-01,-1.749441964285714246e-01,-1.727120535714285754e-01,-1.722935267857142738e-01,-1.720145089285714246e-01,-1.742466517857142738e-01,-1.784319196428571508e-01,-1.728515625000000000e-01,-1.700613839285714246e-01,-1.734095982142857262e-01,-1.697823660714285754e-01,-1.681082589285714246e-01,-1.706194196428571508e-01,-1.745256696428571508e-01,-1.713169642857142738e-01,-1.750837053571428492e-01,-1.693638392857142738e-01,-1.746651785714285754e-01,-1.718750000000000000e-01,-1.699218750000000000e-01
-8.328683035714286309e-02,-8.412388392857142461e-02,-8.761160714285713691e-02,-8.789062500000000000e-02,-8.733258928571428770e-02,-8.663504464285713691e-02,-8.872767857142857539e-02,-9.068080357142857539e-02,-8.523995535714286309e-02,-8.816964285714286309e-02,-8.789062500000000000e-02,-8.761160714285713691e-02,-8.747209821428571230e-02,-8.900669642857142461e-02,-8.217075892857142461e-02,-8.523995535714286309e-02,-8.844866071428571230e-02,-8.593750000000000000e-02,-8.914620535714286309e-02,-8.844866071428571230e-02,-9.151785714285713691e-02,-8.761160714285713691e-02,-8.789062500000000000e-02,-8.956473214285713691e-02,-8.816964285714286309e-02,-8.789062500000000000e-02,-8.649553571428571230e-02,-8.803013392857142461e-02,-9.179687500000000000e-02,-8.789062500000000000e-02,-8.384486607142857539e-02,-8.900669642857142461e-02,-8.551897321428571230e-02,-8.314732142857142461e-02,-8.454241071428571230e-02,-8.733258928571428770e-02,-8.719308035714286309e-02,-8.886718750000000000e-02,-8.579799107142857539e-02,-8.970424107142857539e-02,-8.761160714285713691e-02,-8.635602678571428770e-02
-2.050781250000000000e-02,-2.120535714285714385e-02,-2.566964285714285615e-02,-2.580915178571428423e-02,-2.622767857142857192e-02,-2.260044642857142808e-02,-2.650669642857142808e-02,-2.608816964285714385e-02,-2.273995535714285615e-02,-2.427455357142857192e-02,-2.511160714285714385e-02,-2.608816964285714385e-02,-2.483258928571428423e-02,-2.594866071428571577e-02,-2.106584821428571577e-02,-2.204241071428571577e-02,-2.608816964285714385e-02,-2.427455357142857192e-02,-2.539062500000000000e-02,-2.553013392857142808e-02,-2.650669642857142808e-02,-2.455357142857142808e-02,-2.260044642857142808e-02,-2.650669642857142808e-02,-2.539062500000000000e-02,-2.580915178571428423e-02,-2.204241071428571577e-02,-2.483258928571428423e-02,-2.580915178571428423e-02,-2.399553571428571577e-02,-1.953125000000000000e-02,-2.553013392857142808e-02,-2.315848214285714385e-02,-2.092633928571428423e-02,-2.050781250000000000e-02,-2.343750000000000000e-02,-2.608816964285714385e-02,-2.483258928571428423e-02,-2.287946428571428423e-02,-2.580915178571428423e-02,-2.525111607142857192e-02,-2.371651785714285615e-02
-5.329241071428571230e-02,-5.301339285714285615e-02,-5.691964285714285615e-02,-5.803571428571428770e-02,-5.733816964285714385e-02,-5.580357142857143155e-02,-5.761718750000000000e-02,-6.026785714285714385e-02,-5.608258928571428770e-02,-5.747767857142856845e-02,-5.775669642857143155e-02,-5.817522321428571230e-02,-5.538504464285714385e-02,-5.887276785714285615e-02,-5.412946428571428770e-02,-5.566406250000000000e-02,-5.789620535714285615e-02,-5.691964285714285615e-02,-5.803571428571428770e-02,-5.678013392857143155e-02,-6.082589285714285615e-02,-5.691964285714285615e-02,-5.594308035714285615e-02,-5.747767857142856845e-02,-5.496651785714285615e-02,-5.580357142857143155e-02,-5.664062500000000000e-02,-5.691964285714285615e-02,-6.040736607142856845e-02,-5.482700892857143155e-02,-5.398995535714285615e-02,-5.803571428571428770e-02,-5.454799107142856845e-02,-5.398995535714285615e-02,-5.454799107142856845e-02,-5.608258928571428770e-02,-5.552455357142856845e-02,-5.803571428571428770e-02,-5.468750000000000000e-02,-5.859375000000000000e-02,-5.719866071428571230e-02,-5.719866071428571230e-02
-1.827566964285714246e-01,-1.809430803571428492e-01,-1.851283482142857262e-01,-1.870814732142857262e-01,-1.847098214285714246e-01,-1.841517857142857262e-01,-1.856863839285714246e-01,-1.890345982142857262e-01,-1.834542410714285754e-01,-1.861049107142857262e-01,-1.845703125000000000e-01,-1.841517857142857262e-01,-1.841517857142857262e-01,-1.855468750000000000e-01,-1.809430803571428492e-01,-1.827566964285714246e-01,-1.852678571428571508e-01,-1.862444196428571508e-01,-1.872209821428571508e-01,-1.868024553571428492e-01,-1.912667410714285754e-01,-1.862444196428571508e-01,-1.852678571428571508e-01,-1.866629464285714246e-01,-1.852678571428571508e-01,-1.834542410714285754e-01,-1.863839285714285754e-01,-1.872209821428571508e-01,-1.897321428571428492e-01,-1.841517857142857262e-01,-1.835937500000000000e-01,-1.863839285714285754e-01,-1.828962053571428492e-01,-1.816406250000000000e-01,-1.831752232142857262e-01,-1.848493303571428492e-01,-1.827566964285714246e-01,-1.868024553571428492e-01,-1.819196428571428492e-01,-1.861049107142857262e-01,-1.844308035714285754e-01,-1.835937500000000000e-01
-9.375000000000000000e-02,-9.375000000000000000e-02,-9.807477678571428770e-02,-9.793526785714286309e-02,-9.849330357142857539e-02,-9.430803571428571230e-02,-9.835379464285713691e-02,-9.933035714285713691e-02,-9.528459821428571230e-02,-9.598214285714286309e-02,-9.695870535714286309e-02,-9.751674107142857539e-02,-9.598214285714286309e-02,-9.765625000000000000e-02,-9.319196428571428770e-02,-9.458705357142857539e-02,-9.793526785714286309e-02,-9.751674107142857539e-02,-9.877232142857142461e-02,-9.723772321428571230e-02,-1.003069196428571369e-01,-9.737723214285713691e-02,-9.654017857142857539e-02,-9.765625000000000000e-02,-9.751674107142857539e-02,-9.528459821428571230e-02,-9.709821428571428770e-02,-9.737723214285713691e-02,-9.988839285714286309e-02,-9.528459821428571230e-02,-9.361049107142857539e-02,-9.807477678571428770e-02,-9.514508928571428770e-02,-9.430803571428571230e-02,-9.319196428571428770e-02,-9.514508928571428770e-02,-9.556361607142857539e-02,-9.807477678571428770e-02,-9.430803571428571230e-02,-9.849330357142857539e-02,-9.765625000000000000e-02,-9.626116071428571230e-02
-3.111049107142857192e-02,-3.111049107142857192e-02,-3.459821428571428770e-02,-3.515625000000000000e-02,-3.627232142857143155e-02,-2.971540178571428423e-02,-3.599330357142856845e-02,-3.529575892857143155e-02,-3.236607142857143155e-02,-3.264508928571428770e-02,-3.376116071428571230e-02,-3.501674107142856845e-02,-3.362165178571428770e-02,-3.362165178571428770e-02,-3.138950892857143155e-02,-3.208705357142856845e-02,-3.529575892857143155e-02,-3.445870535714285615e-02,-3.571428571428571230e-02,-3.417968750000000000e-02,-3.571428571428571230e-02,-3.306361607142856845e-02,-3.222656250000000000e-02,-3.459821428571428770e-02,-3.459821428571428770e-02,-3.390066964285714385e-02,-3.306361607142856845e-02,-3.362165178571428770e-02,-3.390066964285714385e-02,-3.208705357142856845e-02,-2.915736607142857192e-02,-3.431919642857143155e-02,-3.250558035714285615e-02,-3.069196428571428423e-02,-2.832031250000000000e-02,-3.152901785714285615e-02,-3.376116071428571230e-02,-3.431919642857143155e-02,-3.180803571428571230e-02,-3.376116071428571230e-02,-3.501674107142856845e-02,-3.431919642857143155e-02
-6.096540178571428770e-02,-5.984933035714285615e-02,-6.375558035714286309e-02,-6.431361607142857539e-02,-6.417410714285713691e-02,-6.110491071428571230e-02,-6.375558035714286309e-02,-6.668526785714286309e-02,-6.263950892857142461e-02,-6.319754464285713691e-02,-6.333705357142857539e-02,-6.501116071428571230e-02,-6.208147321428571230e-02,-6.459263392857142461e-02,-6.152343750000000000e-02,-6.166294642857143155e-02,-6.431361607142857539e-02,-6.417410714285713691e-02,-6.473214285714286309e-02,-6.291852678571428770e-02,-6.668526785714286309e-02,-6.319754464285713691e-02,-6.124441964285714385e-02,-6.333705357142857539e-02,-6.138392857142856845e-02,-6.180245535714285615e-02,-6.389508928571428770e-02,-6.375558035714286309e-02,-6.640625000000000000e-02,-6.138392857142856845e-02,-6.068638392857143155e-02,-6.417410714285713691e-02,-6.082589285714285615e-02,-6.110491071428571230e-02,-6.138392857142856845e-02,-6.208147321428571230e-02,-6.208147321428571230e-02,-6.473214285714286309e-02,-6.054687500000000000e-02,-6.431361607142857539e-02,-6.473214285714286309e-02,-6.403459821428571230e-02
-2.126116071428571508e-01,-2.113560267857142738e-01,-2.123325892857142738e-01,-2.144252232142857262e-01,-2.131696428571428492e-01,-2.142857142857142738e-01,-2.130301339285714246e-01,-2.162388392857142738e-01,-2.121930803571428492e-01,-2.127511160714285754e-01,-2.145647321428571508e-01,-2.131696428571428492e-01,-2.103794642857142738e-01,-2.128906250000000000e-01,-2.107979910714285754e-01,-2.124720982142857262e-01,-2.141462053571428492e-01,-2.149832589285714246e-01,-2.144252232142857262e-01,-2.159598214285714246e-01,-2.179129464285714246e-01,-2.131696428571428492e-01,-2.147042410714285754e-01,-2.145647321428571508e-01,-2.117745535714285754e-01,-2.140066964285714246e-01,-2.138671875000000000e-01,-2.162388392857142738e-01,-2.173549107142857262e-01,-2.121930803571428492e-01,-2.116350446428571508e-01,-2.165178571428571508e-01,-2.099609375000000000e-01,-2.123325892857142738e-01,-2.147042410714285754e-01,-2.133091517857142738e-01,-2.116350446428571508e-01,-2.158203125000000000e-01,-2.105189732142857262e-01,-2.131696428571428492e-01,-2.130301339285714246e-01,-2.120535714285714246e-01
-8.300781250000000000e-02,-8.286830357142857539e-02,-8.384486607142857539e-02,-8.523995535714286309e-02,-8.621651785714286309e-02,-8.426339285714286309e-02,-8.510044642857142461e-02,-8.677455357142857539e-02,-8.314732142857142461e-02,-8.314732142857142461e-02,-8.565848214285713691e-02,-8.551897321428571230e-02,-8.231026785714286309e-02,-8.607700892857142461e-02,-8.454241071428571230e-02,-8.440290178571428770e-02,-8.635602678571428770e-02,-8.621651785714286309e-02,-8.496093750000000000e-02,-8.454241071428571230e-02,-8.621651785714286309e-02,-8.370535714285713691e-02,-8.412388392857142461e-02,-8.565848214285713691e-02,-8.314732142857142461e-02,-8.537946428571428770e-02,-8.398437500000000000e-02,-8.565848214285713691e-02,-8.593750000000000000e-02,-8.244977678571428770e-02,-8.063616071428571230e-02,-8.649553571428571230e-02,-8.133370535714286309e-02,-8.300781250000000000e-02,-8.300781250000000000e-02,-8.398437500000000000e-02,-8.468191964285713691e-02,-8.579799107142857539e-02,-8.272879464285713691e-02,-8.482142857142857539e-02,-8.593750000000000000e-02,-8.412388392857142461e-02
-6.277901785714285962e-03,-5.161830357142857019e-03,-7.114955357142857019e-03,-8.510044642857142114e-03,-1.046316964285714211e-02,-6.277901785714285962e-03,-9.207589285714285962e-03,-8.231026785714285962e-03,-6.417410714285714038e-03,-5.580357142857142981e-03,-9.207589285714285962e-03,-1.060267857142857192e-02,-6.975446428571428943e-03,-9.068080357142857886e-03,-7.533482142857142981e-03,-7.952008928571428076e-03,-9.905133928571428076e-03,-8.231026785714285962e-03,-7.533482142857142981e-03,-6.975446428571428943e-03,-8.510044642857142114e-03,-5.719866071428571057e-03,-5.022321428571428943e-03,-7.672991071428571057e-03,-7.114955357142857019e-03,-7.672991071428571057e-03,-6.417410714285714038e-03,-7.393973214285714038e-03,-6.417410714285714038e-03,-4.882812500000000000e-03,-2.650669642857142981e-03,-9.347098214285714038e-03,-4.882812500000000000e-03,-5.719866071428571057e-03,-4.185267857142857019e-03,-5.859375000000000000e-03,-7.812500000000000000e-03,-8.370535714285714038e-03,-6.277901785714285962e-03,-6.556919642857142981e-03,-9.207589285714285962e-03,-7.254464285714285962e-03
-3.097098214285714385e-02,-3.111049107142857192e-02,-3.208705357142856845e-02,-3.487723214285714385e-02,-3.459821428571428770e-02,-3.208705357142856845e-02,-3.292410714285714385e-02,-3.599330357142856845e-02,-3.278459821428571230e-02,-3.292410714285714385e-02,-3.431919642857143155e-02,-3.515625000000000000e-02,-3.111049107142857192e-02,-3.431919642857143155e-02,-3.390066964285714385e-02,-3.362165178571428770e-02,-3.515625000000000000e-02,-3.417968750000000000e-02,-3.264508928571428770e-02,-3.180803571428571230e-02,-3.445870535714285615e-02,-3.111049107142857192e-02,-3.097098214285714385e-02,-3.236607142857143155e-02,-3.013392857142857192e-02,-3.152901785714285615e-02,-3.278459821428571230e-02,-3.320312500000000000e-02,-3.501674107142856845e-02,-2.971540178571428423e-02,-3.041294642857142808e-02,-3.459821428571428770e-02,-2.985491071428571577e-02,-3.097098214285714385e-02,-3.250558035714285615e-02,-3.222656250000000000e-02,-3.180803571428571230e-02,-3.515625000000000000e-02,-3.138950892857143155e-02,-3.306361607142856845e-02,-3.390066964285714385e-02,-3.390066964285714385e-02
-1.619698660714285754e-01,-1.647600446428571508e-01,-1.577845982142857262e-01,-1.640625000000000000e-01,-1.615513392857142738e-01,-1.653180803571428492e-01,-1.594587053571428492e-01,-1.655970982142857262e-01,-1.556919642857142738e-01,-1.540178571428571508e-01,-1.646205357142857262e-01,-1.540178571428571508e-01,-1.554129464285714246e-01,-1.583426339285714246e-01,-1.595982142857142738e-01,-1.608537946428571508e-01,-1.614118303571428492e-01,-1.618303571428571508e-01,-1.600167410714285754e-01,-1.602957589285714246e-01,-1.609933035714285754e-01,-1.589006696428571508e-01,-1.586216517857142738e-01,-1.594587053571428492e-01,-1.551339285714285754e-01,-1.636439732142857262e-01,-1.609933035714285754e-01,-1.651785714285714246e-01,-1.665736607142857262e-01,-1.576450892857142738e-01,-1.573660714285714246e-01,-1.654575892857142738e-01,-1.530412946428571508e-01,-1.623883928571428492e-01,-1.685267857142857262e-01,-1.605747767857142738e-01,-1.582031250000000000e-01,-1.682477678571428492e-01,-1.559709821428571508e-01,-1.590401785714285754e-01,-1.651785714285714246e-01,-1.572265625000000000e-01
-3.766741071428571230e-02,-4.059709821428571230e-02,-3.459821428571428770e-02,-4.087611607142856845e-02,-4.003906250000000000e-02,-3.948102678571428770e-02,-3.669084821428571230e-02,-4.045758928571428770e-02,-3.292410714285714385e-02,-2.985491071428571577e-02,-4.143415178571428770e-02,-3.250558035714285615e-02,-3.376116071428571230e-02,-3.571428571428571230e-02,-3.878348214285714385e-02,-3.822544642857143155e-02,-3.892299107142856845e-02,-3.780691964285714385e-02,-3.599330357142856845e-02,-3.571428571428571230e-02,-3.641183035714285615e-02,-3.417968750000000000e-02,-3.320312500000000000e-02,-3.557477678571428770e-02,-3.306361607142856845e-02,-4.157366071428571230e-02,-3.627232142857143155e-02,-4.073660714285714385e-02,-3.948102678571428770e-02,-3.362165178571428770e-02,-3.264508928571428770e-02,-4.101562500000000000e-02,-3.097098214285714385e-02,-3.794642857142856845e-02,-4.199218750000000000e-02,-3.696986607142856845e-02,-3.683035714285714385e-02,-4.324776785714285615e-02,-3.278459821428571230e-02,-3.655133928571428770e-02,-4.213169642857143155e-02,-3.473772321428571230e-02
3.306361607142856845e-02,2.985491071428571577e-02,3.376116071428571230e-02,2.943638392857142808e-02,2.873883928571428423e-02,3.152901785714285615e-02,3.125000000000000000e-02,2.999441964285714385e-02,3.613281250000000000e-02,3.892299107142856845e-02,2.804129464285714385e-02,3.431919642857143155e-02,3.417968750000000000e-02,3.306361607142856845e-02,3.069196428571428423e-02,3.055245535714285615e-02,3.041294642857142808e-02,3.152901785714285615e-02,3.292410714285714385e-02,3.445870535714285615e-02,3.362165178571428770e-02,3.543526785714285615e-02,3.669084821428571230e-02,3.376116071428571230e-02,3.599330357142856845e-02,2.845982142857142808e-02,3.417968750000000000e-02,3.069196428571428423e-02,3.125000000000000000e-02,3.557477678571428770e-02,3.738839285714285615e-02,2.901785714285714385e-02,3.710937500000000000e-02,3.152901785714285615e-02,3.055245535714285615e-02,3.445870535714285615e-02,3.152901785714285615e-02,2.692522321428571577e-02,3.571428571428571230e-02,3.292410714285714385e-02,2.776227678571428423e-02,3.334263392857143155e-02
-1.534598214285714255e-03,-3.208705357142857019e-03,-5.580357142857142547e-04,-4.743303571428571057e-03,-4.324776785714285962e-03,-3.766741071428571491e-03,-1.813616071428571491e-03,-5.580357142857142981e-03,-4.185267857142856911e-04,1.813616071428571491e-03,-5.161830357142857019e-03,-2.790178571428571274e-04,8.370535714285713821e-04,-2.092633928571428509e-03,-3.208705357142857019e-03,-3.487723214285714472e-03,-3.906250000000000000e-03,-2.650669642857142981e-03,-1.255580357142857236e-03,4.185267857142856911e-04,-2.092633928571428509e-03,5.580357142857142547e-04,1.534598214285714255e-03,-6.975446428571428726e-04,2.232142857142857019e-03,-3.487723214285714472e-03,-2.092633928571428509e-03,-4.185267857142857019e-03,-3.906250000000000000e-03,1.255580357142857236e-03,5.580357142857142547e-04,-4.324776785714285962e-03,2.650669642857142981e-03,-2.371651785714285528e-03,-5.022321428571428943e-03,-1.953125000000000000e-03,-1.116071428571428509e-03,-7.254464285714285962e-03,6.975446428571428726e-04,-1.116071428571428509e-03,-5.161830357142857019e-03,-1.395089285714285745e-03
-1.309988839285714246e-01,-1.273716517857142738e-01,-1.266741071428571508e-01,-1.332310267857142738e-01,-1.315569196428571508e-01,-1.314174107142857262e-01,-1.272321428571428492e-01,-1.339285714285714246e-01,-1.195591517857142877e-01,-1.223493303571428631e-01,-1.312779017857142738e-01,-1.208147321428571369e-01,-1.237444196428571369e-01,-1.212332589285714246e-01,-1.238839285714285754e-01,-1.301618303571428492e-01,-1.291852678571428492e-01,-1.244419642857142877e-01,-1.266741071428571508e-01,-1.209542410714285754e-01,-1.282087053571428492e-01,-1.250000000000000000e-01,-1.268136160714285754e-01,-1.279296875000000000e-01,-1.252790178571428492e-01,-1.261160714285714246e-01,-1.301618303571428492e-01,-1.344866071428571508e-01,-1.356026785714285754e-01,-1.263950892857142738e-01,-1.259765625000000000e-01,-1.284877232142857262e-01,-1.148158482142857123e-01,-1.248604910714285754e-01,-1.305803571428571508e-01,-1.231863839285714246e-01,-1.217912946428571369e-01,-1.337890625000000000e-01,-1.196986607142857123e-01,-1.297433035714285754e-01,-1.350446428571428492e-01,-1.217912946428571369e-01
-1.548549107142857192e-02,-1.171875000000000000e-02,-1.130022321428571404e-02,-1.785714285714285615e-02,-1.702008928571428423e-02,-1.395089285714285789e-02,-1.325334821428571404e-02,-1.729910714285714385e-02,-4.464285714285714038e-03,-6.556919642857142981e-03,-1.688058035714285615e-02,-7.952008928571428076e-03,-1.046316964285714211e-02,-7.114955357142857019e-03,-9.765625000000000000e-03,-1.604352678571428423e-02,-1.548549107142857192e-02,-9.626116071428571924e-03,-1.130022321428571404e-02,-5.440848214285714038e-03,-1.241629464285714211e-02,-8.928571428571428076e-03,-1.004464285714285789e-02,-1.241629464285714211e-02,-1.046316964285714211e-02,-1.130022321428571404e-02,-1.339285714285714211e-02,-1.799665178571428423e-02,-1.743861607142857192e-02,-1.088169642857142808e-02,-9.765625000000000000e-03,-1.269531250000000000e-02,-1.674107142857142764e-03,-9.347098214285714038e-03,-1.269531250000000000e-02,-8.091517857142857886e-03,-7.812500000000000000e-03,-1.660156250000000000e-02,-5.719866071428571057e-03,-1.409040178571428596e-02,-1.967075892857142808e-02,-7.812500000000000000e-03
5.078125000000000000e-02,5.287388392857143155e-02,5.161830357142856845e-02,4.701450892857143155e-02,4.603794642857143155e-02,5.133928571428571230e-02,4.980468750000000000e-02,4.743303571428571230e-02,5.887276785714285615e-02,5.747767857142856845e-02,4.827008928571428770e-02,5.398995535714285615e-02,5.287388392857143155e-02,5.636160714285714385e-02,5.398995535714285615e-02,4.743303571428571230e-02,4.868861607142856845e-02,5.482700892857143155e-02,5.301339285714285615e-02,5.929129464285714385e-02,5.329241071428571230e-02,5.608258928571428770e-02,5.538504464285714385e-02,5.147879464285714385e-02,5.371093750000000000e-02,5.329241071428571230e-02,5.161830357142856845e-02,4.771205357142856845e-02,4.938616071428571230e-02,5.371093750000000000e-02,5.580357142857143155e-02,5.217633928571428770e-02,6.096540178571428770e-02,5.468750000000000000e-02,5.315290178571428770e-02,5.719866071428571230e-02,5.468750000000000000e-02,4.882812500000000000e-02,5.678013392857143155e-02,5.008370535714285615e-02,4.534040178571428770e-02,5.580357142857143155e-02
1.227678571428571404e-02,1.478794642857142808e-02,1.311383928571428596e-02,8.789062500000000000e-03,9.905133928571428076e-03,1.269531250000000000e-02,1.283482142857142808e-02,8.370535714285714038e-03,1.674107142857142808e-02,1.632254464285714385e-02,9.765625000000000000e-03,1.381138392857142808e-02,1.520647321428571404e-02,1.534598214285714211e-02,1.436941964285714211e-02,1.060267857142857192e-02,1.032366071428571404e-02,1.506696428571428596e-02,1.422991071428571404e-02,1.841517857142857192e-02,1.283482142857142808e-02,1.604352678571428423e-02,1.660156250000000000e-02,1.409040178571428596e-02,1.534598214285714211e-02,1.534598214285714211e-02,1.116071428571428596e-02,9.486607142857142114e-03,8.789062500000000000e-03,1.478794642857142808e-02,1.548549107142857192e-02,1.255580357142857192e-02,2.050781250000000000e-02,1.548549107142857192e-02,1.325334821428571404e-02,1.646205357142857192e-02,1.674107142857142808e-02,9.765625000000000000e-03,1.757812500000000000e-02,1.157924107142857192e-02,7.952008928571428076e-03,1.548549107142857192e-02
-1.079799107142857123e-01,-1.040736607142857123e-01,-1.029575892857142877e-01,-1.063058035714285754e-01,-1.054687500000000000e-01,-1.075613839285714246e-01,-1.037946428571428631e-01,-1.083984375000000000e-01,-1.005859375000000000e-01,-1.028180803571428631e-01,-1.079799107142857123e-01,-9.919084821428571230e-02,-1.007254464285714246e-01,-1.005859375000000000e-01,-1.028180803571428631e-01,-1.090959821428571369e-01,-1.061662946428571369e-01,-1.018415178571428631e-01,-1.037946428571428631e-01,-1.011439732142857123e-01,-1.040736607142857123e-01,-1.030970982142857123e-01,-1.049107142857142877e-01,-1.060267857142857123e-01,-1.028180803571428631e-01,-1.051897321428571369e-01,-1.068638392857142877e-01,-1.092354910714285754e-01,-1.092354910714285754e-01,-1.050502232142857123e-01,-1.049107142857142877e-01,-1.057477678571428631e-01,-9.514508928571428770e-02,-1.043526785714285754e-01,-1.060267857142857123e-01,-1.030970982142857123e-01,-1.011439732142857123e-01,-1.078404017857142877e-01,-9.988839285714286309e-02,-1.061662946428571369e-01,-1.092354910714285754e-01,-9.849330357142857539e-02
1.255580357142857236e-03,5.161830357142857019e-03,5.719866071428571057e-03,3.348214285714285528e-03,2.371651785714285528e-03,3.069196428571428509e-03,5.580357142857142981e-03,2.650669642857142981e-03,7.533482142857142981e-03,7.812500000000000000e-03,6.975446428571428726e-04,8.091517857142857886e-03,5.859375000000000000e-03,7.114955357142857019e-03,5.998883928571428943e-03,-6.975446428571428726e-04,2.232142857142857019e-03,8.091517857142857886e-03,6.138392857142857019e-03,8.231026785714285962e-03,6.975446428571428943e-03,6.975446428571428943e-03,6.138392857142857019e-03,3.627232142857142981e-03,6.277901785714285962e-03,3.627232142857142981e-03,3.766741071428571491e-03,9.765625000000000000e-04,3.069196428571428509e-03,4.603794642857142981e-03,6.277901785714285962e-03,3.627232142857142981e-03,1.185825892857142808e-02,5.440848214285714038e-03,4.882812500000000000e-03,7.393973214285714038e-03,6.138392857142857019e-03,3.069196428571428509e-03,7.812500000000000000e-03,3.208705357142857019e-03,1.395089285714285745e-03,9.347098214285714038e-03
6.668526785714286309e-02,6.919642857142857539e-02,6.835937500000000000e-02,6.794084821428571230e-02,6.515066964285713691e-02,6.849888392857142461e-02,6.905691964285713691e-02,6.738281250000000000e-02,7.240513392857142461e-02,7.240513392857142461e-02,6.529017857142857539e-02,7.142857142857142461e-02,6.877790178571428770e-02,7.031250000000000000e-02,7.003348214285713691e-02,6.347656250000000000e-02,6.724330357142857539e-02,7.101004464285713691e-02,7.031250000000000000e-02,7.268415178571428770e-02,7.240513392857142461e-02,7.310267857142857539e-02,7.170758928571428770e-02,6.738281250000000000e-02,7.087053571428571230e-02,6.808035714285713691e-02,6.863839285714286309e-02,6.626674107142857539e-02,6.835937500000000000e-02,7.003348214285713691e-02,7.128906250000000000e-02,6.808035714285713691e-02,7.477678571428571230e-02,6.947544642857142461e-02,7.031250000000000000e-02,7.268415178571428770e-02,6.933593750000000000e-02,6.752232142857142461e-02,7.017299107142857539e-02,6.724330357142857539e-02,6.556919642857142461e-02,7.282366071428571230e-02
2.553013392857142808e-02,2.776227678571428423e-02,2.692522321428571577e-02,2.483258928571428423e-02,2.497209821428571577e-02,2.566964285714285615e-02,2.636718750000000000e-02,2.343750000000000000e-02,2.650669642857142808e-02,2.706473214285714385e-02,2.371651785714285615e-02,2.650669642857142808e-02,2.776227678571428423e-02,2.678571428571428423e-02,2.692522321428571577e-02,2.260044642857142808e-02,2.329799107142857192e-02,2.790178571428571577e-02,2.762276785714285615e-02,2.943638392857142808e-02,2.706473214285714385e-02,2.832031250000000000e-02,2.832031250000000000e-02,2.622767857142857192e-02,2.859933035714285615e-02,2.664620535714285615e-02,2.511160714285714385e-02,2.413504464285714385e-02,2.441406250000000000e-02,2.720424107142857192e-02,2.692522321428571577e-02,2.511160714285714385e-02,3.152901785714285615e-02,2.692522321428571577e-02,2.636718750000000000e-02,2.734375000000000000e-02,2.748325892857142808e-02,2.399553571428571577e-02,2.859933035714285615e-02,2.525111607142857192e-02,2.329799107142857192e-02,2.818080357142857192e-02
-7.310267857142857539e-02,-6.208147321428571230e-02,-6.821986607142857539e-02,-4.966517857142856845e-02,-4.966517857142856845e-02,-6.375558035714286309e-02,-4.701450892857143155e-02,-5.106026785714285615e-02,-5.943080357142856845e-02,-6.696428571428571230e-02,-5.133928571428571230e-02,-4.659598214285714385e-02,-6.696428571428571230e-02,-5.733816964285714385e-02,-3.989955357142856845e-02,-7.324218750000000000e-02,-5.092075892857143155e-02,-3.962053571428571230e-02,-6.752232142857142461e-02,-5.859375000000000000e-02,-4.840959821428571230e-02,-6.124441964285714385e-02,-7.142857142857142461e-02,-7.045200892857142461e-02,-6.808035714285713691e-02,-6.236049107142856845e-02,-7.059151785714286309e-02,-7.268415178571428770e-02,-5.175781250000000000e-02,-7.268415178571428770e-02,-6.766183035714286309e-02,-4.129464285714285615e-02,-5.496651785714285615e-02,-6.319754464285713691e-02,-6.263950892857142461e-02,-5.845424107142856845e-02,-5.719866071428571230e-02,-4.255022321428571230e-02,-5.664062500000000000e-02,-6.975446428571428770e-02,-5.189732142857143155e-02,-3.836495535714285615e-02
3.780691964285714385e-02,4.575892857142856845e-02,3.948102678571428770e-02,5.733816964285714385e-02,5.566406250000000000e-02,4.520089285714285615e-02,5.831473214285714385e-02,5.580357142857143155e-02,4.882812500000000000e-02,4.255022321428571230e-02,5.426897321428571230e-02,5.705915178571428770e-02,4.059709821428571230e-02,4.840959821428571230e-02,6.501116071428571230e-02,3.459821428571428770e-02,5.524553571428571230e-02,6.640625000000000000e-02,4.073660714285714385e-02,4.994419642857143155e-02,5.901227678571428770e-02,4.729352678571428770e-02,3.864397321428571230e-02,3.892299107142856845e-02,4.017857142857143155e-02,4.534040178571428770e-02,3.920200892857143155e-02,3.683035714285714385e-02,5.705915178571428770e-02,3.780691964285714385e-02,4.213169642857143155e-02,6.445312500000000000e-02,5.050223214285714385e-02,4.534040178571428770e-02,4.659598214285714385e-02,5.064174107142856845e-02,4.868861607142856845e-02,6.347656250000000000e-02,4.896763392857143155e-02,3.836495535714285615e-02,5.538504464285714385e-02,6.612723214285713691e-02
9.542410714285713691e-02,1.037946428571428631e-01,9.695870535714286309e-02,1.114676339285714246e-01,1.095145089285714246e-01,1.029575892857142877e-01,1.130022321428571369e-01,1.127232142857142877e-01,1.060267857142857123e-01,1.011439732142857123e-01,1.092354910714285754e-01,1.128627232142857123e-01,9.598214285714286309e-02,1.053292410714285754e-01,1.196986607142857123e-01,9.207589285714286309e-02,1.111886160714285754e-01,1.219308035714285754e-01,9.960937500000000000e-02,1.074218750000000000e-01,1.156529017857142877e-01,1.053292410714285754e-01,9.765625000000000000e-02,9.654017857142857539e-02,9.765625000000000000e-02,1.010044642857142877e-01,9.863281250000000000e-02,9.472656250000000000e-02,1.143973214285714246e-01,9.654017857142857539e-02,1.015625000000000000e-01,1.208147321428571369e-01,1.071428571428571369e-01,1.021205357142857123e-01,1.043526785714285754e-01,1.074218750000000000e-01,1.049107142857142877e-01,1.198381696428571369e-01,1.053292410714285754e-01,9.667968750000000000e-02,1.113281250000000000e-01,1.213727678571428631e-01
4.771205357142856845e-02,5.357142857142856845e-02,4.771205357142856845e-02,5.998883928571428770e-02,5.901227678571428770e-02,5.273437500000000000e-02,6.110491071428571230e-02,5.803571428571428770e-02,5.357142857142856845e-02,4.882812500000000000e-02,5.817522321428571230e-02,5.957031250000000000e-02,4.966517857142856845e-02,5.357142857142856845e-02,6.529017857142857539e-02,4.422433035714285615e-02,5.789620535714285615e-02,6.682477678571428770e-02,4.938616071428571230e-02,5.664062500000000000e-02,6.138392857142856845e-02,5.426897321428571230e-02,4.813058035714285615e-02,4.854910714285714385e-02,4.952566964285714385e-02,5.287388392857143155e-02,4.771205357142856845e-02,4.673549107142856845e-02,5.915178571428571230e-02,4.715401785714285615e-02,4.994419642857143155e-02,6.556919642857142461e-02,5.678013392857143155e-02,5.245535714285714385e-02,5.398995535714285615e-02,5.580357142857143155e-02,5.482700892857143155e-02,6.431361607142857539e-02,5.608258928571428770e-02,4.743303571428571230e-02,5.901227678571428770e-02,6.654575892857142461e-02
-3.934151785714285615e-02,-2.943638392857142808e-02,-3.683035714285714385e-02,-2.343750000000000000e-02,-2.371651785714285615e-02,-3.125000000000000000e-02,-2.301897321428571577e-02,-2.511160714285714385e-02,-2.887834821428571577e-02,-3.669084821428571230e-02,-2.580915178571428423e-02,-2.287946428571428423e-02,-3.571428571428571230e-02,-2.692522321428571577e-02,-9.765625000000000000e-03,-4.143415178571428770e-02,-2.483258928571428423e-02,-8.370535714285714038e-03,-3.655133928571428770e-02,-2.650669642857142808e-02,-2.315848214285714385e-02,-2.985491071428571577e-02,-3.920200892857143155e-02,-3.794642857142856845e-02,-3.627232142857143155e-02,-2.999441964285714385e-02,-3.934151785714285615e-02,-4.003906250000000000e-02,-2.497209821428571577e-02,-4.017857142857143155e-02,-3.627232142857143155e-02,-9.626116071428571924e-03,-2.469308035714285615e-02,-3.069196428571428423e-02,-2.887834821428571577e-02,-2.622767857142857192e-02,-2.692522321428571577e-02,-1.060267857142857192e-02,-2.455357142857142808e-02,-3.836495535714285615e-02,-2.525111607142857192e-02,-8.928571428571428076e-03
6.598772321428571230e-02,7.421875000000000000e-02,6.598772321428571230e-02,7.770647321428571230e-02,7.561383928571428770e-02,7.310267857142857539e-02,7.882254464285713691e-02,7.659040178571428770e-02,7.491629464285713691e-02,6.780133928571428770e-02,7.505580357142857539e-02,7.686941964285713691e-02,6.710379464285713691e-02,7.435825892857142461e-02,8.998325892857142461e-02,6.208147321428571230e-02,7.603236607142857539e-02,9.165736607142857539e-02,6.724330357142857539e-02,7.672991071428571230e-02,7.952008928571428770e-02,7.463727678571428770e-02,6.640625000000000000e-02,6.668526785714286309e-02,6.752232142857142461e-02,7.268415178571428770e-02,6.626674107142857539e-02,6.556919642857142461e-02,7.826450892857142461e-02,6.487165178571428770e-02,6.919642857142857539e-02,9.012276785714286309e-02,7.659040178571428770e-02,7.212611607142857539e-02,7.435825892857142461e-02,7.686941964285713691e-02,7.547433035714286309e-02,8.956473214285713691e-02,7.589285714285713691e-02,6.473214285714286309e-02,7.589285714285713691e-02,9.012276785714286309e-02
1.190011160714285754e-01,1.262555803571428492e-01,1.184430803571428631e-01,1.293247767857142738e-01,1.259765625000000000e-01,1.263950892857142738e-01,1.297433035714285754e-01,1.294642857142857262e-01,1.263950892857142738e-01,1.216517857142857123e-01,1.261160714285714246e-01,1.279296875000000000e-01,1.185825892857142877e-01,1.263950892857142738e-01,1.402064732142857262e-01,1.146763392857142877e-01,1.272321428571428492e-01,1.417410714285714246e-01,1.201171875000000000e-01,1.284877232142857262e-01,1.321149553571428492e-01,1.273716517857142738e-01,1.203962053571428631e-01,1.195591517857142877e-01,1.192801339285714246e-01,1.238839285714285754e-01,1.203962053571428631e-01,1.185825892857142877e-01,1.309988839285714246e-01,1.187220982142857123e-01,1.229073660714285754e-01,1.411830357142857262e-01,1.270926339285714246e-01,1.252790178571428492e-01,1.273716517857142738e-01,1.291852678571428492e-01,1.263950892857142738e-01,1.404854910714285754e-01,1.269531250000000000e-01,1.188616071428571369e-01,1.282087053571428492e-01,1.404854910714285754e-01
6.542968750000000000e-02,7.073102678571428770e-02,6.473214285714286309e-02,7.324218750000000000e-02,7.156808035714286309e-02,7.017299107142857539e-02,7.338169642857142461e-02,7.170758928571428770e-02,7.017299107142857539e-02,6.542968750000000000e-02,7.114955357142857539e-02,7.101004464285713691e-02,6.612723214285713691e-02,7.003348214285713691e-02,8.147321428571428770e-02,6.152343750000000000e-02,7.073102678571428770e-02,8.231026785714286309e-02,6.584821428571428770e-02,7.296316964285713691e-02,7.366071428571428770e-02,7.045200892857142461e-02,6.556919642857142461e-02,6.542968750000000000e-02,6.668526785714286309e-02,7.031250000000000000e-02,6.459263392857142461e-02,6.403459821428571230e-02,7.212611607142857539e-02,6.501116071428571230e-02,6.668526785714286309e-02,8.175223214285713691e-02,7.226562500000000000e-02,6.947544642857142461e-02,7.101004464285713691e-02,7.268415178571428770e-02,7.142857142857142461e-02,8.147321428571428770e-02,7.226562500000000000e-02,6.445312500000000000e-02,7.114955357142857539e-02,8.133370535714286309e-02
-8.872767857142857539e-02,-8.244977678571428770e-02,-8.649553571428571230e-02,-6.947544642857142461e-02,-7.142857142857142461e-02,-8.370535714285713691e-02,-6.919642857142857539e-02,-7.114955357142857539e-02,-7.965959821428571230e-02,-8.454241071428571230e-02,-7.254464285714286309e-02,-6.947544642857142461e-02,-8.370535714285713691e-02,-7.728794642857142461e-02,-4.631696428571428770e-02,-8.998325892857142461e-02,-7.059151785714286309e-02,-4.910714285714285615e-02,-8.719308035714286309e-02,-8.091517857142857539e-02,-7.017299107142857539e-02,-8.537946428571428770e-02,-8.914620535714286309e-02,-8.789062500000000000e-02,-8.691406250000000000e-02,-8.454241071428571230e-02,-8.844866071428571230e-02,-8.844866071428571230e-02,-7.198660714285713691e-02,-9.082031250000000000e-02,-8.705357142857142461e-02,-4.799107142857143155e-02,-7.826450892857142461e-02,-8.454241071428571230e-02,-8.217075892857142461e-02,-7.686941964285713691e-02,-7.714843750000000000e-02,-4.813058035714285615e-02,-7.659040178571428770e-02,-8.691406250000000000e-02,-7.198660714285713691e-02,-4.715401785714285615e-02
-5.106026785714285615e-02,-4.603794642857143155e-02,-4.924665178571428770e-02,-3.264508928571428770e-02,-3.487723214285714385e-02,-4.701450892857143155e-02,-3.194754464285714385e-02,-3.348214285714285615e-02,-4.157366071428571230e-02,-4.715401785714285615e-02,-3.515625000000000000e-02,-3.278459821428571230e-02,-4.729352678571428770e-02,-4.031808035714285615e-02,-8.789062500000000000e-03,-5.357142857142856845e-02,-3.376116071428571230e-02,-1.102120535714285789e-02,-5.008370535714285615e-02,-4.352678571428571230e-02,-3.264508928571428770e-02,-4.729352678571428770e-02,-5.119977678571428770e-02,-5.119977678571428770e-02,-4.980468750000000000e-02,-4.924665178571428770e-02,-5.050223214285714385e-02,-5.064174107142856845e-02,-3.390066964285714385e-02,-5.315290178571428770e-02,-4.910714285714285615e-02,-9.626116071428571924e-03,-4.185267857142856845e-02,-4.687500000000000000e-02,-4.478236607142856845e-02,-3.976004464285714385e-02,-4.115513392857143155e-02,-9.486607142857142114e-03,-4.031808035714285615e-02,-4.994419642857143155e-02,-3.473772321428571230e-02,-8.928571428571428076e-03
4.464285714285714038e-03,8.789062500000000000e-03,5.998883928571428943e-03,1.855468750000000000e-02,1.548549107142857192e-02,9.486607142857142114e-03,1.981026785714285615e-02,1.967075892857142808e-02,1.199776785714285789e-02,8.370535714285714038e-03,1.674107142857142808e-02,1.925223214285714385e-02,6.138392857142857019e-03,1.339285714285714211e-02,3.948102678571428770e-02,1.674107142857142764e-03,1.827566964285714385e-02,3.669084821428571230e-02,5.301339285714285962e-03,1.060267857142857192e-02,2.008928571428571577e-02,8.510044642857142114e-03,5.580357142857142981e-03,4.464285714285714038e-03,4.743303571428571057e-03,5.580357142857142981e-03,5.859375000000000000e-03,5.161830357142857019e-03,2.008928571428571577e-02,3.627232142857142981e-03,7.114955357142857019e-03,3.906250000000000000e-02,1.088169642857142808e-02,8.091517857142857886e-03,9.486607142857142114e-03,1.450892857142857192e-02,1.157924107142857192e-02,4.017857142857143155e-02,1.185825892857142808e-02,5.719866071428571057e-03,1.813616071428571577e-02,3.850446428571428770e-02
-3.320312500000000000e-02,-2.957589285714285615e-02,-3.194754464285714385e-02,-2.301897321428571577e-02,-2.455357142857142808e-02,-3.055245535714285615e-02,-2.218191964285714385e-02,-2.441406250000000000e-02,-2.804129464285714385e-02,-3.138950892857143155e-02,-2.399553571428571577e-02,-2.357700892857142808e-02,-3.055245535714285615e-02,-2.790178571428571577e-02,-7.254464285714285962e-03,-3.501674107142856845e-02,-2.371651785714285615e-02,-9.347098214285714038e-03,-3.334263392857143155e-02,-2.859933035714285615e-02,-2.371651785714285615e-02,-3.152901785714285615e-02,-3.236607142857143155e-02,-3.292410714285714385e-02,-3.166852678571428770e-02,-3.111049107142857192e-02,-3.417968750000000000e-02,-3.348214285714285615e-02,-2.427455357142857192e-02,-3.417968750000000000e-02,-3.180803571428571230e-02,-7.533482142857142981e-03,-2.790178571428571577e-02,-3.180803571428571230e-02,-2.929687500000000000e-02,-2.720424107142857192e-02,-2.720424107142857192e-02,-7.812500000000000000e-03,-2.664620535714285615e-02,-3.306361607142856845e-02,-2.371651785714285615e-02,-7.952008928571428076e-03
-2.170758928571428492e-01,-2.116350446428571508e-01,-2.134486607142857262e-01,-1.974051339285714246e-01,-1.990792410714285754e-01,-2.127511160714285754e-01,-1.971261160714285754e-01,-1.994977678571428492e-01,-2.103794642857142738e-01,-2.126116071428571508e-01,-2.011718750000000000e-01,-1.960100446428571508e-01,-2.096819196428571508e-01,-2.053571428571428492e-01,-1.753627232142857262e-01,-2.172154017857142738e-01,-1.994977678571428492e-01,-1.798270089285714246e-01,-2.162388392857142738e-01,-2.116350446428571508e-01,-2.001953125000000000e-01,-2.158203125000000000e-01,-2.170758928571428492e-01,-2.172154017857142738e-01,-2.152622767857142738e-01,-2.159598214285714246e-01,-2.172154017857142738e-01,-2.160993303571428492e-01,-2.022879464285714246e-01,-2.198660714285714246e-01,-2.167968750000000000e-01,-1.794084821428571508e-01,-2.081473214285714246e-01,-2.154017857142857262e-01,-2.102399553571428492e-01,-2.068917410714285754e-01,-2.074497767857142738e-01,-1.780133928571428492e-01,-2.064732142857142738e-01,-2.137276785714285754e-01,-1.992187500000000000e-01,-1.753627232142857262e-01
-1.291852678571428492e-01,-1.245814732142857123e-01,-1.252790178571428492e-01,-1.143973214285714246e-01,-1.164899553571428631e-01,-1.251395089285714246e-01,-1.132812500000000000e-01,-1.145368303571428631e-01,-1.223493303571428631e-01,-1.247209821428571369e-01,-1.171875000000000000e-01,-1.128627232142857123e-01,-1.233258928571428631e-01,-1.190011160714285754e-01,-9.570312500000000000e-02,-1.291852678571428492e-01,-1.146763392857142877e-01,-9.960937500000000000e-02,-1.280691964285714246e-01,-1.233258928571428631e-01,-1.148158482142857123e-01,-1.270926339285714246e-01,-1.269531250000000000e-01,-1.290457589285714246e-01,-1.263950892857142738e-01,-1.294642857142857262e-01,-1.284877232142857262e-01,-1.277901785714285754e-01,-1.160714285714285754e-01,-1.300223214285714246e-01,-1.279296875000000000e-01,-9.835379464285713691e-02,-1.226283482142857123e-01,-1.266741071428571508e-01,-1.233258928571428631e-01,-1.198381696428571369e-01,-1.216517857142857123e-01,-9.737723214285713691e-02,-1.210937500000000000e-01,-1.263950892857142738e-01,-1.156529017857142877e-01,-9.486607142857142461e-02
-5.398995535714285615e-02,-5.119977678571428770e-02,-5.273437500000000000e-02,-4.422433035714285615e-02,-4.743303571428571230e-02,-4.980468750000000000e-02,-4.324776785714285615e-02,-4.282924107142856845e-02,-5.050223214285714385e-02,-5.147879464285714385e-02,-4.506138392857143155e-02,-4.422433035714285615e-02,-5.161830357142856845e-02,-4.715401785714285615e-02,-2.943638392857142808e-02,-5.608258928571428770e-02,-4.394531250000000000e-02,-3.264508928571428770e-02,-5.496651785714285615e-02,-5.050223214285714385e-02,-4.324776785714285615e-02,-5.287388392857143155e-02,-5.217633928571428770e-02,-5.482700892857143155e-02,-5.412946428571428770e-02,-5.552455357142856845e-02,-5.385044642857143155e-02,-5.412946428571428770e-02,-4.338727678571428770e-02,-5.482700892857143155e-02,-5.357142857142856845e-02,-3.152901785714285615e-02,-5.106026785714285615e-02,-5.273437500000000000e-02,-4.952566964285714385e-02,-4.743303571428571230e-02,-5.036272321428571230e-02,-3.013392857142857192e-02,-4.952566964285714385e-02,-5.329241071428571230e-02,-4.450334821428571230e-02,-2.999441964285714385e-02
-7.728794642857142461e-02,-7.421875000000000000e-02,-7.686941964285713691e-02,-7.087053571428571230e-02,-7.142857142857142461e-02,-7.575334821428571230e-02,-7.003348214285713691e-02,-7.128906250000000000e-02,-7.603236607142857539e-02,-7.589285714285713691e-02,-7.170758928571428770e-02,-7.045200892857142461e-02,-7.491629464285713691e-02,-7.421875000000000000e-02,-6.026785714285714385e-02,-7.896205357142857539e-02,-7.156808035714286309e-02,-6.250000000000000000e-02,-7.812500000000000000e-02,-7.533482142857142461e-02,-7.156808035714286309e-02,-7.770647321428571230e-02,-7.659040178571428770e-02,-7.784598214285713691e-02,-7.575334821428571230e-02,-7.770647321428571230e-02,-7.854352678571428770e-02,-7.770647321428571230e-02,-7.156808035714286309e-02,-7.826450892857142461e-02,-7.728794642857142461e-02,-6.208147321428571230e-02,-7.366071428571428770e-02,-7.714843750000000000e-02,-7.393973214285713691e-02,-7.310267857142857539e-02,-7.407924107142857539e-02,-6.082589285714285615e-02,-7.324218750000000000e-02,-7.672991071428571230e-02,-7.073102678571428770e-02,-5.984933035714285615e-02
-2.737165178571428492e-01,-2.719029017857143016e-01,-2.693917410714285476e-01,-2.601841517857143016e-01,-2.619977678571428492e-01,-2.721819196428571508e-01,-2.599051339285714524e-01,-2.625558035714285476e-01,-2.688337053571428492e-01,-2.691127232142856984e-01,-2.653459821428571508e-01,-2.586495535714285476e-01,-2.660435267857143016e-01,-2.660435267857143016e-01,-2.476283482142857262e-01,-2.721819196428571508e-01,-2.621372767857143016e-01,-2.539062500000000000e-01,-2.732979910714285476e-01,-2.732979910714285476e-01,-2.639508928571428492e-01,-2.726004464285714524e-01,-2.752511160714285476e-01,-2.744140625000000000e-01,-2.716238839285714524e-01,-2.756696428571428492e-01,-2.720424107142856984e-01,-2.735770089285714524e-01,-2.653459821428571508e-01,-2.748325892857143016e-01,-2.720424107142856984e-01,-2.536272321428571508e-01,-2.656250000000000000e-01,-2.735770089285714524e-01,-2.723214285714285476e-01,-2.679966517857143016e-01,-2.686941964285714524e-01,-2.513950892857143016e-01,-2.668805803571428492e-01,-2.706473214285714524e-01,-2.629743303571428492e-01,-2.460937500000000000e-01
-1.713169642857142738e-01,-1.700613839285714246e-01,-1.674107142857142738e-01,-1.621093750000000000e-01,-1.639229910714285754e-01,-1.697823660714285754e-01,-1.609933035714285754e-01,-1.621093750000000000e-01,-1.678292410714285754e-01,-1.664341517857142738e-01,-1.651785714285714246e-01,-1.607142857142857262e-01,-1.655970982142857262e-01,-1.655970982142857262e-01,-1.517857142857142738e-01,-1.704799107142857262e-01,-1.633649553571428492e-01,-1.566685267857142738e-01,-1.708984375000000000e-01,-1.703404017857142738e-01,-1.635044642857142738e-01,-1.692243303571428492e-01,-1.710379464285714246e-01,-1.718750000000000000e-01,-1.697823660714285754e-01,-1.741071428571428492e-01,-1.699218750000000000e-01,-1.715959821428571508e-01,-1.640625000000000000e-01,-1.711774553571428492e-01,-1.683872767857142738e-01,-1.568080357142857262e-01,-1.658761160714285754e-01,-1.704799107142857262e-01,-1.704799107142857262e-01,-1.671316964285714246e-01,-1.681082589285714246e-01,-1.542968750000000000e-01,-1.672712053571428492e-01,-1.683872767857142738e-01,-1.630859375000000000e-01,-1.506696428571428492e-01
-8.830915178571428770e-02,-8.747209821428571230e-02,-8.719308035714286309e-02,-8.133370535714286309e-02,-8.551897321428571230e-02,-8.621651785714286309e-02,-8.147321428571428770e-02,-8.175223214285713691e-02,-8.607700892857142461e-02,-8.510044642857142461e-02,-8.356584821428571230e-02,-8.203125000000000000e-02,-8.579799107142857539e-02,-8.593750000000000000e-02,-7.589285714285713691e-02,-8.914620535714286309e-02,-8.328683035714286309e-02,-7.938058035714286309e-02,-8.858816964285713691e-02,-8.816964285714286309e-02,-8.258928571428571230e-02,-8.691406250000000000e-02,-8.872767857142857539e-02,-8.914620535714286309e-02,-8.956473214285713691e-02,-9.137834821428571230e-02,-8.719308035714286309e-02,-8.914620535714286309e-02,-8.258928571428571230e-02,-8.844866071428571230e-02,-8.579799107142857539e-02,-7.868303571428571230e-02,-8.551897321428571230e-02,-8.719308035714286309e-02,-8.705357142857142461e-02,-8.607700892857142461e-02,-8.663504464285713691e-02,-7.631138392857142461e-02,-8.677455357142857539e-02,-8.761160714285713691e-02,-8.370535714285713691e-02,-7.477678571428571230e-02
-1.007254464285714246e-01,-1.003069196428571369e-01,-1.001674107142857123e-01,-9.793526785714286309e-02,-9.849330357142857539e-02,-1.008649553571428631e-01,-9.723772321428571230e-02,-9.877232142857142461e-02,-1.014229910714285754e-01,-9.933035714285713691e-02,-9.933035714285713691e-02,-9.849330357142857539e-02,-9.807477678571428770e-02,-1.008649553571428631e-01,-9.291294642857142461e-02,-1.022600446428571369e-01,-9.905133928571428770e-02,-9.626116071428571230e-02,-1.015625000000000000e-01,-1.015625000000000000e-01,-9.863281250000000000e-02,-1.012834821428571369e-01,-1.004464285714285754e-01,-1.014229910714285754e-01,-1.001674107142857123e-01,-1.022600446428571369e-01,-1.015625000000000000e-01,-1.022600446428571369e-01,-9.933035714285713691e-02,-1.005859375000000000e-01,-9.988839285714286309e-02,-9.570312500000000000e-02,-9.779575892857142461e-02,-1.019810267857142877e-01,-1.014229910714285754e-01,-9.974888392857142461e-02,-9.988839285714286309e-02,-9.402901785714286309e-02,-9.974888392857142461e-02,-1.000279017857142877e-01,-9.863281250000000000e-02,-9.277343750000000000e-02
-2.223772321428571508e-01,-2.226562500000000000e-01,-2.211216517857142738e-01,-2.160993303571428492e-01,-2.169363839285714246e-01,-2.233537946428571508e-01,-2.163783482142857262e-01,-2.187500000000000000e-01,-2.225167410714285754e-01,-2.202845982142857262e-01,-2.183314732142857262e-01,-2.173549107142857262e-01,-2.173549107142857262e-01,-2.209821428571428492e-01,-2.078683035714285754e-01,-2.220982142857142738e-01,-2.176339285714285754e-01,-2.128906250000000000e-01,-2.227957589285714246e-01,-2.234933035714285754e-01,-2.195870535714285754e-01,-2.229352678571428492e-01,-2.234933035714285754e-01,-2.236328125000000000e-01,-2.214006696428571508e-01,-2.246093750000000000e-01,-2.240513392857142738e-01,-2.225167410714285754e-01,-2.205636160714285754e-01,-2.232142857142857262e-01,-2.212611607142857262e-01,-2.113560267857142738e-01,-2.183314732142857262e-01,-2.244698660714285754e-01,-2.240513392857142738e-01,-2.209821428571428492e-01,-2.207031250000000000e-01,-2.095424107142857262e-01,-2.197265625000000000e-01,-2.211216517857142738e-01,-2.180524553571428492e-01,-2.081473214285714246e-01
-8.426339285714286309e-02,-8.440290178571428770e-02,-8.370535714285713691e-02,-8.147321428571428770e-02,-8.300781250000000000e-02,-8.454241071428571230e-02,-8.077566964285713691e-02,-8.161272321428571230e-02,-8.565848214285713691e-02,-8.314732142857142461e-02,-8.328683035714286309e-02,-8.272879464285713691e-02,-8.244977678571428770e-02,-8.496093750000000000e-02,-7.421875000000000000e-02,-8.551897321428571230e-02,-8.258928571428571230e-02,-7.798549107142857539e-02,-8.523995535714286309e-02,-8.510044642857142461e-02,-8.217075892857142461e-02,-8.440290178571428770e-02,-8.412388392857142461e-02,-8.482142857142857539e-02,-8.496093750000000000e-02,-8.635602678571428770e-02,-8.482142857142857539e-02,-8.593750000000000000e-02,-8.272879464285713691e-02,-8.523995535714286309e-02,-8.272879464285713691e-02,-7.756696428571428770e-02,-8.342633928571428770e-02,-8.565848214285713691e-02,-8.551897321428571230e-02,-8.328683035714286309e-02,-8.496093750000000000e-02,-7.617187500000000000e-02,-8.440290178571428770e-02,-8.468191964285713691e-02,-8.258928571428571230e-02,-7.547433035714286309e-02
-8.928571428571428076e-03,-8.231026785714285962e-03,-9.068080357142857886e-03,-6.835937500000000000e-03,-1.074218750000000000e-02,-7.672991071428571057e-03,-6.277901785714285962e-03,-5.719866071428571057e-03,-9.626116071428571924e-03,-8.091517857142857886e-03,-6.417410714285714038e-03,-7.114955357142857019e-03,-8.370535714285714038e-03,-1.018415178571428596e-02,-2.232142857142857019e-03,-1.004464285714285789e-02,-7.952008928571428076e-03,-4.603794642857142981e-03,-9.486607142857142114e-03,-8.510044642857142114e-03,-5.580357142857142981e-03,-7.812500000000000000e-03,-7.812500000000000000e-03,-8.928571428571428076e-03,-9.905133928571428076e-03,-1.032366071428571404e-02,-8.510044642857142114e-03,-1.074218750000000000e-02,-5.301339285714285962e-03,-8.928571428571428076e-03,-5.580357142857142981e-03,-4.185267857142857019e-03,-8.231026785714285962e-03,-8.231026785714285962e-03,-8.789062500000000000e-03,-7.952008928571428076e-03,-9.765625000000000000e-03,-2.650669642857142981e-03,-8.789062500000000000e-03,-9.207589285714285962e-03,-7.672991071428571057e-03,-2.092633928571428509e-03
-3.111049107142857192e-02,-3.097098214285714385e-02,-3.208705357142856845e-02,-3.166852678571428770e-02,-3.194754464285714385e-02,-3.208705357142856845e-02,-3.055245535714285615e-02,-3.236607142857143155e-02,-3.390066964285714385e-02,-3.166852678571428770e-02,-3.194754464285714385e-02,-3.362165178571428770e-02,-3.041294642857142808e-02,-3.390066964285714385e-02,-2.818080357142857192e-02,-3.264508928571428770e-02,-3.278459821428571230e-02,-2.985491071428571577e-02,-3.222656250000000000e-02,-3.152901785714285615e-02,-3.208705357142856845e-02,-3.152901785714285615e-02,-3.027343750000000000e-02,-3.069196428571428423e-02,-3.069196428571428423e-02,-3.208705357142856845e-02,-3.292410714285714385e-02,-3.208705357142856845e-02,-3.194754464285714385e-02,-3.097098214285714385e-02,-3.013392857142857192e-02,-2.971540178571428423e-02,-3.097098214285714385e-02,-3.362165178571428770e-02,-3.278459821428571230e-02,-3.097098214285714385e-02,-3.236607142857143155e-02,-2.887834821428571577e-02,-3.125000000000000000e-02,-3.180803571428571230e-02,-3.125000000000000000e-02,-2.943638392857142808e-02
-1.213727678571428631e-01,-1.224888392857142877e-01,-1.230468750000000000e-01,-1.209542410714285754e-01,-1.205357142857142877e-01,-1.251395089285714246e-01,-1.203962053571428631e-01,-1.219308035714285754e-01,-1.236049107142857123e-01,-1.217912946428571369e-01,-1.215122767857142877e-01,-1.219308035714285754e-01,-1.198381696428571369e-01,-1.231863839285714246e-01,-1.103515625000000000e-01,-1.227678571428571369e-01,-1.217912946428571369e-01,-1.135602678571428631e-01,-1.240234375000000000e-01,-1.233258928571428631e-01,-1.223493303571428631e-01,-1.243024553571428631e-01,-1.209542410714285754e-01,-1.229073660714285754e-01,-1.208147321428571369e-01,-1.248604910714285754e-01,-1.247209821428571369e-01,-1.236049107142857123e-01,-1.220703125000000000e-01,-1.230468750000000000e-01,-1.234654017857142877e-01,-1.107700892857142877e-01,-1.203962053571428631e-01,-1.251395089285714246e-01,-1.237444196428571369e-01,-1.223493303571428631e-01,-1.222098214285714246e-01,-1.114676339285714246e-01,-1.196986607142857123e-01,-1.217912946428571369e-01,-1.215122767857142877e-01,-1.109095982142857123e-01
-3.766741071428571491e-03,-5.161830357142857019e-03,-5.440848214285714038e-03,-3.487723214285714472e-03,-5.301339285714285962e-03,-5.440848214285714038e-03,-3.627232142857142981e-03,-3.906250000000000000e-03,-6.556919642857142981e-03,-4.324776785714285962e-03,-4.324776785714285962e-03,-5.440848214285714038e-03,-3.766741071428571491e-03,-6.696428571428571057e-03,5.022321428571428943e-03,-5.859375000000000000e-03,-5.998883928571428943e-03,3.766741071428571491e-03,-5.301339285714285962e-03,-5.440848214285714038e-03,-3.487723214285714472e-03,-5.301339285714285962e-03,-3.348214285714285528e-03,-4.603794642857142981e-03,-4.324776785714285962e-03,-6.696428571428571057e-03,-5.440848214285714038e-03,-5.301339285714285962e-03,-3.906250000000000000e-03,-4.882812500000000000e-03,-4.045758928571428943e-03,3.906250000000000000e-03,-5.022321428571428943e-03,-6.277901785714285962e-03,-5.301339285714285962e-03,-3.627232142857142981e-03,-5.301339285714285962e-03,3.906250000000000000e-03,-4.743303571428571057e-03,-5.440848214285714038e-03,-4.603794642857142981e-03,3.766741071428571491e-03
6.026785714285714385e-02,5.943080357142856845e-02,5.984933035714285615e-02,5.943080357142856845e-02,5.719866071428571230e-02,6.124441964285714385e-02,6.068638392857143155e-02,6.166294642857143155e-02,5.845424107142856845e-02,6.082589285714285615e-02,6.138392857142856845e-02,5.970982142857143155e-02,5.998883928571428770e-02,5.803571428571428770e-02,6.682477678571428770e-02,5.817522321428571230e-02,5.887276785714285615e-02,6.654575892857142461e-02,5.957031250000000000e-02,5.998883928571428770e-02,6.222098214285714385e-02,6.124441964285714385e-02,6.236049107142856845e-02,6.068638392857143155e-02,6.026785714285714385e-02,5.789620535714285615e-02,6.082589285714285615e-02,5.970982142857143155e-02,6.222098214285714385e-02,6.082589285714285615e-02,6.291852678571428770e-02,6.724330357142857539e-02,5.915178571428571230e-02,6.026785714285714385e-02,6.026785714285714385e-02,6.096540178571428770e-02,5.943080357142856845e-02,6.654575892857142461e-02,5.929129464285714385e-02,6.026785714285714385e-02,5.984933035714285615e-02,6.724330357142857539e-02
2.329799107142857192e-02,2.218191964285714385e-02,2.022879464285714385e-02,2.106584821428571577e-02,2.050781250000000000e-02,2.092633928571428423e-02,2.106584821428571577e-02,1.967075892857142808e-02,1.925223214285714385e-02,2.092633928571428423e-02,2.078683035714285615e-02,1.841517857142857192e-02,2.232142857142857192e-02,1.813616071428571577e-02,2.594866071428571577e-02,2.064732142857142808e-02,1.967075892857142808e-02,2.511160714285714385e-02,2.092633928571428423e-02,2.204241071428571577e-02,2.092633928571428423e-02,2.106584821428571577e-02,2.399553571428571577e-02,2.204241071428571577e-02,2.273995535714285615e-02,2.092633928571428423e-02,2.036830357142857192e-02,2.134486607142857192e-02,2.036830357142857192e-02,2.287946428571428423e-02,2.176339285714285615e-02,2.553013392857142808e-02,2.218191964285714385e-02,1.967075892857142808e-02,2.092633928571428423e-02,2.190290178571428423e-02,2.064732142857142808e-02,2.580915178571428423e-02,2.176339285714285615e-02,2.092633928571428423e-02,2.022879464285714385e-02,2.441406250000000000e-02
-1.068638392857142877e-01,-1.070033482142857123e-01,-1.089564732142857123e-01,-9.319196428571428770e-02,-9.291294642857142461e-02,-1.095145089285714246e-01,-9.361049107142857539e-02,-9.430803571428571230e-02,-1.090959821428571369e-01,-1.057477678571428631e-01,-9.333147321428571230e-02,-9.486607142857142461e-02,-1.054687500000000000e-01,-1.074218750000000000e-01,-9.640066964285713691e-02,-1.081194196428571369e-01,-9.458705357142857539e-02,-9.793526785714286309e-02,-1.081194196428571369e-01,-1.070033482142857123e-01,-9.528459821428571230e-02,-1.088169642857142877e-01,-1.075613839285714246e-01,-1.083984375000000000e-01,-1.058872767857142877e-01,-1.103515625000000000e-01,-1.095145089285714246e-01,-1.081194196428571369e-01,-9.472656250000000000e-02,-1.102120535714285754e-01,-1.075613839285714246e-01,-9.765625000000000000e-02,-1.057477678571428631e-01,-1.114676339285714246e-01,-1.078404017857142877e-01,-1.071428571428571369e-01,-1.075613839285714246e-01,-9.667968750000000000e-02,-1.054687500000000000e-01,-1.064453125000000000e-01,-9.375000000000000000e-02,-9.640066964285713691e-02
5.580357142857142981e-03,4.603794642857142981e-03,3.208705357142857019e-03,1.674107142857142808e-02,1.548549107142857192e-02,4.464285714285714038e-03,1.743861607142857192e-02,1.646205357142857192e-02,2.371651785714285528e-03,5.161830357142857019e-03,1.715959821428571577e-02,1.506696428571428596e-02,4.185267857142857019e-03,3.208705357142857019e-03,1.074218750000000000e-02,2.371651785714285528e-03,1.548549107142857192e-02,1.157924107142857192e-02,3.348214285714285528e-03,4.882812500000000000e-03,1.715959821428571577e-02,4.324776785714285962e-03,5.022321428571428943e-03,4.464285714285714038e-03,5.161830357142857019e-03,2.232142857142857019e-03,4.185267857142857019e-03,3.766741071428571491e-03,1.743861607142857192e-02,3.069196428571428509e-03,5.161830357142857019e-03,1.060267857142857192e-02,4.882812500000000000e-03,2.232142857142857019e-03,5.161830357142857019e-03,5.022321428571428943e-03,4.324776785714285962e-03,1.088169642857142808e-02,4.185267857142857019e-03,4.324776785714285962e-03,1.632254464285714385e-02,1.185825892857142808e-02
6.710379464285713691e-02,6.682477678571428770e-02,6.696428571428571230e-02,7.589285714285713691e-02,7.449776785714286309e-02,6.794084821428571230e-02,7.812500000000000000e-02,7.840401785714286309e-02,6.459263392857142461e-02,6.780133928571428770e-02,7.756696428571428770e-02,7.645089285714286309e-02,6.612723214285713691e-02,6.501116071428571230e-02,7.142857142857142461e-02,6.403459821428571230e-02,7.603236607142857539e-02,7.268415178571428770e-02,6.654575892857142461e-02,6.640625000000000000e-02,7.868303571428571230e-02,6.808035714285713691e-02,6.794084821428571230e-02,6.752232142857142461e-02,6.640625000000000000e-02,6.473214285714286309e-02,6.710379464285713691e-02,6.612723214285713691e-02,7.882254464285713691e-02,6.654575892857142461e-02,7.017299107142857539e-02,7.059151785714286309e-02,6.501116071428571230e-02,6.766183035714286309e-02,6.863839285714286309e-02,6.808035714285713691e-02,6.668526785714286309e-02,7.156808035714286309e-02,6.459263392857142461e-02,6.766183035714286309e-02,7.659040178571428770e-02,7.282366071428571230e-02
2.804129464285714385e-02,2.776227678571428423e-02,2.511160714285714385e-02,3.376116071428571230e-02,3.320312500000000000e-02,2.664620535714285615e-02,3.320312500000000000e-02,3.222656250000000000e-02,2.357700892857142808e-02,2.650669642857142808e-02,3.404017857142856845e-02,3.083147321428571577e-02,2.608816964285714385e-02,2.399553571428571577e-02,2.859933035714285615e-02,2.483258928571428423e-02,3.236607142857143155e-02,2.971540178571428423e-02,2.608816964285714385e-02,2.790178571428571577e-02,3.348214285714285615e-02,2.608816964285714385e-02,2.776227678571428423e-02,2.734375000000000000e-02,2.762276785714285615e-02,2.594866071428571577e-02,2.608816964285714385e-02,2.636718750000000000e-02,3.362165178571428770e-02,2.678571428571428423e-02,2.748325892857142808e-02,2.915736607142857192e-02,2.706473214285714385e-02,2.497209821428571577e-02,2.706473214285714385e-02,2.650669642857142808e-02,2.594866071428571577e-02,2.929687500000000000e-02,2.650669642857142808e-02,2.622767857142857192e-02,3.334263392857143155e-02,2.873883928571428423e-02
-7.407924107142857539e-02,-7.393973214285713691e-02,-7.366071428571428770e-02,-6.668526785714286309e-02,-6.668526785714286309e-02,-7.686941964285713691e-02,-6.654575892857142461e-02,-6.835937500000000000e-02,-7.686941964285713691e-02,-7.268415178571428770e-02,-6.891741071428571230e-02,-6.919642857142857539e-02,-7.226562500000000000e-02,-7.449776785714286309e-02,-7.212611607142857539e-02,-7.659040178571428770e-02,-6.877790178571428770e-02,-7.184709821428571230e-02,-7.324218750000000000e-02,-7.505580357142857539e-02,-6.780133928571428770e-02,-7.463727678571428770e-02,-7.421875000000000000e-02,-7.547433035714286309e-02,-7.184709821428571230e-02,-7.561383928571428770e-02,-7.477678571428571230e-02,-7.449776785714286309e-02,-6.849888392857142461e-02,-7.477678571428571230e-02,-7.268415178571428770e-02,-7.324218750000000000e-02,-7.184709821428571230e-02,-7.742745535714286309e-02,-7.533482142857142461e-02,-7.449776785714286309e-02,-7.505580357142857539e-02,-7.198660714285713691e-02,-7.310267857142857539e-02,-7.463727678571428770e-02,-6.780133928571428770e-02,-7.184709821428571230e-02
3.501674107142856845e-02,3.362165178571428770e-02,3.501674107142856845e-02,3.948102678571428770e-02,3.822544642857143155e-02,3.362165178571428770e-02,4.003906250000000000e-02,3.836495535714285615e-02,3.250558035714285615e-02,3.501674107142856845e-02,3.864397321428571230e-02,3.752790178571428770e-02,3.487723214285714385e-02,3.222656250000000000e-02,3.376116071428571230e-02,3.166852678571428770e-02,3.794642857142856845e-02,3.515625000000000000e-02,3.515625000000000000e-02,3.473772321428571230e-02,3.976004464285714385e-02,3.501674107142856845e-02,3.431919642857143155e-02,3.445870535714285615e-02,3.585379464285714385e-02,3.320312500000000000e-02,3.445870535714285615e-02,3.348214285714285615e-02,3.976004464285714385e-02,3.515625000000000000e-02,3.641183035714285615e-02,3.390066964285714385e-02,3.515625000000000000e-02,3.306361607142856845e-02,3.334263392857143155e-02,3.404017857142856845e-02,3.250558035714285615e-02,3.487723214285714385e-02,3.348214285714285615e-02,3.404017857142856845e-02,3.878348214285714385e-02,3.487723214285714385e-02
9.570312500000000000e-02,9.458705357142857539e-02,9.584263392857142461e-02,9.849330357142857539e-02,9.681919642857142461e-02,9.598214285714286309e-02,1.003069196428571369e-01,9.974888392857142461e-02,9.305245535714286309e-02,9.514508928571428770e-02,9.821428571428571230e-02,9.737723214285713691e-02,9.528459821428571230e-02,9.249441964285713691e-02,9.305245535714286309e-02,9.221540178571428770e-02,9.737723214285713691e-02,9.598214285714286309e-02,9.584263392857142461e-02,9.570312500000000000e-02,1.007254464285714246e-01,9.709821428571428770e-02,9.612165178571428770e-02,9.654017857142857539e-02,9.556361607142857539e-02,9.388950892857142461e-02,9.626116071428571230e-02,9.514508928571428770e-02,1.010044642857142877e-01,9.765625000000000000e-02,9.891183035714286309e-02,9.305245535714286309e-02,9.388950892857142461e-02,9.626116071428571230e-02,9.472656250000000000e-02,9.430803571428571230e-02,9.333147321428571230e-02,9.430803571428571230e-02,9.263392857142857539e-02,9.556361607142857539e-02,9.835379464285713691e-02,9.458705357142857539e-02
4.840959821428571230e-02,4.840959821428571230e-02,4.785156250000000000e-02,4.994419642857143155e-02,4.966517857142856845e-02,4.743303571428571230e-02,5.036272321428571230e-02,4.827008928571428770e-02,4.561941964285714385e-02,4.799107142857143155e-02,5.022321428571428770e-02,4.729352678571428770e-02,4.813058035714285615e-02,4.575892857142856845e-02,4.506138392857143155e-02,4.575892857142856845e-02,4.854910714285714385e-02,4.673549107142856845e-02,4.896763392857143155e-02,4.868861607142856845e-02,5.078125000000000000e-02,4.882812500000000000e-02,4.966517857142856845e-02,4.854910714285714385e-02,5.078125000000000000e-02,4.785156250000000000e-02,4.771205357142856845e-02,4.785156250000000000e-02,5.050223214285714385e-02,4.910714285714285615e-02,4.966517857142856845e-02,4.589843750000000000e-02,4.924665178571428770e-02,4.631696428571428770e-02,4.743303571428571230e-02,4.771205357142856845e-02,4.687500000000000000e-02,4.645647321428571230e-02,4.771205357142856845e-02,4.785156250000000000e-02,4.994419642857143155e-02,4.631696428571428770e-02
-7.352120535714286309e-02,-7.533482142857142461e-02,-7.561383928571428770e-02,-7.156808035714286309e-02,-7.184709821428571230e-02,-7.770647321428571230e-02,-7.170758928571428770e-02,-7.282366071428571230e-02,-7.603236607142857539e-02,-7.268415178571428770e-02,-7.352120535714286309e-02,-7.310267857142857539e-02,-7.226562500000000000e-02,-7.589285714285713691e-02,-7.700892857142857539e-02,-7.645089285714286309e-02,-7.380022321428571230e-02,-7.645089285714286309e-02,-7.407924107142857539e-02,-7.714843750000000000e-02,-7.254464285714286309e-02,-7.449776785714286309e-02,-7.505580357142857539e-02,-7.533482142857142461e-02,-7.254464285714286309e-02,-7.686941964285713691e-02,-7.491629464285713691e-02,-7.589285714285713691e-02,-7.296316964285713691e-02,-7.449776785714286309e-02,-7.407924107142857539e-02,-7.770647321428571230e-02,-7.142857142857142461e-02,-7.770647321428571230e-02,-7.645089285714286309e-02,-7.533482142857142461e-02,-7.561383928571428770e-02,-7.672991071428571230e-02,-7.338169642857142461e-02,-7.449776785714286309e-02,-7.254464285714286309e-02,-7.505580357142857539e-02
3.334263392857143155e-02,3.138950892857143155e-02,3.222656250000000000e-02,3.320312500000000000e-02,3.166852678571428770e-02,3.125000000000000000e-02,3.390066964285714385e-02,3.320312500000000000e-02,3.069196428571428423e-02,3.222656250000000000e-02,3.236607142857143155e-02,3.250558035714285615e-02,3.264508928571428770e-02,2.929687500000000000e-02,2.832031250000000000e-02,2.985491071428571577e-02,3.111049107142857192e-02,2.971540178571428423e-02,3.236607142857143155e-02,3.097098214285714385e-02,3.348214285714285615e-02,3.376116071428571230e-02,3.236607142857143155e-02,3.278459821428571230e-02,3.362165178571428770e-02,2.901785714285714385e-02,3.292410714285714385e-02,3.083147321428571577e-02,3.459821428571428770e-02,3.362165178571428770e-02,3.431919642857143155e-02,2.845982142857142808e-02,3.417968750000000000e-02,3.069196428571428423e-02,3.013392857142857192e-02,3.194754464285714385e-02,3.041294642857142808e-02,2.901785714285714385e-02,3.097098214285714385e-02,3.208705357142856845e-02,3.236607142857143155e-02,3.125000000000000000e-02
9.277343750000000000e-02,8.984375000000000000e-02,9.151785714285713691e-02,9.179687500000000000e-02,8.970424107142857539e-02,9.235491071428571230e-02,9.277343750000000000e-02,9.319196428571428770e-02,9.012276785714286309e-02,9.109933035714286309e-02,9.123883928571428770e-02,9.123883928571428770e-02,9.137834821428571230e-02,8.789062500000000000e-02,8.719308035714286309e-02,8.942522321428571230e-02,8.956473214285713691e-02,8.928571428571428770e-02,9.193638392857142461e-02,9.179687500000000000e-02,9.388950892857142461e-02,9.361049107142857539e-02,9.221540178571428770e-02,9.291294642857142461e-02,9.193638392857142461e-02,8.914620535714286309e-02,9.333147321428571230e-02,9.095982142857142461e-02,9.402901785714286309e-02,9.375000000000000000e-02,9.458705357142857539e-02,8.691406250000000000e-02,9.137834821428571230e-02,9.235491071428571230e-02,9.040178571428571230e-02,9.082031250000000000e-02,8.998325892857142461e-02,8.691406250000000000e-02,8.914620535714286309e-02,9.165736607142857539e-02,9.207589285714286309e-02,8.928571428571428770e-02
4.645647321428571230e-02,4.506138392857143155e-02,4.478236607142856845e-02,4.380580357142856845e-02,4.380580357142856845e-02,4.436383928571428770e-02,4.464285714285714385e-02,4.310825892857143155e-02,4.268973214285714385e-02,4.575892857142856845e-02,4.366629464285714385e-02,4.282924107142856845e-02,4.506138392857143155e-02,4.199218750000000000e-02,4.045758928571428770e-02,4.255022321428571230e-02,4.310825892857143155e-02,4.157366071428571230e-02,4.561941964285714385e-02,4.492187500000000000e-02,4.492187500000000000e-02,4.547991071428571230e-02,4.673549107142856845e-02,4.506138392857143155e-02,4.729352678571428770e-02,4.408482142857143155e-02,4.464285714285714385e-02,4.436383928571428770e-02,4.464285714285714385e-02,4.631696428571428770e-02,4.603794642857143155e-02,4.115513392857143155e-02,4.603794642857143155e-02,4.394531250000000000e-02,4.436383928571428770e-02,4.380580357142856845e-02,4.394531250000000000e-02,4.073660714285714385e-02,4.464285714285714385e-02,4.506138392857143155e-02,4.380580357142856845e-02,4.157366071428571230e-02
-3.417968750000000000e-02,-3.571428571428571230e-02,-3.683035714285714385e-02,-3.599330357142856845e-02,-3.557477678571428770e-02,-3.920200892857143155e-02,-3.627232142857143155e-02,-3.850446428571428770e-02,-3.850446428571428770e-02,-3.515625000000000000e-02,-3.808593750000000000e-02,-3.766741071428571230e-02,-3.487723214285714385e-02,-3.738839285714285615e-02,-3.962053571428571230e-02,-3.724888392857143155e-02,-3.738839285714285615e-02,-3.962053571428571230e-02,-3.515625000000000000e-02,-3.683035714285714385e-02,-3.724888392857143155e-02,-3.543526785714285615e-02,-3.473772321428571230e-02,-3.501674107142856845e-02,-3.376116071428571230e-02,-3.696986607142856845e-02,-3.613281250000000000e-02,-3.669084821428571230e-02,-3.780691964285714385e-02,-3.515625000000000000e-02,-3.487723214285714385e-02,-4.073660714285714385e-02,-3.320312500000000000e-02,-3.808593750000000000e-02,-3.710937500000000000e-02,-3.669084821428571230e-02,-3.724888392857143155e-02,-4.045758928571428770e-02,-3.501674107142856845e-02,-3.683035714285714385e-02,-3.585379464285714385e-02,-3.822544642857143155e-02
6.989397321428571230e-02,6.919642857142857539e-02,6.905691964285713691e-02,6.738281250000000000e-02,6.668526785714286309e-02,6.877790178571428770e-02,6.821986607142857539e-02,6.724330357142857539e-02,6.682477678571428770e-02,6.947544642857142461e-02,6.668526785714286309e-02,6.654575892857142461e-02,6.975446428571428770e-02,6.584821428571428770e-02,6.361607142857142461e-02,6.682477678571428770e-02,6.487165178571428770e-02,6.529017857142857539e-02,7.003348214285713691e-02,6.863839285714286309e-02,6.835937500000000000e-02,7.087053571428571230e-02,7.031250000000000000e-02,7.003348214285713691e-02,7.114955357142857539e-02,6.808035714285713691e-02,7.003348214285713691e-02,6.863839285714286309e-02,6.877790178571428770e-02,7.101004464285713691e-02,7.059151785714286309e-02,6.333705357142857539e-02,6.961495535714286309e-02,6.891741071428571230e-02,6.752232142857142461e-02,6.835937500000000000e-02,6.696428571428571230e-02,6.431361607142857539e-02,6.821986607142857539e-02,6.891741071428571230e-02,6.696428571428571230e-02,6.570870535714286309e-02
1.236049107142857123e-01,1.213727678571428631e-01,1.233258928571428631e-01,1.203962053571428631e-01,1.178850446428571369e-01,1.236049107142857123e-01,1.213727678571428631e-01,1.208147321428571369e-01,1.209542410714285754e-01,1.226283482142857123e-01,1.202566964285714246e-01,1.196986607142857123e-01,1.230468750000000000e-01,1.192801339285714246e-01,1.169084821428571369e-01,1.196986607142857123e-01,1.181640625000000000e-01,1.185825892857142877e-01,1.236049107142857123e-01,1.227678571428571369e-01,1.230468750000000000e-01,1.250000000000000000e-01,1.244419642857142877e-01,1.240234375000000000e-01,1.233258928571428631e-01,1.213727678571428631e-01,1.237444196428571369e-01,1.226283482142857123e-01,1.226283482142857123e-01,1.256975446428571508e-01,1.248604910714285754e-01,1.174665178571428631e-01,1.224888392857142877e-01,1.236049107142857123e-01,1.217912946428571369e-01,1.215122767857142877e-01,1.209542410714285754e-01,1.166294642857142877e-01,1.205357142857142877e-01,1.223493303571428631e-01,1.202566964285714246e-01,1.181640625000000000e-01
7.003348214285713691e-02,6.975446428571428770e-02,6.919642857142857539e-02,6.626674107142857539e-02,6.710379464285713691e-02,6.877790178571428770e-02,6.738281250000000000e-02,6.570870535714286309e-02,6.752232142857142461e-02,6.961495535714286309e-02,6.654575892857142461e-02,6.501116071428571230e-02,6.933593750000000000e-02,6.626674107142857539e-02,6.389508928571428770e-02,6.724330357142857539e-02,6.612723214285713691e-02,6.542968750000000000e-02,7.017299107142857539e-02,6.947544642857142461e-02,6.766183035714286309e-02,6.989397321428571230e-02,7.156808035714286309e-02,7.031250000000000000e-02,7.114955357142857539e-02,6.919642857142857539e-02,6.919642857142857539e-02,6.919642857142857539e-02,6.738281250000000000e-02,7.087053571428571230e-02,7.087053571428571230e-02,6.347656250000000000e-02,7.045200892857142461e-02,6.835937500000000000e-02,6.849888392857142461e-02,6.808035714285713691e-02,6.780133928571428770e-02,6.361607142857142461e-02,6.821986607142857539e-02,6.877790178571428770e-02,6.710379464285713691e-02,6.459263392857142461e-02
-6.570870535714286309e-02,-6.654575892857142461e-02,-6.529017857142857539e-02,-6.682477678571428770e-02,-6.752232142857142461e-02,-6.766183035714286309e-02,-6.640625000000000000e-02,-6.835937500000000000e-02,-6.682477678571428770e-02,-6.417410714285713691e-02,-6.808035714285713691e-02,-6.738281250000000000e-02,-6.236049107142856845e-02,-6.710379464285713691e-02,-6.933593750000000000e-02,-6.570870535714286309e-02,-6.682477678571428770e-02,-7.128906250000000000e-02,-6.556919642857142461e-02,-6.835937500000000000e-02,-6.835937500000000000e-02,-6.529017857142857539e-02,-6.668526785714286309e-02,-6.682477678571428770e-02,-6.389508928571428770e-02,-6.738281250000000000e-02,-6.542968750000000000e-02,-6.738281250000000000e-02,-6.849888392857142461e-02,-6.487165178571428770e-02,-6.361607142857142461e-02,-7.254464285714286309e-02,-6.319754464285713691e-02,-6.766183035714286309e-02,-6.849888392857142461e-02,-6.710379464285713691e-02,-6.724330357142857539e-02,-7.087053571428571230e-02,-6.598772321428571230e-02,-6.515066964285713691e-02,-6.724330357142857539e-02,-6.780133928571428770e-02
-2.762276785714285615e-02,-2.762276785714285615e-02,-2.594866071428571577e-02,-2.804129464285714385e-02,-2.971540178571428423e-02,-2.762276785714285615e-02,-2.706473214285714385e-02,-2.929687500000000000e-02,-2.776227678571428423e-02,-2.497209821428571577e-02,-2.999441964285714385e-02,-2.901785714285714385e-02,-2.371651785714285615e-02,-2.915736607142857192e-02,-3.055245535714285615e-02,-2.790178571428571577e-02,-2.915736607142857192e-02,-3.278459821428571230e-02,-2.608816964285714385e-02,-2.873883928571428423e-02,-2.873883928571428423e-02,-2.511160714285714385e-02,-2.692522321428571577e-02,-2.734375000000000000e-02,-2.636718750000000000e-02,-2.859933035714285615e-02,-2.580915178571428423e-02,-2.776227678571428423e-02,-2.901785714285714385e-02,-2.483258928571428423e-02,-2.385602678571428423e-02,-3.376116071428571230e-02,-2.553013392857142808e-02,-2.706473214285714385e-02,-2.971540178571428423e-02,-2.776227678571428423e-02,-2.859933035714285615e-02,-3.125000000000000000e-02,-2.734375000000000000e-02,-2.664620535714285615e-02,-2.859933035714285615e-02,-2.915736607142857192e-02
2.608816964285714385e-02,2.483258928571428423e-02,2.804129464285714385e-02,2.385602678571428423e-02,2.106584821428571577e-02,2.776227678571428423e-02,2.553013392857142808e-02,2.497209821428571577e-02,2.594866071428571577e-02,2.720424107142857192e-02,2.413504464285714385e-02,2.497209821428571577e-02,2.845982142857142808e-02,2.413504464285714385e-02,2.148437500000000000e-02,2.483258928571428423e-02,2.301897321428571577e-02,2.036830357142857192e-02,2.804129464285714385e-02,2.469308035714285615e-02,2.539062500000000000e-02,2.901785714285714385e-02,2.720424107142857192e-02,2.720424107142857192e-02,2.706473214285714385e-02,2.427455357142857192e-02,2.720424107142857192e-02,2.636718750000000000e-02,2.469308035714285615e-02,2.873883928571428423e-02,2.971540178571428423e-02,2.120535714285714385e-02,2.706473214285714385e-02,2.734375000000000000e-02,2.469308035714285615e-02,2.539062500000000000e-02,2.566964285714285615e-02,2.106584821428571577e-02,2.441406250000000000e-02,2.706473214285714385e-02,2.441406250000000000e-02,2.246093750000000000e-02
-1.450892857142857192e-02,-1.436941964285714211e-02,-1.422991071428571404e-02,-1.729910714285714385e-02,-1.785714285714285615e-02,-1.464843750000000000e-02,-1.688058035714285615e-02,-1.827566964285714385e-02,-1.632254464285714385e-02,-1.381138392857142808e-02,-1.785714285714285615e-02,-1.925223214285714385e-02,-1.269531250000000000e-02,-1.715959821428571577e-02,-1.883370535714285615e-02,-1.534598214285714211e-02,-1.729910714285714385e-02,-2.078683035714285615e-02,-1.520647321428571404e-02,-1.660156250000000000e-02,-1.855468750000000000e-02,-1.436941964285714211e-02,-1.422991071428571404e-02,-1.422991071428571404e-02,-1.325334821428571404e-02,-1.548549107142857192e-02,-1.506696428571428596e-02,-1.534598214285714211e-02,-1.757812500000000000e-02,-1.311383928571428596e-02,-1.297433035714285789e-02,-2.120535714285714385e-02,-1.353236607142857192e-02,-1.576450892857142808e-02,-1.646205357142857192e-02,-1.534598214285714211e-02,-1.548549107142857192e-02,-2.064732142857142808e-02,-1.520647321428571404e-02,-1.464843750000000000e-02,-1.660156250000000000e-02,-1.911272321428571577e-02
-1.866629464285714246e-01,-1.869419642857142738e-01,-1.827566964285714246e-01,-1.854073660714285754e-01,-1.858258928571428492e-01,-1.881975446428571508e-01,-1.852678571428571508e-01,-1.876395089285714246e-01,-1.849888392857142738e-01,-1.812220982142857262e-01,-1.886160714285714246e-01,-1.845703125000000000e-01,-1.798270089285714246e-01,-1.845703125000000000e-01,-1.880580357142857262e-01,-1.849888392857142738e-01,-1.854073660714285754e-01,-1.919642857142857262e-01,-1.854073660714285754e-01,-1.894531250000000000e-01,-1.887555803571428492e-01,-1.847098214285714246e-01,-1.876395089285714246e-01,-1.884765625000000000e-01,-1.833147321428571508e-01,-1.888950892857142738e-01,-1.835937500000000000e-01,-1.872209821428571508e-01,-1.884765625000000000e-01,-1.835937500000000000e-01,-1.816406250000000000e-01,-1.932198660714285754e-01,-1.806640625000000000e-01,-1.869419642857142738e-01,-1.905691964285714246e-01,-1.868024553571428492e-01,-1.869419642857142738e-01,-1.907087053571428492e-01,-1.847098214285714246e-01,-1.835937500000000000e-01,-1.866629464285714246e-01,-1.847098214285714246e-01
-1.049107142857142877e-01,-1.063058035714285754e-01,-1.017020089285714246e-01,-1.043526785714285754e-01,-1.070033482142857123e-01,-1.061662946428571369e-01,-1.044921875000000000e-01,-1.060267857142857123e-01,-1.039341517857142877e-01,-1.014229910714285754e-01,-1.079799107142857123e-01,-1.054687500000000000e-01,-1.005859375000000000e-01,-1.049107142857142877e-01,-1.083984375000000000e-01,-1.046316964285714246e-01,-1.067243303571428631e-01,-1.104910714285714246e-01,-1.036551339285714246e-01,-1.075613839285714246e-01,-1.071428571428571369e-01,-1.019810267857142877e-01,-1.054687500000000000e-01,-1.056082589285714246e-01,-1.030970982142857123e-01,-1.070033482142857123e-01,-1.019810267857142877e-01,-1.057477678571428631e-01,-1.072823660714285754e-01,-1.025390625000000000e-01,-1.005859375000000000e-01,-1.117466517857142877e-01,-1.019810267857142877e-01,-1.047712053571428631e-01,-1.081194196428571369e-01,-1.043526785714285754e-01,-1.053292410714285754e-01,-1.090959821428571369e-01,-1.044921875000000000e-01,-1.026785714285714246e-01,-1.061662946428571369e-01,-1.061662946428571369e-01
-3.348214285714285615e-02,-3.459821428571428770e-02,-3.013392857142857192e-02,-3.459821428571428770e-02,-3.794642857142856845e-02,-3.152901785714285615e-02,-3.362165178571428770e-02,-3.320312500000000000e-02,-3.166852678571428770e-02,-3.083147321428571577e-02,-3.529575892857143155e-02,-3.362165178571428770e-02,-2.971540178571428423e-02,-3.362165178571428770e-02,-3.724888392857143155e-02,-3.334263392857143155e-02,-3.557477678571428770e-02,-3.934151785714285615e-02,-3.166852678571428770e-02,-3.501674107142856845e-02,-3.445870535714285615e-02,-3.069196428571428423e-02,-3.250558035714285615e-02,-3.250558035714285615e-02,-3.166852678571428770e-02,-3.501674107142856845e-02,-3.125000000000000000e-02,-3.376116071428571230e-02,-3.431919642857143155e-02,-2.943638392857142808e-02,-2.901785714285714385e-02,-3.822544642857143155e-02,-3.125000000000000000e-02,-3.152901785714285615e-02,-3.529575892857143155e-02,-3.334263392857143155e-02,-3.250558035714285615e-02,-3.780691964285714385e-02,-3.417968750000000000e-02,-3.097098214285714385e-02,-3.431919642857143155e-02,-3.585379464285714385e-02
-5.719866071428571230e-02,-5.733816964285714385e-02,-5.691964285714285615e-02,-5.998883928571428770e-02,-5.984933035714285615e-02,-5.873325892857143155e-02,-5.970982142857143155e-02,-6.166294642857143155e-02,-5.873325892857143155e-02,-5.650111607142856845e-02,-6.068638392857143155e-02,-6.138392857142856845e-02,-5.538504464285714385e-02,-5.901227678571428770e-02,-6.194196428571428770e-02,-5.845424107142856845e-02,-5.970982142857143155e-02,-6.445312500000000000e-02,-5.789620535714285615e-02,-5.943080357142856845e-02,-6.138392857142856845e-02,-5.775669642857143155e-02,-5.733816964285714385e-02,-5.845424107142856845e-02,-5.594308035714285615e-02,-5.803571428571428770e-02,-5.678013392857143155e-02,-5.831473214285714385e-02,-6.110491071428571230e-02,-5.594308035714285615e-02,-5.496651785714285615e-02,-6.417410714285713691e-02,-5.594308035714285615e-02,-5.817522321428571230e-02,-5.998883928571428770e-02,-5.887276785714285615e-02,-5.901227678571428770e-02,-6.319754464285713691e-02,-5.747767857142856845e-02,-5.705915178571428770e-02,-5.998883928571428770e-02,-6.124441964285714385e-02
-2.467912946428571508e-01,-2.470703125000000000e-01,-2.398158482142857262e-01,-2.437220982142857262e-01,-2.438616071428571508e-01,-2.477678571428571508e-01,-2.440011160714285754e-01,-2.462332589285714246e-01,-2.435825892857142738e-01,-2.399553571428571508e-01,-2.497209821428571508e-01,-2.431640625000000000e-01,-2.378627232142857262e-01,-2.424665178571428492e-01,-2.473493303571428492e-01,-2.452566964285714246e-01,-2.445591517857142738e-01,-2.512555803571428492e-01,-2.430245535714285754e-01,-2.480468750000000000e-01,-2.479073660714285754e-01,-2.434430803571428492e-01,-2.479073660714285754e-01,-2.484654017857142738e-01,-2.427455357142857262e-01,-2.476283482142857262e-01,-2.423270089285714246e-01,-2.460937500000000000e-01,-2.466517857142857262e-01,-2.421875000000000000e-01,-2.395368303571428492e-01,-2.532087053571428492e-01,-2.402343750000000000e-01,-2.458147321428571508e-01,-2.497209821428571508e-01,-2.453962053571428492e-01,-2.453962053571428492e-01,-2.490234375000000000e-01,-2.427455357142857262e-01,-2.420479910714285754e-01,-2.449776785714285754e-01,-2.430245535714285754e-01
-1.460658482142857262e-01,-1.470424107142857262e-01,-1.421595982142857262e-01,-1.457868303571428492e-01,-1.477399553571428492e-01,-1.471819196428571508e-01,-1.453683035714285754e-01,-1.474609375000000000e-01,-1.446707589285714246e-01,-1.428571428571428492e-01,-1.487165178571428492e-01,-1.466238839285714246e-01,-1.402064732142857262e-01,-1.449497767857142738e-01,-1.491350446428571508e-01,-1.457868303571428492e-01,-1.463448660714285754e-01,-1.517857142857142738e-01,-1.443917410714285754e-01,-1.480189732142857262e-01,-1.484375000000000000e-01,-1.445312500000000000e-01,-1.476004464285714246e-01,-1.473214285714285754e-01,-1.442522321428571508e-01,-1.474609375000000000e-01,-1.436941964285714246e-01,-1.464843750000000000e-01,-1.484375000000000000e-01,-1.431361607142857262e-01,-1.424386160714285754e-01,-1.531808035714285754e-01,-1.432756696428571508e-01,-1.462053571428571508e-01,-1.495535714285714246e-01,-1.462053571428571508e-01,-1.459263392857142738e-01,-1.503906250000000000e-01,-1.452287946428571508e-01,-1.439732142857142738e-01,-1.474609375000000000e-01,-1.464843750000000000e-01
-6.821986607142857539e-02,-6.933593750000000000e-02,-6.473214285714286309e-02,-6.947544642857142461e-02,-7.240513392857142461e-02,-6.654575892857142461e-02,-6.808035714285713691e-02,-6.821986607142857539e-02,-6.710379464285713691e-02,-6.626674107142857539e-02,-7.045200892857142461e-02,-6.975446428571428770e-02,-6.417410714285713691e-02,-6.794084821428571230e-02,-7.268415178571428770e-02,-6.961495535714286309e-02,-6.975446428571428770e-02,-7.463727678571428770e-02,-6.682477678571428770e-02,-7.003348214285713691e-02,-6.975446428571428770e-02,-6.682477678571428770e-02,-6.863839285714286309e-02,-6.738281250000000000e-02,-6.682477678571428770e-02,-6.933593750000000000e-02,-6.654575892857142461e-02,-6.863839285714286309e-02,-7.017299107142857539e-02,-6.473214285714286309e-02,-6.403459821428571230e-02,-7.449776785714286309e-02,-6.710379464285713691e-02,-6.668526785714286309e-02,-7.017299107142857539e-02,-6.849888392857142461e-02,-6.696428571428571230e-02,-7.156808035714286309e-02,-6.849888392857142461e-02,-6.598772321428571230e-02,-6.919642857142857539e-02,-7.045200892857142461e-02
-8.468191964285713691e-02,-8.537946428571428770e-02,-8.412388392857142461e-02,-8.705357142857142461e-02,-8.775111607142857539e-02,-8.565848214285713691e-02,-8.677455357142857539e-02,-8.816964285714286309e-02,-8.565848214285713691e-02,-8.384486607142857539e-02,-8.886718750000000000e-02,-8.858816964285713691e-02,-8.203125000000000000e-02,-8.593750000000000000e-02,-8.956473214285713691e-02,-8.565848214285713691e-02,-8.677455357142857539e-02,-9.165736607142857539e-02,-8.426339285714286309e-02,-8.663504464285713691e-02,-8.844866071428571230e-02,-8.440290178571428770e-02,-8.510044642857142461e-02,-8.579799107142857539e-02,-8.356584821428571230e-02,-8.537946428571428770e-02,-8.454241071428571230e-02,-8.579799107142857539e-02,-8.844866071428571230e-02,-8.300781250000000000e-02,-8.231026785714286309e-02,-9.151785714285713691e-02,-8.370535714285713691e-02,-8.565848214285713691e-02,-8.663504464285713691e-02,-8.663504464285713691e-02,-8.663504464285713691e-02,-8.956473214285713691e-02,-8.426339285714286309e-02,-8.510044642857142461e-02,-8.816964285714286309e-02,-8.872767857142857539e-02
-2.170758928571428492e-01,-2.183314732142857262e-01,-2.154017857142857262e-01,-2.186104910714285754e-01,-2.183314732142857262e-01,-2.188895089285714246e-01,-2.183314732142857262e-01,-2.209821428571428492e-01,-2.186104910714285754e-01,-2.141462053571428492e-01,-2.216796875000000000e-01,-2.191685267857142738e-01,-2.119140625000000000e-01,-2.165178571428571508e-01,-2.208426339285714246e-01,-2.169363839285714246e-01,-2.183314732142857262e-01,-2.243303571428571508e-01,-2.176339285714285754e-01,-2.201450892857142738e-01,-2.219587053571428492e-01,-2.177734375000000000e-01,-2.194475446428571508e-01,-2.197265625000000000e-01,-2.165178571428571508e-01,-2.184709821428571508e-01,-2.162388392857142738e-01,-2.183314732142857262e-01,-2.202845982142857262e-01,-2.155412946428571508e-01,-2.138671875000000000e-01,-2.257254464285714246e-01,-2.151227678571428492e-01,-2.186104910714285754e-01,-2.204241071428571508e-01,-2.179129464285714246e-01,-2.186104910714285754e-01,-2.214006696428571508e-01,-2.159598214285714246e-01,-2.159598214285714246e-01,-2.187500000000000000e-01,-2.202845982142857262e-01
-8.258928571428571230e-02,-8.286830357142857539e-02,-8.105468750000000000e-02,-8.551897321428571230e-02,-8.579799107142857539e-02,-8.272879464285713691e-02,-8.412388392857142461e-02,-8.621651785714286309e-02,-8.370535714285713691e-02,-8.217075892857142461e-02,-8.565848214285713691e-02,-8.649553571428571230e-02,-7.979910714285713691e-02,-8.314732142857142461e-02,-8.747209821428571230e-02,-8.356584821428571230e-02,-8.537946428571428770e-02,-8.914620535714286309e-02,-8.091517857142857539e-02,-8.356584821428571230e-02,-8.510044642857142461e-02,-8.231026785714286309e-02,-8.231026785714286309e-02,-8.328683035714286309e-02,-8.105468750000000000e-02,-8.258928571428571230e-02,-8.203125000000000000e-02,-8.328683035714286309e-02,-8.579799107142857539e-02,-8.007812500000000000e-02,-7.993861607142857539e-02,-8.872767857142857539e-02,-8.175223214285713691e-02,-8.258928571428571230e-02,-8.482142857142857539e-02,-8.342633928571428770e-02,-8.328683035714286309e-02,-8.803013392857142461e-02,-8.300781250000000000e-02,-8.203125000000000000e-02,-8.551897321428571230e-02,-8.607700892857142461e-02
-5.440848214285714038e-03,-5.440848214285714038e-03,-4.603794642857142981e-03,-9.347098214285714038e-03,-1.171875000000000000e-02,-3.208705357142857019e-03,-7.812500000000000000e-03,-7.812500000000000000e-03,-6.556919642857142981e-03,-6.417410714285714038e-03,-8.091517857142857886e-03,-9.765625000000000000e-03,-3.906250000000000000e-03,-8.091517857142857886e-03,-1.046316964285714211e-02,-7.393973214285714038e-03,-9.347098214285714038e-03,-1.130022321428571404e-02,-3.906250000000000000e-03,-6.417410714285714038e-03,-8.091517857142857886e-03,-4.045758928571428943e-03,-4.324776785714285962e-03,-4.045758928571428943e-03,-4.185267857142857019e-03,-5.859375000000000000e-03,-5.719866071428571057e-03,-7.114955357142857019e-03,-8.510044642857142114e-03,-2.790178571428571491e-03,-3.487723214285714472e-03,-1.116071428571428596e-02,-6.417410714285714038e-03,-4.464285714285714038e-03,-6.835937500000000000e-03,-6.138392857142857019e-03,-5.859375000000000000e-03,-1.032366071428571404e-02,-7.672991071428571057e-03,-4.045758928571428943e-03,-8.510044642857142114e-03,-1.157924107142857192e-02
-2.762276785714285615e-02,-2.734375000000000000e-02,-2.804129464285714385e-02,-3.180803571428571230e-02,-3.180803571428571230e-02,-2.887834821428571577e-02,-3.013392857142857192e-02,-3.264508928571428770e-02,-2.999441964285714385e-02,-2.804129464285714385e-02,-3.152901785714285615e-02,-3.306361607142856845e-02,-2.650669642857142808e-02,-3.027343750000000000e-02,-3.445870535714285615e-02,-2.901785714285714385e-02,-3.138950892857143155e-02,-3.362165178571428770e-02,-2.804129464285714385e-02,-2.845982142857142808e-02,-3.166852678571428770e-02,-2.776227678571428423e-02,-2.734375000000000000e-02,-2.915736607142857192e-02,-2.636718750000000000e-02,-2.804129464285714385e-02,-2.790178571428571577e-02,-2.818080357142857192e-02,-3.069196428571428423e-02,-2.636718750000000000e-02,-2.636718750000000000e-02,-3.431919642857143155e-02,-2.762276785714285615e-02,-2.873883928571428423e-02,-2.901785714285714385e-02,-2.887834821428571577e-02,-2.929687500000000000e-02,-3.278459821428571230e-02,-2.804129464285714385e-02,-2.859933035714285615e-02,-3.152901785714285615e-02,-3.306361607142856845e-02
-1.448102678571428492e-01,-1.469029017857142738e-01,-1.410435267857142738e-01,-1.456473214285714246e-01,-1.452287946428571508e-01,-1.482979910714285754e-01,-1.453683035714285754e-01,-1.481584821428571508e-01,-1.453683035714285754e-01,-1.416015625000000000e-01,-1.495535714285714246e-01,-1.466238839285714246e-01,-1.393694196428571508e-01,-1.434151785714285754e-01,-1.491350446428571508e-01,-1.450892857142857262e-01,-1.462053571428571508e-01,-1.498325892857142738e-01,-1.422991071428571508e-01,-1.464843750000000000e-01,-1.466238839285714246e-01,-1.428571428571428492e-01,-1.449497767857142738e-01,-1.473214285714285754e-01,-1.416015625000000000e-01,-1.445312500000000000e-01,-1.416015625000000000e-01,-1.450892857142857262e-01,-1.477399553571428492e-01,-1.421595982142857262e-01,-1.407645089285714246e-01,-1.523437500000000000e-01,-1.407645089285714246e-01,-1.460658482142857262e-01,-1.491350446428571508e-01,-1.449497767857142738e-01,-1.464843750000000000e-01,-1.488560267857142738e-01,-1.438337053571428492e-01,-1.436941964285714246e-01,-1.459263392857142738e-01,-1.462053571428571508e-01
-2.497209821428571577e-02,-2.608816964285714385e-02,-2.162388392857142808e-02,-2.706473214285714385e-02,-2.804129464285714385e-02,-2.622767857142857192e-02,-2.511160714285714385e-02,-2.762276785714285615e-02,-2.525111607142857192e-02,-2.357700892857142808e-02,-2.915736607142857192e-02,-2.734375000000000000e-02,-2.204241071428571577e-02,-2.566964285714285615e-02,-3.027343750000000000e-02,-2.734375000000000000e-02,-2.818080357142857192e-02,-2.845982142857142808e-02,-2.106584821428571577e-02,-2.580915178571428423e-02,-2.608816964285714385e-02,-2.176339285714285615e-02,-2.441406250000000000e-02,-2.497209821428571577e-02,-2.176339285714285615e-02,-2.566964285714285615e-02,-2.218191964285714385e-02,-2.539062500000000000e-02,-2.706473214285714385e-02,-2.148437500000000000e-02,-2.078683035714285615e-02,-3.152901785714285615e-02,-2.190290178571428423e-02,-2.441406250000000000e-02,-2.845982142857142808e-02,-2.525111607142857192e-02,-2.594866071428571577e-02,-2.929687500000000000e-02,-2.566964285714285615e-02,-2.357700892857142808e-02,-2.748325892857142808e-02,-2.762276785714285615e-02
4.799107142857143155e-02,4.659598214285714385e-02,4.882812500000000000e-02,4.450334821428571230e-02,4.199218750000000000e-02,4.743303571428571230e-02,4.645647321428571230e-02,4.394531250000000000e-02,4.771205357142856845e-02,4.687500000000000000e-02,4.380580357142856845e-02,4.394531250000000000e-02,4.910714285714285615e-02,4.561941964285714385e-02,4.101562500000000000e-02,4.436383928571428770e-02,4.199218750000000000e-02,4.324776785714285615e-02,5.064174107142856845e-02,4.673549107142856845e-02,4.659598214285714385e-02,5.050223214285714385e-02,4.854910714285714385e-02,4.952566964285714385e-02,4.938616071428571230e-02,4.631696428571428770e-02,4.952566964285714385e-02,4.659598214285714385e-02,4.422433035714285615e-02,5.106026785714285615e-02,5.092075892857143155e-02,4.129464285714285615e-02,4.813058035714285615e-02,4.952566964285714385e-02,4.534040178571428770e-02,4.715401785714285615e-02,4.687500000000000000e-02,4.241071428571428770e-02,4.450334821428571230e-02,4.854910714285714385e-02,4.464285714285714385e-02,4.310825892857143155e-02
1.297433035714285789e-02,1.283482142857142808e-02,1.422991071428571404e-02,9.347098214285714038e-03,9.905133928571428076e-03,1.185825892857142808e-02,1.074218750000000000e-02,8.649553571428571924e-03,1.116071428571428596e-02,1.367187500000000000e-02,8.091517857142857886e-03,8.231026785714285962e-03,1.464843750000000000e-02,1.074218750000000000e-02,6.835937500000000000e-03,1.074218750000000000e-02,8.789062500000000000e-03,8.510044642857142114e-03,1.464843750000000000e-02,1.297433035714285789e-02,1.046316964285714211e-02,1.450892857142857192e-02,1.422991071428571404e-02,1.241629464285714211e-02,1.492745535714285789e-02,1.269531250000000000e-02,1.409040178571428596e-02,1.269531250000000000e-02,1.018415178571428596e-02,1.590401785714285615e-02,1.562500000000000000e-02,7.533482142857142981e-03,1.450892857142857192e-02,1.255580357142857192e-02,1.102120535714285789e-02,1.199776785714285789e-02,1.143973214285714211e-02,7.533482142857142981e-03,1.283482142857142808e-02,1.255580357142857192e-02,1.004464285714285789e-02,8.370535714285714038e-03
-5.315290178571428770e-02,-5.482700892857143155e-02,-5.371093750000000000e-02,-5.747767857142856845e-02,-5.691964285714285615e-02,-5.678013392857143155e-02,-5.747767857142856845e-02,-5.803571428571428770e-02,-5.524553571428571230e-02,-5.231584821428571230e-02,-5.929129464285714385e-02,-5.845424107142856845e-02,-5.147879464285714385e-02,-5.580357142857143155e-02,-6.012834821428571230e-02,-5.496651785714285615e-02,-5.831473214285714385e-02,-5.901227678571428770e-02,-5.357142857142856845e-02,-5.538504464285714385e-02,-5.705915178571428770e-02,-5.357142857142856845e-02,-5.426897321428571230e-02,-5.678013392857143155e-02,-5.203683035714285615e-02,-5.524553571428571230e-02,-5.329241071428571230e-02,-5.510602678571428770e-02,-5.761718750000000000e-02,-5.329241071428571230e-02,-5.245535714285714385e-02,-6.124441964285714385e-02,-5.133928571428571230e-02,-5.622209821428571230e-02,-5.636160714285714385e-02,-5.566406250000000000e-02,-5.664062500000000000e-02,-6.012834821428571230e-02,-5.496651785714285615e-02,-5.426897321428571230e-02,-5.831473214285714385e-02,-5.887276785714285615e-02
5.761718750000000000e-02,5.622209821428571230e-02,5.719866071428571230e-02,5.315290178571428770e-02,5.259486607142856845e-02,5.538504464285714385e-02,5.426897321428571230e-02,5.343191964285714385e-02,5.552455357142856845e-02,5.664062500000000000e-02,5.287388392857143155e-02,5.217633928571428770e-02,5.719866071428571230e-02,5.329241071428571230e-02,5.022321428571428770e-02,5.468750000000000000e-02,5.147879464285714385e-02,5.259486607142856845e-02,5.803571428571428770e-02,5.566406250000000000e-02,5.398995535714285615e-02,5.845424107142856845e-02,5.817522321428571230e-02,5.733816964285714385e-02,5.831473214285714385e-02,5.482700892857143155e-02,5.705915178571428770e-02,5.580357142857143155e-02,5.329241071428571230e-02,5.887276785714285615e-02,5.845424107142856845e-02,5.022321428571428770e-02,5.761718750000000000e-02,5.678013392857143155e-02,5.510602678571428770e-02,5.594308035714285615e-02,5.566406250000000000e-02,5.133928571428571230e-02,5.398995535714285615e-02,5.678013392857143155e-02,5.287388392857143155e-02,5.147879464285714385e-02
1.180245535714285754e-01,1.149553571428571369e-01,1.159319196428571369e-01,1.120256696428571369e-01,1.102120535714285754e-01,1.166294642857142877e-01,1.138392857142857123e-01,1.127232142857142877e-01,1.152343750000000000e-01,1.146763392857142877e-01,1.127232142857142877e-01,1.118861607142857123e-01,1.152343750000000000e-01,1.113281250000000000e-01,1.082589285714285754e-01,1.131417410714285754e-01,1.104910714285714246e-01,1.125837053571428631e-01,1.169084821428571369e-01,1.150948660714285754e-01,1.141183035714285754e-01,1.185825892857142877e-01,1.171875000000000000e-01,1.180245535714285754e-01,1.171875000000000000e-01,1.148158482142857123e-01,1.162109375000000000e-01,1.149553571428571369e-01,1.123046875000000000e-01,1.188616071428571369e-01,1.181640625000000000e-01,1.110491071428571369e-01,1.156529017857142877e-01,1.170479910714285754e-01,1.155133928571428631e-01,1.150948660714285754e-01,1.159319196428571369e-01,1.102120535714285754e-01,1.128627232142857123e-01,1.163504464285714246e-01,1.121651785714285754e-01,1.103515625000000000e-01
6.668526785714286309e-02,6.556919642857142461e-02,6.542968750000000000e-02,6.152343750000000000e-02,6.250000000000000000e-02,6.515066964285713691e-02,6.263950892857142461e-02,6.166294642857143155e-02,6.389508928571428770e-02,6.584821428571428770e-02,6.250000000000000000e-02,6.040736607142856845e-02,6.626674107142857539e-02,6.250000000000000000e-02,5.943080357142856845e-02,6.403459821428571230e-02,6.054687500000000000e-02,6.096540178571428770e-02,6.668526785714286309e-02,6.598772321428571230e-02,6.361607142857142461e-02,6.696428571428571230e-02,6.808035714285713691e-02,6.640625000000000000e-02,6.794084821428571230e-02,6.570870535714286309e-02,6.598772321428571230e-02,6.542968750000000000e-02,6.277901785714286309e-02,6.780133928571428770e-02,6.724330357142857539e-02,6.012834821428571230e-02,6.640625000000000000e-02,6.556919642857142461e-02,6.473214285714286309e-02,6.431361607142857539e-02,6.403459821428571230e-02,6.026785714285714385e-02,6.445312500000000000e-02,6.570870535714286309e-02,6.194196428571428770e-02,5.984933035714285615e-02
5.580357142857142547e-04,-8.370535714285713821e-04,-1.813616071428571491e-03,-5.022321428571428943e-03,-4.185267857142857019e-03,-3.487723214285714472e-03,-5.161830357142857019e-03,-4.464285714285714038e-03,-2.371651785714285528e-03,-8.370535714285713821e-04,-4.045758928571428943e-03,-5.440848214285714038e-03,-5.580357142857142547e-04,-4.045758928571428943e-03,-7.114955357142857019e-03,-1.674107142857142764e-03,-5.161830357142857019e-03,-6.277901785714285962e-03,-1.395089285714285745e-03,-2.371651785714285528e-03,-4.045758928571428943e-03,-6.975446428571428726e-04,-8.370535714285713821e-04,-3.208705357142857019e-03,2.790178571428571274e-04,-2.511160714285714472e-03,-1.255580357142857236e-03,-2.790178571428571491e-03,-5.022321428571428943e-03,-4.185267857142856911e-04,1.395089285714285637e-04,-6.417410714285714038e-03,1.255580357142857236e-03,-2.511160714285714472e-03,-1.534598214285714255e-03,-2.650669642857142981e-03,-3.766741071428571491e-03,-6.975446428571428943e-03,-2.511160714285714472e-03,-1.534598214285714255e-03,-5.301339285714285962e-03,-7.114955357142857019e-03
1.029575892857142877e-01,1.018415178571428631e-01,9.933035714285713691e-02,9.681919642857142461e-02,9.681919642857142461e-02,1.011439732142857123e-01,9.737723214285713691e-02,9.793526785714286309e-02,9.960937500000000000e-02,1.001674107142857123e-01,9.807477678571428770e-02,9.598214285714286309e-02,1.001674107142857123e-01,9.681919642857142461e-02,9.430803571428571230e-02,1.000279017857142877e-01,9.514508928571428770e-02,9.654017857142857539e-02,1.010044642857142877e-01,1.003069196428571369e-01,9.863281250000000000e-02,1.032366071428571369e-01,1.026785714285714246e-01,1.019810267857142877e-01,1.025390625000000000e-01,9.988839285714286309e-02,1.007254464285714246e-01,1.000279017857142877e-01,9.779575892857142461e-02,1.032366071428571369e-01,1.022600446428571369e-01,9.626116071428571230e-02,1.014229910714285754e-01,1.017020089285714246e-01,1.007254464285714246e-01,1.007254464285714246e-01,9.988839285714286309e-02,9.542410714285713691e-02,9.933035714285713691e-02,1.008649553571428631e-01,9.598214285714286309e-02,9.500558035714286309e-02
1.570870535714285754e-01,1.545758928571428492e-01,1.524832589285714246e-01,1.499720982142857262e-01,1.489955357142857262e-01,1.556919642857142738e-01,1.508091517857142738e-01,1.515066964285714246e-01,1.527622767857142738e-01,1.523437500000000000e-01,1.523437500000000000e-01,1.498325892857142738e-01,1.535993303571428492e-01,1.489955357142857262e-01,1.469029017857142738e-01,1.534598214285714246e-01,1.481584821428571508e-01,1.495535714285714246e-01,1.542968750000000000e-01,1.545758928571428492e-01,1.529017857142857262e-01,1.577845982142857262e-01,1.569475446428571508e-01,1.575055803571428492e-01,1.558314732142857262e-01,1.530412946428571508e-01,1.531808035714285754e-01,1.542968750000000000e-01,1.515066964285714246e-01,1.568080357142857262e-01,1.554129464285714246e-01,1.498325892857142738e-01,1.535993303571428492e-01,1.556919642857142738e-01,1.545758928571428492e-01,1.533203125000000000e-01,1.547154017857142738e-01,1.485770089285714246e-01,1.515066964285714246e-01,1.541573660714285754e-01,1.496930803571428492e-01,1.489955357142857262e-01
9.793526785714286309e-02,9.667968750000000000e-02,9.444754464285713691e-02,9.221540178571428770e-02,9.221540178571428770e-02,9.570312500000000000e-02,9.193638392857142461e-02,9.207589285714286309e-02,9.375000000000000000e-02,9.570312500000000000e-02,9.361049107142857539e-02,9.012276785714286309e-02,9.556361607142857539e-02,9.207589285714286309e-02,8.984375000000000000e-02,9.486607142857142461e-02,9.082031250000000000e-02,9.179687500000000000e-02,9.612165178571428770e-02,9.612165178571428770e-02,9.319196428571428770e-02,9.640066964285713691e-02,9.835379464285713691e-02,9.640066964285713691e-02,9.723772321428571230e-02,9.598214285714286309e-02,9.542410714285713691e-02,9.514508928571428770e-02,9.319196428571428770e-02,9.751674107142857539e-02,9.723772321428571230e-02,9.109933035714286309e-02,9.654017857142857539e-02,9.584263392857142461e-02,9.612165178571428770e-02,9.556361607142857539e-02,9.388950892857142461e-02,9.040178571428571230e-02,9.486607142857142461e-02,9.542410714285713691e-02,9.193638392857142461e-02,8.886718750000000000e-02
2.873883928571428423e-02,2.887834821428571577e-02,2.469308035714285615e-02,2.287946428571428423e-02,2.287946428571428423e-02,2.580915178571428423e-02,2.287946428571428423e-02,2.441406250000000000e-02,2.511160714285714385e-02,2.818080357142857192e-02,2.483258928571428423e-02,2.218191964285714385e-02,2.692522321428571577e-02,2.357700892857142808e-02,2.190290178571428423e-02,2.664620535714285615e-02,2.357700892857142808e-02,2.190290178571428423e-02,2.580915178571428423e-02,2.636718750000000000e-02,2.371651785714285615e-02,2.692522321428571577e-02,2.818080357142857192e-02,2.594866071428571577e-02,2.845982142857142808e-02,2.678571428571428423e-02,2.580915178571428423e-02,2.566964285714285615e-02,2.371651785714285615e-02,2.720424107142857192e-02,2.818080357142857192e-02,2.329799107142857192e-02,2.845982142857142808e-02,2.608816964285714385e-02,2.706473214285714385e-02,2.594866071428571577e-02,2.427455357142857192e-02,2.106584821428571577e-02,2.636718750000000000e-02,2.664620535714285615e-02,2.315848214285714385e-02,2.078683035714285615e-02
1.269531250000000000e-01,1.252790178571428492e-01,1.227678571428571369e-01,1.209542410714285754e-01,1.208147321428571369e-01,1.251395089285714246e-01,1.203962053571428631e-01,1.210937500000000000e-01,1.230468750000000000e-01,1.243024553571428631e-01,1.224888392857142877e-01,1.192801339285714246e-01,1.234654017857142877e-01,1.201171875000000000e-01,1.184430803571428631e-01,1.244419642857142877e-01,1.190011160714285754e-01,1.209542410714285754e-01,1.240234375000000000e-01,1.244419642857142877e-01,1.219308035714285754e-01,1.261160714285714246e-01,1.275111607142857262e-01,1.259765625000000000e-01,1.256975446428571508e-01,1.240234375000000000e-01,1.236049107142857123e-01,1.245814732142857123e-01,1.216517857142857123e-01,1.261160714285714246e-01,1.252790178571428492e-01,1.205357142857142877e-01,1.245814732142857123e-01,1.250000000000000000e-01,1.248604910714285754e-01,1.243024553571428631e-01,1.238839285714285754e-01,1.192801339285714246e-01,1.231863839285714246e-01,1.240234375000000000e-01,1.201171875000000000e-01,1.183035714285714246e-01
1.780133928571428492e-01,1.746651785714285754e-01,1.728515625000000000e-01,1.700613839285714246e-01,1.693638392857142738e-01,1.763392857142857262e-01,1.713169642857142738e-01,1.717354910714285754e-01,1.727120535714285754e-01,1.729910714285714246e-01,1.725725446428571508e-01,1.702008928571428492e-01,1.725725446428571508e-01,1.695033482142857262e-01,1.682477678571428492e-01,1.745256696428571508e-01,1.686662946428571508e-01,1.700613839285714246e-01,1.742466517857142738e-01,1.756417410714285754e-01,1.729910714285714246e-01,1.777343750000000000e-01,1.791294642857142738e-01,1.784319196428571508e-01,1.763392857142857262e-01,1.739676339285714246e-01,1.738281250000000000e-01,1.753627232142857262e-01,1.720145089285714246e-01,1.771763392857142738e-01,1.756417410714285754e-01,1.707589285714285754e-01,1.738281250000000000e-01,1.760602678571428492e-01,1.760602678571428492e-01,1.748046875000000000e-01,1.753627232142857262e-01,1.700613839285714246e-01,1.732700892857142738e-01,1.753627232142857262e-01,1.713169642857142738e-01,1.692243303571428492e-01
1.138392857142857123e-01,1.136997767857142877e-01,1.096540178571428631e-01,1.079799107142857123e-01,1.077008928571428631e-01,1.114676339285714246e-01,1.078404017857142877e-01,1.079799107142857123e-01,1.093750000000000000e-01,1.107700892857142877e-01,1.096540178571428631e-01,1.057477678571428631e-01,1.111886160714285754e-01,1.081194196428571369e-01,1.057477678571428631e-01,1.110491071428571369e-01,1.067243303571428631e-01,1.072823660714285754e-01,1.106305803571428631e-01,1.124441964285714246e-01,1.085379464285714246e-01,1.120256696428571369e-01,1.145368303571428631e-01,1.125837053571428631e-01,1.134207589285714246e-01,1.127232142857142877e-01,1.111886160714285754e-01,1.117466517857142877e-01,1.085379464285714246e-01,1.124441964285714246e-01,1.121651785714285754e-01,1.077008928571428631e-01,1.124441964285714246e-01,1.110491071428571369e-01,1.123046875000000000e-01,1.111886160714285754e-01,1.095145089285714246e-01,1.058872767857142877e-01,1.111886160714285754e-01,1.109095982142857123e-01,1.077008928571428631e-01,1.053292410714285754e-01
3.962053571428571230e-02,3.962053571428571230e-02,3.417968750000000000e-02,3.320312500000000000e-02,3.459821428571428770e-02,3.655133928571428770e-02,3.292410714285714385e-02,3.557477678571428770e-02,3.571428571428571230e-02,3.822544642857143155e-02,3.473772321428571230e-02,3.264508928571428770e-02,3.683035714285714385e-02,3.348214285714285615e-02,3.222656250000000000e-02,3.696986607142856845e-02,3.292410714285714385e-02,3.236607142857143155e-02,3.529575892857143155e-02,3.710937500000000000e-02,3.334263392857143155e-02,3.710937500000000000e-02,3.892299107142856845e-02,3.669084821428571230e-02,3.864397321428571230e-02,3.627232142857143155e-02,3.655133928571428770e-02,3.613281250000000000e-02,3.404017857142856845e-02,3.752790178571428770e-02,3.766741071428571230e-02,3.362165178571428770e-02,3.906250000000000000e-02,3.724888392857143155e-02,3.808593750000000000e-02,3.655133928571428770e-02,3.473772321428571230e-02,3.138950892857143155e-02,3.669084821428571230e-02,3.766741071428571230e-02,3.278459821428571230e-02,3.208705357142856845e-02
1.357421875000000000e-01,1.340680803571428492e-01,1.301618303571428492e-01,1.283482142857142738e-01,1.277901785714285754e-01,1.329520089285714246e-01,1.282087053571428492e-01,1.294642857142857262e-01,1.316964285714285754e-01,1.319754464285714246e-01,1.307198660714285754e-01,1.270926339285714246e-01,1.312779017857142738e-01,1.273716517857142738e-01,1.268136160714285754e-01,1.319754464285714246e-01,1.273716517857142738e-01,1.280691964285714246e-01,1.309988839285714246e-01,1.322544642857142738e-01,1.296037946428571508e-01,1.337890625000000000e-01,1.353236607142857262e-01,1.343470982142857262e-01,1.339285714285714246e-01,1.314174107142857262e-01,1.315569196428571508e-01,1.312779017857142738e-01,1.293247767857142738e-01,1.335100446428571508e-01,1.325334821428571508e-01,1.286272321428571508e-01,1.325334821428571508e-01,1.328125000000000000e-01,1.335100446428571508e-01,1.321149553571428492e-01,1.316964285714285754e-01,1.269531250000000000e-01,1.308593750000000000e-01,1.325334821428571508e-01,1.279296875000000000e-01,1.268136160714285754e-01
1.849888392857142738e-01,1.813616071428571508e-01,1.791294642857142738e-01,1.767578125000000000e-01,1.759207589285714246e-01,1.819196428571428492e-01,1.775948660714285754e-01,1.780133928571428492e-01,1.796875000000000000e-01,1.789899553571428492e-01,1.792689732142857262e-01,1.763392857142857262e-01,1.788504464285714246e-01,1.761997767857142738e-01,1.743861607142857262e-01,1.815011160714285754e-01,1.753627232142857262e-01,1.773158482142857262e-01,1.796875000000000000e-01,1.803850446428571508e-01,1.802455357142857262e-01,1.838727678571428492e-01,1.855468750000000000e-01,1.838727678571428492e-01,1.819196428571428492e-01,1.799665178571428492e-01,1.794084821428571508e-01,1.808035714285714246e-01,1.782924107142857262e-01,1.838727678571428492e-01,1.817801339285714246e-01,1.767578125000000000e-01,1.805245535714285754e-01,1.817801339285714246e-01,1.835937500000000000e-01,1.809430803571428492e-01,1.820591517857142738e-01,1.753627232142857262e-01,1.784319196428571508e-01,1.815011160714285754e-01,1.775948660714285754e-01,1.746651785714285754e-01
1.181640625000000000e-01,1.174665178571428631e-01,1.131417410714285754e-01,1.114676339285714246e-01,1.121651785714285754e-01,1.155133928571428631e-01,1.114676339285714246e-01,1.118861607142857123e-01,1.139787946428571369e-01,1.153738839285714246e-01,1.136997767857142877e-01,1.099330357142857123e-01,1.150948660714285754e-01,1.113281250000000000e-01,1.102120535714285754e-01,1.152343750000000000e-01,1.110491071428571369e-01,1.114676339285714246e-01,1.149553571428571369e-01,1.159319196428571369e-01,1.125837053571428631e-01,1.163504464285714246e-01,1.185825892857142877e-01,1.160714285714285754e-01,1.171875000000000000e-01,1.155133928571428631e-01,1.148158482142857123e-01,1.155133928571428631e-01,1.123046875000000000e-01,1.166294642857142877e-01,1.157924107142857123e-01,1.123046875000000000e-01,1.153738839285714246e-01,1.157924107142857123e-01,1.169084821428571369e-01,1.153738839285714246e-01,1.142578125000000000e-01,1.100725446428571369e-01,1.148158482142857123e-01,1.149553571428571369e-01,1.117466517857142877e-01,1.090959821428571369e-01
1.548549107142857192e-02,1.478794642857142808e-02,8.928571428571428076e-03,9.486607142857142114e-03,8.789062500000000000e-03,1.255580357142857192e-02,8.510044642857142114e-03,1.130022321428571404e-02,1.269531250000000000e-02,1.367187500000000000e-02,1.227678571428571404e-02,9.486607142857142114e-03,1.213727678571428596e-02,9.207589285714285962e-03,8.370535714285714038e-03,1.409040178571428596e-02,9.486607142857142114e-03,6.835937500000000000e-03,8.510044642857142114e-03,9.905133928571428076e-03,8.370535714285714038e-03,1.255580357142857192e-02,1.409040178571428596e-02,1.171875000000000000e-02,1.297433035714285789e-02,1.004464285714285789e-02,1.060267857142857192e-02,1.060267857142857192e-02,8.928571428571428076e-03,1.171875000000000000e-02,1.213727678571428596e-02,8.928571428571428076e-03,1.381138392857142808e-02,1.255580357142857192e-02,1.381138392857142808e-02,1.227678571428571404e-02,1.074218750000000000e-02,7.114955357142857019e-03,1.157924107142857192e-02,1.367187500000000000e-02,8.231026785714285962e-03,7.393973214285714038e-03
5.943080357142856845e-02,5.733816964285714385e-02,5.217633928571428770e-02,5.217633928571428770e-02,5.106026785714285615e-02,5.538504464285714385e-02,5.119977678571428770e-02,5.385044642857143155e-02,5.580357142857143155e-02,5.580357142857143155e-02,5.538504464285714385e-02,5.231584821428571230e-02,5.398995535714285615e-02,5.133928571428571230e-02,5.022321428571428770e-02,5.719866071428571230e-02,5.147879464285714385e-02,4.938616071428571230e-02,5.078125000000000000e-02,5.287388392857143155e-02,5.161830357142856845e-02,5.580357142857143155e-02,5.719866071428571230e-02,5.594308035714285615e-02,5.608258928571428770e-02,5.161830357142856845e-02,5.315290178571428770e-02,5.357142857142856845e-02,5.175781250000000000e-02,5.552455357142856845e-02,5.468750000000000000e-02,5.203683035714285615e-02,5.636160714285714385e-02,5.538504464285714385e-02,5.761718750000000000e-02,5.552455357142856845e-02,5.454799107142856845e-02,4.980468750000000000e-02,5.440848214285714385e-02,5.705915178571428770e-02,5.119977678571428770e-02,5.022321428571428770e-02
1.022600446428571369e-01,9.960937500000000000e-02,9.584263392857142461e-02,9.472656250000000000e-02,9.361049107142857539e-02,9.988839285714286309e-02,9.444754464285713691e-02,9.640066964285713691e-02,9.849330357142857539e-02,9.821428571428571230e-02,9.821428571428571230e-02,9.612165178571428770e-02,9.667968750000000000e-02,9.486607142857142461e-02,9.305245535714286309e-02,1.012834821428571369e-01,9.444754464285713691e-02,9.347098214285713691e-02,9.542410714285713691e-02,9.681919642857142461e-02,9.556361607142857539e-02,9.960937500000000000e-02,1.010044642857142877e-01,1.005859375000000000e-01,9.891183035714286309e-02,9.584263392857142461e-02,9.626116071428571230e-02,9.751674107142857539e-02,9.584263392857142461e-02,9.988839285714286309e-02,9.821428571428571230e-02,9.500558035714286309e-02,9.849330357142857539e-02,9.988839285714286309e-02,1.018415178571428631e-01,9.891183035714286309e-02,9.960937500000000000e-02,9.333147321428571230e-02,9.695870535714286309e-02,1.003069196428571369e-01,9.514508928571428770e-02,9.291294642857142461e-02
4.227120535714285615e-02,4.157366071428571230e-02,3.683035714285714385e-02,3.613281250000000000e-02,3.599330357142856845e-02,4.003906250000000000e-02,3.627232142857143155e-02,3.794642857142856845e-02,3.976004464285714385e-02,4.045758928571428770e-02,3.948102678571428770e-02,3.641183035714285615e-02,3.920200892857143155e-02,3.613281250000000000e-02,3.557477678571428770e-02,4.073660714285714385e-02,3.683035714285714385e-02,3.445870535714285615e-02,3.710937500000000000e-02,3.794642857142856845e-02,3.543526785714285615e-02,3.962053571428571230e-02,4.115513392857143155e-02,3.976004464285714385e-02,4.045758928571428770e-02,3.780691964285714385e-02,3.752790178571428770e-02,3.836495535714285615e-02,3.613281250000000000e-02,3.989955357142856845e-02,3.948102678571428770e-02,3.599330357142856845e-02,4.059709821428571230e-02,3.948102678571428770e-02,4.087611607142856845e-02,3.878348214285714385e-02,3.878348214285714385e-02,3.529575892857143155e-02,3.934151785714285615e-02,4.115513392857143155e-02,3.599330357142856845e-02,3.431919642857143155e-02
-7.449776785714286309e-02,-7.728794642857142461e-02,-8.593750000000000000e-02,-8.258928571428571230e-02,-8.300781250000000000e-02,-8.077566964285713691e-02,-8.510044642857142461e-02,-7.896205357142857539e-02,-7.617187500000000000e-02,-7.561383928571428770e-02,-7.826450892857142461e-02,-7.993861607142857539e-02,-7.965959821428571230e-02,-8.426339285714286309e-02,-8.272879464285713691e-02,-7.575334821428571230e-02,-8.217075892857142461e-02,-8.663504464285713691e-02,-8.691406250000000000e-02,-8.565848214285713691e-02,-8.510044642857142461e-02,-8.049665178571428770e-02,-7.840401785714286309e-02,-8.231026785714286309e-02,-8.007812500000000000e-02,-8.747209821428571230e-02,-8.231026785714286309e-02,-8.300781250000000000e-02,-8.523995535714286309e-02,-8.286830357142857539e-02,-8.147321428571428770e-02,-8.258928571428571230e-02,-7.589285714285713691e-02,-8.119419642857142461e-02,-7.756696428571428770e-02,-7.965959821428571230e-02,-8.063616071428571230e-02,-8.579799107142857539e-02,-8.077566964285713691e-02,-7.575334821428571230e-02,-8.523995535714286309e-02,-8.440290178571428770e-02
-4.045758928571428943e-03,-7.114955357142857019e-03,-1.395089285714285789e-02,-1.283482142857142808e-02,-1.367187500000000000e-02,-8.928571428571428076e-03,-1.353236607142857192e-02,-8.789062500000000000e-03,-5.719866071428571057e-03,-6.417410714285714038e-03,-7.672991071428571057e-03,-8.649553571428571924e-03,-1.060267857142857192e-02,-1.409040178571428596e-02,-1.241629464285714211e-02,-4.324776785714285962e-03,-1.185825892857142808e-02,-1.548549107142857192e-02,-1.548549107142857192e-02,-1.395089285714285789e-02,-1.283482142857142808e-02,-9.068080357142857886e-03,-7.114955357142857019e-03,-9.486607142857142114e-03,-9.068080357142857886e-03,-1.702008928571428423e-02,-1.116071428571428596e-02,-1.367187500000000000e-02,-1.325334821428571404e-02,-9.626116071428571924e-03,-1.018415178571428596e-02,-1.130022321428571404e-02,-6.277901785714285962e-03,-9.207589285714285962e-03,-6.417410714285714038e-03,-9.068080357142857886e-03,-9.626116071428571924e-03,-1.492745535714285789e-02,-1.004464285714285789e-02,-5.440848214285714038e-03,-1.339285714285714211e-02,-1.283482142857142808e-02
4.785156250000000000e-02,4.394531250000000000e-02,3.794642857142856845e-02,3.920200892857143155e-02,3.752790178571428770e-02,4.310825892857143155e-02,3.766741071428571230e-02,4.199218750000000000e-02,4.422433035714285615e-02,4.380580357142856845e-02,4.380580357142856845e-02,4.241071428571428770e-02,4.045758928571428770e-02,3.738839285714285615e-02,3.724888392857143155e-02,4.729352678571428770e-02,3.878348214285714385e-02,3.655133928571428770e-02,3.669084821428571230e-02,3.724888392857143155e-02,3.962053571428571230e-02,4.338727678571428770e-02,4.436383928571428770e-02,4.352678571428571230e-02,4.282924107142856845e-02,3.627232142857143155e-02,4.017857142857143155e-02,3.878348214285714385e-02,3.864397321428571230e-02,4.143415178571428770e-02,4.101562500000000000e-02,3.892299107142856845e-02,4.366629464285714385e-02,4.296875000000000000e-02,4.561941964285714385e-02,4.310825892857143155e-02,4.380580357142856845e-02,3.655133928571428770e-02,4.059709821428571230e-02,4.520089285714285615e-02,3.822544642857143155e-02,3.836495535714285615e-02
-2.790178571428571274e-04,-2.092633928571428509e-03,-7.393973214285714038e-03,-7.254464285714285962e-03,-7.254464285714285962e-03,-3.627232142857142981e-03,-7.114955357142857019e-03,-4.603794642857142981e-03,-2.092633928571428509e-03,-1.395089285714285745e-03,-3.208705357142857019e-03,-5.580357142857142981e-03,-4.882812500000000000e-03,-7.952008928571428076e-03,-7.393973214285714038e-03,-1.116071428571428509e-03,-5.719866071428571057e-03,-9.765625000000000000e-03,-8.928571428571428076e-03,-6.696428571428571057e-03,-7.952008928571428076e-03,-4.185267857142857019e-03,-2.092633928571428509e-03,-4.324776785714285962e-03,-3.766741071428571491e-03,-8.649553571428571924e-03,-5.998883928571428943e-03,-6.138392857142857019e-03,-7.533482142857142981e-03,-4.743303571428571057e-03,-5.022321428571428943e-03,-6.696428571428571057e-03,-1.534598214285714255e-03,-3.627232142857142981e-03,-1.674107142857142764e-03,-3.906250000000000000e-03,-4.324776785714285962e-03,-9.765625000000000000e-03,-4.324776785714285962e-03,-2.092633928571428509e-03,-7.672991071428571057e-03,-8.789062500000000000e-03
-1.216517857142857123e-01,-1.224888392857142877e-01,-1.304408482142857262e-01,-1.270926339285714246e-01,-1.272321428571428492e-01,-1.252790178571428492e-01,-1.276506696428571508e-01,-1.241629464285714246e-01,-1.210937500000000000e-01,-1.213727678571428631e-01,-1.245814732142857123e-01,-1.231863839285714246e-01,-1.243024553571428631e-01,-1.290457589285714246e-01,-1.265345982142857262e-01,-1.213727678571428631e-01,-1.263950892857142738e-01,-1.323939732142857262e-01,-1.322544642857142738e-01,-1.304408482142857262e-01,-1.296037946428571508e-01,-1.248604910714285754e-01,-1.241629464285714246e-01,-1.270926339285714246e-01,-1.240234375000000000e-01,-1.314174107142857262e-01,-1.266741071428571508e-01,-1.286272321428571508e-01,-1.290457589285714246e-01,-1.269531250000000000e-01,-1.268136160714285754e-01,-1.280691964285714246e-01,-1.208147321428571369e-01,-1.255580357142857262e-01,-1.240234375000000000e-01,-1.240234375000000000e-01,-1.251395089285714246e-01,-1.304408482142857262e-01,-1.247209821428571369e-01,-1.217912946428571369e-01,-1.287667410714285754e-01,-1.277901785714285754e-01
-4.227120535714285615e-02,-4.324776785714285615e-02,-4.868861607142856845e-02,-4.687500000000000000e-02,-4.757254464285714385e-02,-4.450334821428571230e-02,-4.715401785714285615e-02,-4.450334821428571230e-02,-4.213169642857143155e-02,-4.157366071428571230e-02,-4.478236607142856845e-02,-4.310825892857143155e-02,-4.450334821428571230e-02,-4.882812500000000000e-02,-4.771205357142856845e-02,-4.045758928571428770e-02,-4.715401785714285615e-02,-5.133928571428571230e-02,-5.119977678571428770e-02,-4.952566964285714385e-02,-4.757254464285714385e-02,-4.408482142857143155e-02,-4.296875000000000000e-02,-4.478236607142856845e-02,-4.352678571428571230e-02,-5.050223214285714385e-02,-4.575892857142856845e-02,-4.743303571428571230e-02,-4.785156250000000000e-02,-4.561941964285714385e-02,-4.603794642857143155e-02,-4.840959821428571230e-02,-4.213169642857143155e-02,-4.408482142857143155e-02,-4.352678571428571230e-02,-4.394531250000000000e-02,-4.436383928571428770e-02,-4.924665178571428770e-02,-4.520089285714285615e-02,-4.199218750000000000e-02,-4.868861607142856845e-02,-4.743303571428571230e-02
1.436941964285714211e-02,1.311383928571428596e-02,8.789062500000000000e-03,9.626116071428571924e-03,8.091517857142857886e-03,1.311383928571428596e-02,9.347098214285714038e-03,1.171875000000000000e-02,1.241629464285714211e-02,1.283482142857142808e-02,1.283482142857142808e-02,1.185825892857142808e-02,1.157924107142857192e-02,7.812500000000000000e-03,7.533482142857142981e-03,1.618303571428571577e-02,8.789062500000000000e-03,5.161830357142857019e-03,6.138392857142857019e-03,7.393973214285714038e-03,1.046316964285714211e-02,1.325334821428571404e-02,1.409040178571428596e-02,1.227678571428571404e-02,1.339285714285714211e-02,7.114955357142857019e-03,1.046316964285714211e-02,9.486607142857142114e-03,8.231026785714285962e-03,1.171875000000000000e-02,1.074218750000000000e-02,7.812500000000000000e-03,1.325334821428571404e-02,1.269531250000000000e-02,1.520647321428571404e-02,1.255580357142857192e-02,1.283482142857142808e-02,6.138392857142857019e-03,1.116071428571428596e-02,1.339285714285714211e-02,9.207589285714285962e-03,9.486607142857142114e-03
-2.497209821428571577e-02,-2.483258928571428423e-02,-3.041294642857142808e-02,-3.013392857142857192e-02,-2.971540178571428423e-02,-2.664620535714285615e-02,-2.929687500000000000e-02,-2.845982142857142808e-02,-2.622767857142857192e-02,-2.525111607142857192e-02,-2.873883928571428423e-02,-2.971540178571428423e-02,-2.734375000000000000e-02,-3.041294642857142808e-02,-2.985491071428571577e-02,-2.497209821428571577e-02,-2.971540178571428423e-02,-3.278459821428571230e-02,-3.166852678571428770e-02,-2.999441964285714385e-02,-3.055245535714285615e-02,-2.762276785714285615e-02,-2.525111607142857192e-02,-2.720424107142857192e-02,-2.692522321428571577e-02,-2.999441964285714385e-02,-2.915736607142857192e-02,-2.873883928571428423e-02,-3.083147321428571577e-02,-2.762276785714285615e-02,-2.748325892857142808e-02,-3.111049107142857192e-02,-2.539062500000000000e-02,-2.734375000000000000e-02,-2.608816964285714385e-02,-2.664620535714285615e-02,-2.748325892857142808e-02,-3.152901785714285615e-02,-2.762276785714285615e-02,-2.580915178571428423e-02,-3.041294642857142808e-02,-3.125000000000000000e-02
-1.601562500000000000e-01,-1.598772321428571508e-01,-1.672712053571428492e-01,-1.635044642857142738e-01,-1.630859375000000000e-01,-1.629464285714285754e-01,-1.640625000000000000e-01,-1.616908482142857262e-01,-1.590401785714285754e-01,-1.586216517857142738e-01,-1.632254464285714246e-01,-1.623883928571428492e-01,-1.600167410714285754e-01,-1.655970982142857262e-01,-1.642020089285714246e-01,-1.590401785714285754e-01,-1.635044642857142738e-01,-1.699218750000000000e-01,-1.678292410714285754e-01,-1.664341517857142738e-01,-1.651785714285714246e-01,-1.616908482142857262e-01,-1.618303571428571508e-01,-1.644810267857142738e-01,-1.604352678571428492e-01,-1.672712053571428492e-01,-1.628069196428571508e-01,-1.650390625000000000e-01,-1.661551339285714246e-01,-1.635044642857142738e-01,-1.626674107142857262e-01,-1.658761160714285754e-01,-1.584821428571428492e-01,-1.633649553571428492e-01,-1.618303571428571508e-01,-1.619698660714285754e-01,-1.625279017857142738e-01,-1.667131696428571508e-01,-1.615513392857142738e-01,-1.595982142857142738e-01,-1.655970982142857262e-01,-1.642020089285714246e-01
-3.724888392857143155e-02,-3.752790178571428770e-02,-4.241071428571428770e-02,-4.129464285714285615e-02,-4.143415178571428770e-02,-3.836495535714285615e-02,-4.059709821428571230e-02,-3.962053571428571230e-02,-3.836495535714285615e-02,-3.794642857142856845e-02,-4.045758928571428770e-02,-4.031808035714285615e-02,-3.892299107142856845e-02,-4.324776785714285615e-02,-4.255022321428571230e-02,-3.710937500000000000e-02,-4.171316964285714385e-02,-4.464285714285714385e-02,-4.241071428571428770e-02,-4.268973214285714385e-02,-4.157366071428571230e-02,-3.808593750000000000e-02,-3.710937500000000000e-02,-3.808593750000000000e-02,-3.766741071428571230e-02,-4.241071428571428770e-02,-3.976004464285714385e-02,-4.045758928571428770e-02,-4.199218750000000000e-02,-3.850446428571428770e-02,-3.934151785714285615e-02,-4.255022321428571230e-02,-3.766741071428571230e-02,-3.864397321428571230e-02,-3.808593750000000000e-02,-3.794642857142856845e-02,-3.962053571428571230e-02,-4.366629464285714385e-02,-3.962053571428571230e-02,-3.780691964285714385e-02,-4.143415178571428770e-02,-4.227120535714285615e-02
2.971540178571428423e-02,2.804129464285714385e-02,2.511160714285714385e-02,2.539062500000000000e-02,2.287946428571428423e-02,2.859933035714285615e-02,2.539062500000000000e-02,2.608816964285714385e-02,2.734375000000000000e-02,2.706473214285714385e-02,2.650669642857142808e-02,2.664620535714285615e-02,2.664620535714285615e-02,2.315848214285714385e-02,2.190290178571428423e-02,2.971540178571428423e-02,2.399553571428571577e-02,2.190290178571428423e-02,2.413504464285714385e-02,2.385602678571428423e-02,2.580915178571428423e-02,2.929687500000000000e-02,3.013392857142857192e-02,2.957589285714285615e-02,2.929687500000000000e-02,2.455357142857142808e-02,2.650669642857142808e-02,2.622767857142857192e-02,2.483258928571428423e-02,2.901785714285714385e-02,2.706473214285714385e-02,2.413504464285714385e-02,2.790178571428571577e-02,2.832031250000000000e-02,3.041294642857142808e-02,2.734375000000000000e-02,2.804129464285714385e-02,2.273995535714285615e-02,2.622767857142857192e-02,2.804129464285714385e-02,2.427455357142857192e-02,2.455357142857142808e-02
-4.045758928571428943e-03,-4.185267857142857019e-03,-8.789062500000000000e-03,-8.649553571428571924e-03,-8.370535714285714038e-03,-5.440848214285714038e-03,-8.649553571428571924e-03,-7.393973214285714038e-03,-6.138392857142857019e-03,-5.440848214285714038e-03,-7.812500000000000000e-03,-9.486607142857142114e-03,-4.743303571428571057e-03,-9.626116071428571924e-03,-9.207589285714285962e-03,-5.022321428571428943e-03,-9.068080357142857886e-03,-1.074218750000000000e-02,-7.672991071428571057e-03,-7.254464285714285962e-03,-8.649553571428571924e-03,-5.301339285714285962e-03,-3.627232142857142981e-03,-5.719866071428571057e-03,-4.464285714285714038e-03,-6.835937500000000000e-03,-6.975446428571428943e-03,-6.556919642857142981e-03,-9.068080357142857886e-03,-4.882812500000000000e-03,-5.998883928571428943e-03,-9.207589285714285962e-03,-5.301339285714285962e-03,-6.277901785714285962e-03,-5.301339285714285962e-03,-5.022321428571428943e-03,-6.138392857142857019e-03,-1.046316964285714211e-02,-6.138392857142857019e-03,-5.161830357142857019e-03,-8.789062500000000000e-03,-1.032366071428571404e-02
-1.040736607142857123e-01,-1.021205357142857123e-01,-1.083984375000000000e-01,-1.071428571428571369e-01,-1.063058035714285754e-01,-1.058872767857142877e-01,-1.058872767857142877e-01,-1.051897321428571369e-01,-1.022600446428571369e-01,-1.026785714285714246e-01,-1.060267857142857123e-01,-1.061662946428571369e-01,-1.026785714285714246e-01,-1.085379464285714246e-01,-1.074218750000000000e-01,-1.043526785714285754e-01,-1.057477678571428631e-01,-1.118861607142857123e-01,-1.078404017857142877e-01,-1.070033482142857123e-01,-1.071428571428571369e-01,-1.030970982142857123e-01,-1.042131696428571369e-01,-1.068638392857142877e-01,-1.017020089285714246e-01,-1.061662946428571369e-01,-1.054687500000000000e-01,-1.064453125000000000e-01,-1.089564732142857123e-01,-1.053292410714285754e-01,-1.043526785714285754e-01,-1.075613839285714246e-01,-1.019810267857142877e-01,-1.056082589285714246e-01,-1.042131696428571369e-01,-1.046316964285714246e-01,-1.051897321428571369e-01,-1.090959821428571369e-01,-1.040736607142857123e-01,-1.035156250000000000e-01,-1.070033482142857123e-01,-1.083984375000000000e-01
8.789062500000000000e-03,9.486607142857142114e-03,4.464285714285714038e-03,5.998883928571428943e-03,5.301339285714285962e-03,7.672991071428571057e-03,6.417410714285714038e-03,5.998883928571428943e-03,8.091517857142857886e-03,7.533482142857142981e-03,5.580357142857142981e-03,5.998883928571428943e-03,8.789062500000000000e-03,2.929687500000000000e-03,3.069196428571428509e-03,8.789062500000000000e-03,4.185267857142857019e-03,2.371651785714285528e-03,5.022321428571428943e-03,5.859375000000000000e-03,5.998883928571428943e-03,9.347098214285714038e-03,9.207589285714285962e-03,9.068080357142857886e-03,9.765625000000000000e-03,5.998883928571428943e-03,7.254464285714285962e-03,6.556919642857142981e-03,4.882812500000000000e-03,8.370535714285714038e-03,7.812500000000000000e-03,4.324776785714285962e-03,7.533482142857142981e-03,7.114955357142857019e-03,9.347098214285714038e-03,8.370535714285714038e-03,6.975446428571428943e-03,3.627232142857142981e-03,6.975446428571428943e-03,7.672991071428571057e-03,4.743303571428571057e-03,3.208705357142857019e-03
7.073102678571428770e-02,7.059151785714286309e-02,6.738281250000000000e-02,6.710379464285713691e-02,6.654575892857142461e-02,7.087053571428571230e-02,6.821986607142857539e-02,6.849888392857142461e-02,6.877790178571428770e-02,6.849888392857142461e-02,6.696428571428571230e-02,6.738281250000000000e-02,6.821986607142857539e-02,6.529017857142857539e-02,6.319754464285713691e-02,7.101004464285713691e-02,6.570870535714286309e-02,6.445312500000000000e-02,6.738281250000000000e-02,6.821986607142857539e-02,6.877790178571428770e-02,7.114955357142857539e-02,7.170758928571428770e-02,7.282366071428571230e-02,7.101004464285713691e-02,6.766183035714286309e-02,6.947544642857142461e-02,6.849888392857142461e-02,6.766183035714286309e-02,7.101004464285713691e-02,6.919642857142857539e-02,6.612723214285713691e-02,6.849888392857142461e-02,6.961495535714286309e-02,7.268415178571428770e-02,6.919642857142857539e-02,6.919642857142857539e-02,6.445312500000000000e-02,6.752232142857142461e-02,6.961495535714286309e-02,6.752232142857142461e-02,6.515066964285713691e-02
2.845982142857142808e-02,2.929687500000000000e-02,2.427455357142857192e-02,2.441406250000000000e-02,2.427455357142857192e-02,2.720424107142857192e-02,2.469308035714285615e-02,2.469308035714285615e-02,2.636718750000000000e-02,2.706473214285714385e-02,2.469308035714285615e-02,2.287946428571428423e-02,2.706473214285714385e-02,2.232142857142857192e-02,2.246093750000000000e-02,2.650669642857142808e-02,2.329799107142857192e-02,2.176339285714285615e-02,2.497209821428571577e-02,2.692522321428571577e-02,2.553013392857142808e-02,2.818080357142857192e-02,2.845982142857142808e-02,2.720424107142857192e-02,2.901785714285714385e-02,2.748325892857142808e-02,2.636718750000000000e-02,2.678571428571428423e-02,2.385602678571428423e-02,2.804129464285714385e-02,2.776227678571428423e-02,2.385602678571428423e-02,2.678571428571428423e-02,2.622767857142857192e-02,2.790178571428571577e-02,2.748325892857142808e-02,2.622767857142857192e-02,2.232142857142857192e-02,2.678571428571428423e-02,2.678571428571428423e-02,2.399553571428571577e-02,2.232142857142857192e-02
-7.686941964285713691e-02,-7.589285714285713691e-02,-8.133370535714286309e-02,-8.091517857142857539e-02,-7.938058035714286309e-02,-8.175223214285713691e-02,-8.007812500000000000e-02,-7.979910714285713691e-02,-7.742745535714286309e-02,-7.896205357142857539e-02,-8.133370535714286309e-02,-7.938058035714286309e-02,-7.924107142857142461e-02,-8.217075892857142461e-02,-7.882254464285713691e-02,-7.840401785714286309e-02,-7.979910714285713691e-02,-8.161272321428571230e-02,-8.133370535714286309e-02,-8.175223214285713691e-02,-8.133370535714286309e-02,-7.742745535714286309e-02,-7.868303571428571230e-02,-8.175223214285713691e-02,-7.812500000000000000e-02,-7.868303571428571230e-02,-7.812500000000000000e-02,-7.952008928571428770e-02,-8.147321428571428770e-02,-8.119419642857142461e-02,-7.798549107142857539e-02,-8.091517857142857539e-02,-7.840401785714286309e-02,-7.910156250000000000e-02,-7.700892857142857539e-02,-7.854352678571428770e-02,-8.021763392857142461e-02,-8.161272321428571230e-02,-7.812500000000000000e-02,-7.924107142857142461e-02,-8.049665178571428770e-02,-8.217075892857142461e-02
3.138950892857143155e-02,3.041294642857142808e-02,2.497209821428571577e-02,2.692522321428571577e-02,2.692522321428571577e-02,2.776227678571428423e-02,2.636718750000000000e-02,2.636718750000000000e-02,2.790178571428571577e-02,2.580915178571428423e-02,2.692522321428571577e-02,2.636718750000000000e-02,2.580915178571428423e-02,2.357700892857142808e-02,2.594866071428571577e-02,2.887834821428571577e-02,2.594866071428571577e-02,2.608816964285714385e-02,2.678571428571428423e-02,2.594866071428571577e-02,2.650669642857142808e-02,2.943638392857142808e-02,2.901785714285714385e-02,2.818080357142857192e-02,2.887834821428571577e-02,2.818080357142857192e-02,2.859933035714285615e-02,2.734375000000000000e-02,2.511160714285714385e-02,2.762276785714285615e-02,2.832031250000000000e-02,2.553013392857142808e-02,2.678571428571428423e-02,2.804129464285714385e-02,3.097098214285714385e-02,2.734375000000000000e-02,2.678571428571428423e-02,2.455357142857142808e-02,2.706473214285714385e-02,2.566964285714285615e-02,2.594866071428571577e-02,2.427455357142857192e-02
9.361049107142857539e-02,9.221540178571428770e-02,8.789062500000000000e-02,8.844866071428571230e-02,8.789062500000000000e-02,9.054129464285713691e-02,8.803013392857142461e-02,8.830915178571428770e-02,8.816964285714286309e-02,8.705357142857142461e-02,8.900669642857142461e-02,8.844866071428571230e-02,8.761160714285713691e-02,8.593750000000000000e-02,8.691406250000000000e-02,9.235491071428571230e-02,8.677455357142857539e-02,8.761160714285713691e-02,8.816964285714286309e-02,8.775111607142857539e-02,8.998325892857142461e-02,9.137834821428571230e-02,9.207589285714286309e-02,9.249441964285713691e-02,9.068080357142857539e-02,8.956473214285713691e-02,9.012276785714286309e-02,8.928571428571428770e-02,8.830915178571428770e-02,9.109933035714286309e-02,8.984375000000000000e-02,8.761160714285713691e-02,8.886718750000000000e-02,9.095982142857142461e-02,9.430803571428571230e-02,8.844866071428571230e-02,8.942522321428571230e-02,8.691406250000000000e-02,8.844866071428571230e-02,8.844866071428571230e-02,8.858816964285713691e-02,8.621651785714286309e-02
4.492187500000000000e-02,4.520089285714285615e-02,4.101562500000000000e-02,4.087611607142856845e-02,4.045758928571428770e-02,4.241071428571428770e-02,4.087611607142856845e-02,3.989955357142856845e-02,4.241071428571428770e-02,4.087611607142856845e-02,4.059709821428571230e-02,3.948102678571428770e-02,4.143415178571428770e-02,4.003906250000000000e-02,4.017857142857143155e-02,4.213169642857143155e-02,4.045758928571428770e-02,4.045758928571428770e-02,4.171316964285714385e-02,4.227120535714285615e-02,4.101562500000000000e-02,4.394531250000000000e-02,4.408482142857143155e-02,4.227120535714285615e-02,4.408482142857143155e-02,4.408482142857143155e-02,4.296875000000000000e-02,4.241071428571428770e-02,3.989955357142856845e-02,4.241071428571428770e-02,4.338727678571428770e-02,4.031808035714285615e-02,4.268973214285714385e-02,4.213169642857143155e-02,4.478236607142856845e-02,4.255022321428571230e-02,4.143415178571428770e-02,3.989955357142856845e-02,4.213169642857143155e-02,4.059709821428571230e-02,4.031808035714285615e-02,3.794642857142856845e-02
-7.589285714285713691e-02,-7.575334821428571230e-02,-8.203125000000000000e-02,-8.035714285714286309e-02,-7.924107142857142461e-02,-8.286830357142857539e-02,-8.049665178571428770e-02,-8.286830357142857539e-02,-7.938058035714286309e-02,-8.217075892857142461e-02,-8.244977678571428770e-02,-8.049665178571428770e-02,-8.105468750000000000e-02,-8.328683035714286309e-02,-7.617187500000000000e-02,-8.007812500000000000e-02,-7.938058035714286309e-02,-7.952008928571428770e-02,-8.077566964285713691e-02,-8.342633928571428770e-02,-8.286830357142857539e-02,-7.854352678571428770e-02,-8.077566964285713691e-02,-8.314732142857142461e-02,-7.924107142857142461e-02,-8.021763392857142461e-02,-7.798549107142857539e-02,-7.924107142857142461e-02,-8.440290178571428770e-02,-8.356584821428571230e-02,-7.770647321428571230e-02,-8.105468750000000000e-02,-8.133370535714286309e-02,-7.812500000000000000e-02,-7.728794642857142461e-02,-8.286830357142857539e-02,-8.203125000000000000e-02,-8.244977678571428770e-02,-8.063616071428571230e-02,-8.314732142857142461e-02,-8.035714285714286309e-02,-8.272879464285713691e-02
3.208705357142856845e-02,3.041294642857142808e-02,2.553013392857142808e-02,2.650669642857142808e-02,2.692522321428571577e-02,2.553013392857142808e-02,2.608816964285714385e-02,2.399553571428571577e-02,2.692522321428571577e-02,2.413504464285714385e-02,2.594866071428571577e-02,2.650669642857142808e-02,2.483258928571428423e-02,2.287946428571428423e-02,2.790178571428571577e-02,2.832031250000000000e-02,2.678571428571428423e-02,2.804129464285714385e-02,2.706473214285714385e-02,2.580915178571428423e-02,2.566964285714285615e-02,2.957589285714285615e-02,2.734375000000000000e-02,2.734375000000000000e-02,2.845982142857142808e-02,2.720424107142857192e-02,2.873883928571428423e-02,2.804129464285714385e-02,2.413504464285714385e-02,2.622767857142857192e-02,2.832031250000000000e-02,2.608816964285714385e-02,2.608816964285714385e-02,2.971540178571428423e-02,3.111049107142857192e-02,2.413504464285714385e-02,2.553013392857142808e-02,2.441406250000000000e-02,2.566964285714285615e-02,2.357700892857142808e-02,2.608816964285714385e-02,2.455357142857142808e-02
9.347098214285713691e-02,8.984375000000000000e-02,8.663504464285713691e-02,8.663504464285713691e-02,8.607700892857142461e-02,8.747209821428571230e-02,8.551897321428571230e-02,8.398437500000000000e-02,8.537946428571428770e-02,8.342633928571428770e-02,8.607700892857142461e-02,8.579799107142857539e-02,8.440290178571428770e-02,8.286830357142857539e-02,8.649553571428571230e-02,8.928571428571428770e-02,8.579799107142857539e-02,8.816964285714286309e-02,8.565848214285713691e-02,8.496093750000000000e-02,8.635602678571428770e-02,8.858816964285713691e-02,8.900669642857142461e-02,9.012276785714286309e-02,8.761160714285713691e-02,8.747209821428571230e-02,8.886718750000000000e-02,8.705357142857142461e-02,8.426339285714286309e-02,8.733258928571428770e-02,8.733258928571428770e-02,8.482142857142857539e-02,8.621651785714286309e-02,8.984375000000000000e-02,9.291294642857142461e-02,8.384486607142857539e-02,8.621651785714286309e-02,8.398437500000000000e-02,8.579799107142857539e-02,8.468191964285713691e-02,8.719308035714286309e-02,8.356584821428571230e-02
4.380580357142856845e-02,4.324776785714285615e-02,3.906250000000000000e-02,3.864397321428571230e-02,3.906250000000000000e-02,3.948102678571428770e-02,3.920200892857143155e-02,3.683035714285714385e-02,3.962053571428571230e-02,3.878348214285714385e-02,3.836495535714285615e-02,3.808593750000000000e-02,3.864397321428571230e-02,3.683035714285714385e-02,3.989955357142856845e-02,3.976004464285714385e-02,3.850446428571428770e-02,3.920200892857143155e-02,4.003906250000000000e-02,4.003906250000000000e-02,3.822544642857143155e-02,4.101562500000000000e-02,4.185267857142856845e-02,3.976004464285714385e-02,4.157366071428571230e-02,4.115513392857143155e-02,4.087611607142856845e-02,4.115513392857143155e-02,3.710937500000000000e-02,3.989955357142856845e-02,4.129464285714285615e-02,3.906250000000000000e-02,3.878348214285714385e-02,4.171316964285714385e-02,4.255022321428571230e-02,3.850446428571428770e-02,3.850446428571428770e-02,3.710937500000000000e-02,4.017857142857143155e-02,3.808593750000000000e-02,3.864397321428571230e-02,3.585379464285714385e-02
-2.720424107142857192e-02,-2.734375000000000000e-02,-3.194754464285714385e-02,-3.320312500000000000e-02,-3.152901785714285615e-02,-3.292410714285714385e-02,-3.208705357142856845e-02,-3.543526785714285615e-02,-3.194754464285714385e-02,-3.236607142857143155e-02,-3.348214285714285615e-02,-3.417968750000000000e-02,-3.250558035714285615e-02,-3.459821428571428770e-02,-2.873883928571428423e-02,-3.166852678571428770e-02,-3.236607142857143155e-02,-2.971540178571428423e-02,-2.999441964285714385e-02,-3.208705357142856845e-02,-3.445870535714285615e-02,-3.055245535714285615e-02,-2.999441964285714385e-02,-3.320312500000000000e-02,-2.929687500000000000e-02,-3.097098214285714385e-02,-2.901785714285714385e-02,-2.929687500000000000e-02,-3.515625000000000000e-02,-3.306361607142856845e-02,-2.818080357142857192e-02,-3.390066964285714385e-02,-3.166852678571428770e-02,-2.943638392857142808e-02,-2.971540178571428423e-02,-3.236607142857143155e-02,-3.417968750000000000e-02,-3.515625000000000000e-02,-3.194754464285714385e-02,-3.362165178571428770e-02,-3.222656250000000000e-02,-3.571428571428571230e-02
7.770647321428571230e-02,7.547433035714286309e-02,7.296316964285713691e-02,7.045200892857142461e-02,7.170758928571428770e-02,7.254464285714286309e-02,7.156808035714286309e-02,6.891741071428571230e-02,7.101004464285713691e-02,7.017299107142857539e-02,7.170758928571428770e-02,7.031250000000000000e-02,7.114955357142857539e-02,6.975446428571428770e-02,7.268415178571428770e-02,7.352120535714286309e-02,7.170758928571428770e-02,7.393973214285713691e-02,7.338169642857142461e-02,7.268415178571428770e-02,7.114955357142857539e-02,7.449776785714286309e-02,7.463727678571428770e-02,7.366071428571428770e-02,7.477678571428571230e-02,7.366071428571428770e-02,7.463727678571428770e-02,7.393973214285713691e-02,6.975446428571428770e-02,7.324218750000000000e-02,7.463727678571428770e-02,7.087053571428571230e-02,7.170758928571428770e-02,7.561383928571428770e-02,7.575334821428571230e-02,7.087053571428571230e-02,7.142857142857142461e-02,6.989397321428571230e-02,7.198660714285713691e-02,7.045200892857142461e-02,7.212611607142857539e-02,6.863839285714286309e-02
1.330915178571428492e-01,1.293247767857142738e-01,1.270926339285714246e-01,1.254185267857142738e-01,1.251395089285714246e-01,1.283482142857142738e-01,1.241629464285714246e-01,1.230468750000000000e-01,1.247209821428571369e-01,1.245814732142857123e-01,1.259765625000000000e-01,1.250000000000000000e-01,1.256975446428571508e-01,1.237444196428571369e-01,1.256975446428571508e-01,1.290457589285714246e-01,1.256975446428571508e-01,1.286272321428571508e-01,1.270926339285714246e-01,1.265345982142857262e-01,1.259765625000000000e-01,1.287667410714285754e-01,1.294642857142857262e-01,1.311383928571428492e-01,1.287667410714285754e-01,1.283482142857142738e-01,1.284877232142857262e-01,1.279296875000000000e-01,1.241629464285714246e-01,1.296037946428571508e-01,1.282087053571428492e-01,1.247209821428571369e-01,1.263950892857142738e-01,1.314174107142857262e-01,1.322544642857142738e-01,1.251395089285714246e-01,1.262555803571428492e-01,1.238839285714285754e-01,1.256975446428571508e-01,1.251395089285714246e-01,1.268136160714285754e-01,1.227678571428571369e-01
7.505580357142857539e-02,7.407924107142857539e-02,7.087053571428571230e-02,6.933593750000000000e-02,7.017299107142857539e-02,7.170758928571428770e-02,7.017299107142857539e-02,6.794084821428571230e-02,7.017299107142857539e-02,7.045200892857142461e-02,6.975446428571428770e-02,6.835937500000000000e-02,7.045200892857142461e-02,6.849888392857142461e-02,7.073102678571428770e-02,7.101004464285713691e-02,6.947544642857142461e-02,7.212611607142857539e-02,7.254464285714286309e-02,7.240513392857142461e-02,6.919642857142857539e-02,7.282366071428571230e-02,7.380022321428571230e-02,7.296316964285713691e-02,7.352120535714286309e-02,7.296316964285713691e-02,7.282366071428571230e-02,7.282366071428571230e-02,6.891741071428571230e-02,7.254464285714286309e-02,7.393973214285713691e-02,6.891741071428571230e-02,7.045200892857142461e-02,7.338169642857142461e-02,7.338169642857142461e-02,7.087053571428571230e-02,7.017299107142857539e-02,6.849888392857142461e-02,7.073102678571428770e-02,6.947544642857142461e-02,7.031250000000000000e-02,6.724330357142857539e-02
-9.068080357142857886e-03,-9.905133928571428076e-03,-1.297433035714285789e-02,-1.534598214285714211e-02,-1.395089285714285789e-02,-1.325334821428571404e-02,-1.492745535714285789e-02,-1.729910714285714385e-02,-1.562500000000000000e-02,-1.478794642857142808e-02,-1.464843750000000000e-02,-1.729910714285714385e-02,-1.492745535714285789e-02,-1.576450892857142808e-02,-1.213727678571428596e-02,-1.409040178571428596e-02,-1.506696428571428596e-02,-1.255580357142857192e-02,-1.283482142857142808e-02,-1.311383928571428596e-02,-1.604352678571428423e-02,-1.283482142857142808e-02,-1.297433035714285789e-02,-1.506696428571428596e-02,-1.241629464285714211e-02,-1.297433035714285789e-02,-1.227678571428571404e-02,-1.102120535714285789e-02,-1.646205357142857192e-02,-1.464843750000000000e-02,-1.116071428571428596e-02,-1.618303571428571577e-02,-1.436941964285714211e-02,-1.171875000000000000e-02,-1.199776785714285789e-02,-1.422991071428571404e-02,-1.548549107142857192e-02,-1.771763392857142808e-02,-1.422991071428571404e-02,-1.604352678571428423e-02,-1.506696428571428596e-02,-1.771763392857142808e-02
9.068080357142857539e-02,8.858816964285713691e-02,8.719308035714286309e-02,8.412388392857142461e-02,8.510044642857142461e-02,8.663504464285713691e-02,8.496093750000000000e-02,8.272879464285713691e-02,8.384486607142857539e-02,8.454241071428571230e-02,8.579799107142857539e-02,8.342633928571428770e-02,8.510044642857142461e-02,8.342633928571428770e-02,8.523995535714286309e-02,8.705357142857142461e-02,8.482142857142857539e-02,8.705357142857142461e-02,8.677455357142857539e-02,8.649553571428571230e-02,8.482142857142857539e-02,8.705357142857142461e-02,8.844866071428571230e-02,8.789062500000000000e-02,8.803013392857142461e-02,8.733258928571428770e-02,8.775111607142857539e-02,8.705357142857142461e-02,8.384486607142857539e-02,8.761160714285713691e-02,8.816964285714286309e-02,8.384486607142857539e-02,8.579799107142857539e-02,8.970424107142857539e-02,8.858816964285713691e-02,8.482142857142857539e-02,8.579799107142857539e-02,8.300781250000000000e-02,8.607700892857142461e-02,8.510044642857142461e-02,8.523995535714286309e-02,8.286830357142857539e-02
1.417410714285714246e-01,1.388113839285714246e-01,1.367187500000000000e-01,1.350446428571428492e-01,1.346261160714285754e-01,1.389508928571428492e-01,1.344866071428571508e-01,1.344866071428571508e-01,1.344866071428571508e-01,1.346261160714285754e-01,1.365792410714285754e-01,1.339285714285714246e-01,1.361607142857142738e-01,1.333705357142857262e-01,1.343470982142857262e-01,1.386718750000000000e-01,1.354631696428571508e-01,1.376953125000000000e-01,1.367187500000000000e-01,1.369977678571428492e-01,1.354631696428571508e-01,1.383928571428571508e-01,1.392299107142857262e-01,1.414620535714285754e-01,1.382533482142857262e-01,1.390904017857142738e-01,1.379743303571428492e-01,1.372767857142857262e-01,1.343470982142857262e-01,1.403459821428571508e-01,1.388113839285714246e-01,1.344866071428571508e-01,1.357421875000000000e-01,1.407645089285714246e-01,1.411830357142857262e-01,1.342075892857142738e-01,1.375558035714285754e-01,1.344866071428571508e-01,1.360212053571428492e-01,1.353236607142857262e-01,1.360212053571428492e-01,1.325334821428571508e-01
8.231026785714286309e-02,8.175223214285713691e-02,7.924107142857142461e-02,7.686941964285713691e-02,7.728794642857142461e-02,7.979910714285713691e-02,7.742745535714286309e-02,7.561383928571428770e-02,7.631138392857142461e-02,7.784598214285713691e-02,7.770647321428571230e-02,7.449776785714286309e-02,7.798549107142857539e-02,7.659040178571428770e-02,7.770647321428571230e-02,7.854352678571428770e-02,7.645089285714286309e-02,7.840401785714286309e-02,7.993861607142857539e-02,7.979910714285713691e-02,7.742745535714286309e-02,7.938058035714286309e-02,8.119419642857142461e-02,7.952008928571428770e-02,8.035714285714286309e-02,8.077566964285713691e-02,8.007812500000000000e-02,8.077566964285713691e-02,7.686941964285713691e-02,8.021763392857142461e-02,8.133370535714286309e-02,7.603236607142857539e-02,7.868303571428571230e-02,8.119419642857142461e-02,8.063616071428571230e-02,7.840401785714286309e-02,7.812500000000000000e-02,7.589285714285713691e-02,7.868303571428571230e-02,7.756696428571428770e-02,7.714843750000000000e-02,7.407924107142857539e-02
-5.678013392857143155e-02,-5.636160714285714385e-02,-5.901227678571428770e-02,-6.012834821428571230e-02,-5.929129464285714385e-02,-5.929129464285714385e-02,-5.873325892857143155e-02,-6.166294642857143155e-02,-6.026785714285714385e-02,-5.915178571428571230e-02,-5.970982142857143155e-02,-6.124441964285714385e-02,-5.775669642857143155e-02,-6.208147321428571230e-02,-5.873325892857143155e-02,-5.803571428571428770e-02,-5.943080357142856845e-02,-6.208147321428571230e-02,-6.026785714285714385e-02,-6.124441964285714385e-02,-6.082589285714285615e-02,-5.789620535714285615e-02,-5.970982142857143155e-02,-6.054687500000000000e-02,-5.733816964285714385e-02,-5.929129464285714385e-02,-5.761718750000000000e-02,-5.915178571428571230e-02,-6.319754464285713691e-02,-5.873325892857143155e-02,-5.789620535714285615e-02,-6.180245535714285615e-02,-5.887276785714285615e-02,-5.789620535714285615e-02,-5.831473214285714385e-02,-5.915178571428571230e-02,-6.040736607142856845e-02,-6.180245535714285615e-02,-5.915178571428571230e-02,-5.915178571428571230e-02,-6.026785714285714385e-02,-6.138392857142856845e-02
-1.925223214285714385e-02,-2.008928571428571577e-02,-2.204241071428571577e-02,-2.246093750000000000e-02,-2.232142857142857192e-02,-2.148437500000000000e-02,-2.134486607142857192e-02,-2.329799107142857192e-02,-2.301897321428571577e-02,-2.246093750000000000e-02,-2.315848214285714385e-02,-2.371651785714285615e-02,-2.064732142857142808e-02,-2.483258928571428423e-02,-2.218191964285714385e-02,-2.036830357142857192e-02,-2.260044642857142808e-02,-2.539062500000000000e-02,-2.371651785714285615e-02,-2.413504464285714385e-02,-2.315848214285714385e-02,-2.050781250000000000e-02,-2.190290178571428423e-02,-2.078683035714285615e-02,-2.050781250000000000e-02,-2.176339285714285615e-02,-2.078683035714285615e-02,-2.246093750000000000e-02,-2.455357142857142808e-02,-2.050781250000000000e-02,-2.064732142857142808e-02,-2.511160714285714385e-02,-2.190290178571428423e-02,-2.050781250000000000e-02,-2.036830357142857192e-02,-2.260044642857142808e-02,-2.176339285714285615e-02,-2.385602678571428423e-02,-2.204241071428571577e-02,-2.162388392857142808e-02,-2.246093750000000000e-02,-2.497209821428571577e-02
3.501674107142856845e-02,3.376116071428571230e-02,3.222656250000000000e-02,3.111049107142857192e-02,2.971540178571428423e-02,3.292410714285714385e-02,3.180803571428571230e-02,3.041294642857142808e-02,3.125000000000000000e-02,3.125000000000000000e-02,3.278459821428571230e-02,3.166852678571428770e-02,3.334263392857143155e-02,2.887834821428571577e-02,2.957589285714285615e-02,3.473772321428571230e-02,3.222656250000000000e-02,2.859933035714285615e-02,2.957589285714285615e-02,2.999441964285714385e-02,3.083147321428571577e-02,3.417968750000000000e-02,3.362165178571428770e-02,3.543526785714285615e-02,3.417968750000000000e-02,3.236607142857143155e-02,3.222656250000000000e-02,3.166852678571428770e-02,2.971540178571428423e-02,3.515625000000000000e-02,3.334263392857143155e-02,3.013392857142857192e-02,3.194754464285714385e-02,3.543526785714285615e-02,3.515625000000000000e-02,3.055245535714285615e-02,3.278459821428571230e-02,3.027343750000000000e-02,3.306361607142856845e-02,3.236607142857143155e-02,3.180803571428571230e-02,2.887834821428571577e-02
-1.074218750000000000e-02,-1.032366071428571404e-02,-1.311383928571428596e-02,-1.436941964285714211e-02,-1.325334821428571404e-02,-1.157924107142857192e-02,-1.297433035714285789e-02,-1.450892857142857192e-02,-1.395089285714285789e-02,-1.269531250000000000e-02,-1.409040178571428596e-02,-1.618303571428571577e-02,-1.171875000000000000e-02,-1.492745535714285789e-02,-1.367187500000000000e-02,-1.157924107142857192e-02,-1.464843750000000000e-02,-1.604352678571428423e-02,-1.325334821428571404e-02,-1.367187500000000000e-02,-1.464843750000000000e-02,-1.199776785714285789e-02,-1.199776785714285789e-02,-1.241629464285714211e-02,-1.116071428571428596e-02,-1.171875000000000000e-02,-1.185825892857142808e-02,-1.213727678571428596e-02,-1.534598214285714211e-02,-1.143973214285714211e-02,-1.130022321428571404e-02,-1.562500000000000000e-02,-1.269531250000000000e-02,-1.213727678571428596e-02,-1.185825892857142808e-02,-1.185825892857142808e-02,-1.325334821428571404e-02,-1.520647321428571404e-02,-1.283482142857142808e-02,-1.241629464285714211e-02,-1.381138392857142808e-02,-1.660156250000000000e-02
-2.080078125000000000e-01,-2.003348214285714246e-01,-2.007533482142857262e-01,-2.034040178571428492e-01,-2.042410714285714246e-01,-2.087053571428571508e-01,-2.006138392857142738e-01,-2.068917410714285754e-01,-2.054966517857142738e-01,-1.960100446428571508e-01,-2.099609375000000000e-01,-2.073102678571428492e-01,-1.982421875000000000e-01,-2.080078125000000000e-01,-1.926618303571428492e-01,-2.102399553571428492e-01,-2.074497767857142738e-01,-2.080078125000000000e-01,-2.101004464285714246e-01,-2.105189732142857262e-01,-2.017299107142857262e-01,-1.879185267857142738e-01,-2.068917410714285754e-01,-2.078683035714285754e-01,-2.050781250000000000e-01,-2.068917410714285754e-01,-1.944754464285714246e-01,-2.003348214285714246e-01,-2.070312500000000000e-01,-2.095424107142857262e-01,-1.993582589285714246e-01,-2.038225446428571508e-01,-1.990792410714285754e-01,-2.094029017857142738e-01,-2.011718750000000000e-01,-2.039620535714285754e-01,-2.032645089285714246e-01,-2.015904017857142738e-01,-2.000558035714285754e-01,-2.060546875000000000e-01,-2.046595982142857262e-01,-2.054966517857142738e-01
-7.631138392857142461e-02,-7.142857142857142461e-02,-7.226562500000000000e-02,-7.366071428571428770e-02,-7.477678571428571230e-02,-7.798549107142857539e-02,-7.296316964285713691e-02,-7.742745535714286309e-02,-7.519531250000000000e-02,-6.905691964285713691e-02,-7.952008928571428770e-02,-7.896205357142857539e-02,-6.877790178571428770e-02,-7.854352678571428770e-02,-6.766183035714286309e-02,-7.924107142857142461e-02,-7.798549107142857539e-02,-7.659040178571428770e-02,-7.840401785714286309e-02,-7.910156250000000000e-02,-7.282366071428571230e-02,-6.012834821428571230e-02,-7.407924107142857539e-02,-7.352120535714286309e-02,-7.407924107142857539e-02,-7.561383928571428770e-02,-6.668526785714286309e-02,-7.156808035714286309e-02,-7.603236607142857539e-02,-7.659040178571428770e-02,-7.142857142857142461e-02,-7.407924107142857539e-02,-7.059151785714286309e-02,-7.812500000000000000e-02,-7.059151785714286309e-02,-7.380022321428571230e-02,-7.366071428571428770e-02,-7.226562500000000000e-02,-7.156808035714286309e-02,-7.575334821428571230e-02,-7.435825892857142461e-02,-7.798549107142857539e-02
-2.092633928571428509e-03,6.975446428571428726e-04,1.674107142857142764e-03,-1.674107142857142764e-03,-2.929687500000000000e-03,-2.929687500000000000e-03,2.790178571428571274e-04,-2.650669642857142981e-03,-2.790178571428571491e-03,2.790178571428571491e-03,-3.627232142857142981e-03,-3.766741071428571491e-03,2.929687500000000000e-03,-4.185267857142857019e-03,3.348214285714285528e-03,-3.627232142857142981e-03,-3.208705357142857019e-03,-3.348214285714285528e-03,-4.464285714285714038e-03,-4.603794642857142981e-03,5.580357142857142547e-04,1.116071428571428596e-02,1.674107142857142764e-03,1.953125000000000000e-03,1.395089285714285637e-04,-9.765625000000000000e-04,4.603794642857142981e-03,2.790178571428571274e-04,-1.534598214285714255e-03,-8.370535714285713821e-04,1.953125000000000000e-03,-9.765625000000000000e-04,1.953125000000000000e-03,-2.929687500000000000e-03,4.464285714285714038e-03,-1.534598214285714255e-03,1.116071428571428509e-03,1.395089285714285637e-04,1.255580357142857236e-03,-1.116071428571428509e-03,-6.975446428571428726e-04,-4.324776785714285962e-03
-2.859933035714285615e-02,-2.469308035714285615e-02,-2.692522321428571577e-02,-2.859933035714285615e-02,-2.873883928571428423e-02,-2.859933035714285615e-02,-2.706473214285714385e-02,-3.083147321428571577e-02,-2.957589285714285615e-02,-2.483258928571428423e-02,-3.138950892857143155e-02,-3.320312500000000000e-02,-2.427455357142857192e-02,-3.055245535714285615e-02,-2.483258928571428423e-02,-3.194754464285714385e-02,-3.138950892857143155e-02,-3.055245535714285615e-02,-2.971540178571428423e-02,-2.901785714285714385e-02,-2.818080357142857192e-02,-1.953125000000000000e-02,-2.692522321428571577e-02,-2.734375000000000000e-02,-2.678571428571428423e-02,-2.678571428571428423e-02,-2.287946428571428423e-02,-2.483258928571428423e-02,-2.915736607142857192e-02,-2.845982142857142808e-02,-2.511160714285714385e-02,-2.943638392857142808e-02,-2.594866071428571577e-02,-3.027343750000000000e-02,-2.497209821428571577e-02,-2.706473214285714385e-02,-2.692522321428571577e-02,-2.762276785714285615e-02,-2.692522321428571577e-02,-2.915736607142857192e-02,-2.873883928571428423e-02,-3.166852678571428770e-02
-2.095424107142857262e-01,-2.085658482142857262e-01,-2.004743303571428492e-01,-2.059151785714285754e-01,-2.049386160714285754e-01,-2.110770089285714246e-01,-2.074497767857142738e-01,-2.106584821428571508e-01,-2.133091517857142738e-01,-2.000558035714285754e-01,-2.075892857142857262e-01,-2.085658482142857262e-01,-2.057756696428571508e-01,-2.144252232142857262e-01,-1.923828125000000000e-01,-2.094029017857142738e-01,-2.138671875000000000e-01,-2.133091517857142738e-01,-2.190290178571428492e-01,-2.174944196428571508e-01,-2.027064732142857262e-01,-1.886160714285714246e-01,-2.138671875000000000e-01,-2.159598214285714246e-01,-2.102399553571428492e-01,-2.126116071428571508e-01,-1.930803571428571508e-01,-1.997767857142857262e-01,-2.155412946428571508e-01,-2.113560267857142738e-01,-1.999162946428571508e-01,-2.106584821428571508e-01,-2.060546875000000000e-01,-2.088448660714285754e-01,-2.089843750000000000e-01,-2.081473214285714246e-01,-2.000558035714285754e-01,-2.057756696428571508e-01,-2.015904017857142738e-01,-2.102399553571428492e-01,-2.087053571428571508e-01,-2.087053571428571508e-01
-1.587611607142857262e-01,-1.590401785714285754e-01,-1.529017857142857262e-01,-1.565290178571428492e-01,-1.566685267857142738e-01,-1.609933035714285754e-01,-1.593191964285714246e-01,-1.614118303571428492e-01,-1.632254464285714246e-01,-1.526227678571428492e-01,-1.576450892857142738e-01,-1.597377232142857262e-01,-1.575055803571428492e-01,-1.653180803571428492e-01,-1.469029017857142738e-01,-1.591796875000000000e-01,-1.647600446428571508e-01,-1.635044642857142738e-01,-1.682477678571428492e-01,-1.671316964285714246e-01,-1.538783482142857262e-01,-1.410435267857142738e-01,-1.635044642857142738e-01,-1.644810267857142738e-01,-1.601562500000000000e-01,-1.616908482142857262e-01,-1.459263392857142738e-01,-1.523437500000000000e-01,-1.658761160714285754e-01,-1.608537946428571508e-01,-1.522042410714285754e-01,-1.616908482142857262e-01,-1.577845982142857262e-01,-1.590401785714285754e-01,-1.586216517857142738e-01,-1.593191964285714246e-01,-1.516462053571428492e-01,-1.570870535714285754e-01,-1.524832589285714246e-01,-1.607142857142857262e-01,-1.597377232142857262e-01,-1.607142857142857262e-01
-8.105468750000000000e-02,-8.147321428571428770e-02,-7.491629464285713691e-02,-8.021763392857142461e-02,-7.993861607142857539e-02,-8.189174107142857539e-02,-8.175223214285713691e-02,-8.244977678571428770e-02,-8.454241071428571230e-02,-7.589285714285713691e-02,-7.952008928571428770e-02,-8.133370535714286309e-02,-8.007812500000000000e-02,-8.621651785714286309e-02,-7.338169642857142461e-02,-8.021763392857142461e-02,-8.565848214285713691e-02,-8.384486607142857539e-02,-8.928571428571428770e-02,-8.747209821428571230e-02,-7.742745535714286309e-02,-6.682477678571428770e-02,-8.189174107142857539e-02,-8.300781250000000000e-02,-8.161272321428571230e-02,-8.300781250000000000e-02,-7.212611607142857539e-02,-7.575334821428571230e-02,-8.621651785714286309e-02,-7.965959821428571230e-02,-7.477678571428571230e-02,-8.454241071428571230e-02,-8.021763392857142461e-02,-7.938058035714286309e-02,-7.868303571428571230e-02,-8.161272321428571230e-02,-7.449776785714286309e-02,-7.979910714285713691e-02,-7.631138392857142461e-02,-8.175223214285713691e-02,-8.133370535714286309e-02,-8.356584821428571230e-02
-9.612165178571428770e-02,-9.640066964285713691e-02,-9.291294642857142461e-02,-9.709821428571428770e-02,-9.640066964285713691e-02,-9.723772321428571230e-02,-9.723772321428571230e-02,-9.946986607142857539e-02,-1.000279017857142877e-01,-9.305245535714286309e-02,-9.640066964285713691e-02,-9.919084821428571230e-02,-9.612165178571428770e-02,-1.004464285714285754e-01,-9.012276785714286309e-02,-9.695870535714286309e-02,-1.011439732142857123e-01,-1.000279017857142877e-01,-1.012834821428571369e-01,-1.003069196428571369e-01,-9.472656250000000000e-02,-8.691406250000000000e-02,-9.849330357142857539e-02,-1.000279017857142877e-01,-9.667968750000000000e-02,-9.765625000000000000e-02,-8.956473214285713691e-02,-9.137834821428571230e-02,-1.015625000000000000e-01,-9.667968750000000000e-02,-9.151785714285713691e-02,-9.919084821428571230e-02,-9.598214285714286309e-02,-9.640066964285713691e-02,-9.667968750000000000e-02,-9.640066964285713691e-02,-9.249441964285713691e-02,-9.695870535714286309e-02,-9.333147321428571230e-02,-9.807477678571428770e-02,-9.821428571428571230e-02,-9.877232142857142461e-02
-2.742745535714285476e-01,-2.741350446428571508e-01,-2.709263392857143016e-01,-2.717633928571428492e-01,-2.730189732142856984e-01,-2.751116071428571508e-01,-2.739955357142856984e-01,-2.731584821428571508e-01,-2.755301339285714524e-01,-2.678571428571428492e-01,-2.749720982142856984e-01,-2.756696428571428492e-01,-2.698102678571428492e-01,-2.797154017857143016e-01,-2.624162946428571508e-01,-2.766462053571428492e-01,-2.776227678571428492e-01,-2.799944196428571508e-01,-2.819475446428571508e-01,-2.848772321428571508e-01,-2.689732142857143016e-01,-2.631138392857143016e-01,-2.806919642857143016e-01,-2.802734375000000000e-01,-2.735770089285714524e-01,-2.765066964285714524e-01,-2.679966517857143016e-01,-2.696707589285714524e-01,-2.802734375000000000e-01,-2.765066964285714524e-01,-2.700892857142856984e-01,-2.749720982142856984e-01,-2.717633928571428492e-01,-2.772042410714285476e-01,-2.751116071428571508e-01,-2.723214285714285476e-01,-2.686941964285714524e-01,-2.709263392857143016e-01,-2.689732142857143016e-01,-2.723214285714285476e-01,-2.756696428571428492e-01,-2.720424107142856984e-01
-1.699218750000000000e-01,-1.714564732142857262e-01,-1.693638392857142738e-01,-1.693638392857142738e-01,-1.702008928571428492e-01,-1.711774553571428492e-01,-1.718750000000000000e-01,-1.715959821428571508e-01,-1.717354910714285754e-01,-1.667131696428571508e-01,-1.715959821428571508e-01,-1.731305803571428492e-01,-1.676897321428571508e-01,-1.764787946428571508e-01,-1.646205357142857262e-01,-1.725725446428571508e-01,-1.745256696428571508e-01,-1.750837053571428492e-01,-1.773158482142857262e-01,-1.791294642857142738e-01,-1.668526785714285754e-01,-1.626674107142857262e-01,-1.748046875000000000e-01,-1.739676339285714246e-01,-1.697823660714285754e-01,-1.713169642857142738e-01,-1.679687500000000000e-01,-1.683872767857142738e-01,-1.760602678571428492e-01,-1.718750000000000000e-01,-1.676897321428571508e-01,-1.718750000000000000e-01,-1.686662946428571508e-01,-1.727120535714285754e-01,-1.704799107142857262e-01,-1.702008928571428492e-01,-1.664341517857142738e-01,-1.683872767857142738e-01,-1.674107142857142738e-01,-1.702008928571428492e-01,-1.734095982142857262e-01,-1.702008928571428492e-01
-8.621651785714286309e-02,-8.789062500000000000e-02,-8.551897321428571230e-02,-8.705357142857142461e-02,-8.775111607142857539e-02,-8.705357142857142461e-02,-8.900669642857142461e-02,-8.733258928571428770e-02,-8.844866071428571230e-02,-8.454241071428571230e-02,-8.733258928571428770e-02,-8.886718750000000000e-02,-8.454241071428571230e-02,-9.179687500000000000e-02,-8.454241071428571230e-02,-8.649553571428571230e-02,-9.026227678571428770e-02,-9.082031250000000000e-02,-9.333147321428571230e-02,-9.556361607142857539e-02,-8.537946428571428770e-02,-8.147321428571428770e-02,-8.900669642857142461e-02,-8.803013392857142461e-02,-8.719308035714286309e-02,-8.775111607142857539e-02,-8.663504464285713691e-02,-8.635602678571428770e-02,-9.137834821428571230e-02,-8.733258928571428770e-02,-8.551897321428571230e-02,-9.012276785714286309e-02,-8.705357142857142461e-02,-8.830915178571428770e-02,-8.551897321428571230e-02,-8.761160714285713691e-02,-8.356584821428571230e-02,-8.537946428571428770e-02,-8.482142857142857539e-02,-8.607700892857142461e-02,-8.858816964285713691e-02,-8.775111607142857539e-02
-1.007254464285714246e-01,-1.008649553571428631e-01,-1.004464285714285754e-01,-1.022600446428571369e-01,-1.021205357142857123e-01,-1.010044642857142877e-01,-1.022600446428571369e-01,-1.025390625000000000e-01,-1.026785714285714246e-01,-9.877232142857142461e-02,-1.021205357142857123e-01,-1.046316964285714246e-01,-9.960937500000000000e-02,-1.046316964285714246e-01,-9.807477678571428770e-02,-1.033761160714285754e-01,-1.043526785714285754e-01,-1.046316964285714246e-01,-1.047712053571428631e-01,-1.047712053571428631e-01,-1.001674107142857123e-01,-9.681919642857142461e-02,-1.026785714285714246e-01,-1.035156250000000000e-01,-1.001674107142857123e-01,-1.008649553571428631e-01,-9.946986607142857539e-02,-9.821428571428571230e-02,-1.043526785714285754e-01,-1.008649553571428631e-01,-9.891183035714286309e-02,-1.025390625000000000e-01,-9.988839285714286309e-02,-1.019810267857142877e-01,-1.010044642857142877e-01,-1.003069196428571369e-01,-9.891183035714286309e-02,-1.001674107142857123e-01,-9.891183035714286309e-02,-1.011439732142857123e-01,-1.033761160714285754e-01,-1.023995535714285754e-01
-2.279575892857142738e-01,-2.406529017857142738e-01,-2.237723214285714246e-01,-2.356305803571428492e-01,-2.267020089285714246e-01,-2.296316964285714246e-01,-2.363281250000000000e-01,-2.373046875000000000e-01,-2.359095982142857262e-01,-2.350725446428571508e-01,-2.304687500000000000e-01,-2.273995535714285754e-01,-2.342354910714285754e-01,-2.396763392857142738e-01,-1.946149553571428492e-01,-2.310267857142857262e-01,-2.413504464285714246e-01,-2.041015625000000000e-01,-2.417689732142857262e-01,-2.434430803571428492e-01,-2.250279017857142738e-01,-2.371651785714285754e-01,-2.424665178571428492e-01,-2.440011160714285754e-01,-2.367466517857142738e-01,-2.419084821428571508e-01,-2.258649553571428492e-01,-2.223772321428571508e-01,-2.426060267857142738e-01,-2.303292410714285754e-01,-2.272600446428571508e-01,-2.114955357142857262e-01,-2.371651785714285754e-01,-2.322823660714285754e-01,-2.409319196428571508e-01,-2.343750000000000000e-01,-2.227957589285714246e-01,-2.099609375000000000e-01,-2.222377232142857262e-01,-2.386997767857142738e-01,-2.403738839285714246e-01,-1.996372767857142738e-01
-8.761160714285713691e-02,-9.905133928571428770e-02,-8.565848214285713691e-02,-9.598214285714286309e-02,-8.858816964285713691e-02,-8.886718750000000000e-02,-9.681919642857142461e-02,-9.598214285714286309e-02,-9.598214285714286309e-02,-9.542410714285713691e-02,-8.970424107142857539e-02,-8.775111607142857539e-02,-9.416852678571428770e-02,-9.793526785714286309e-02,-6.403459821428571230e-02,-8.984375000000000000e-02,-9.877232142857142461e-02,-6.808035714285713691e-02,-1.004464285714285754e-01,-1.004464285714285754e-01,-8.677455357142857539e-02,-9.556361607142857539e-02,-9.765625000000000000e-02,-9.863281250000000000e-02,-9.416852678571428770e-02,-9.960937500000000000e-02,-8.761160714285713691e-02,-8.496093750000000000e-02,-9.919084821428571230e-02,-8.858816964285713691e-02,-8.844866071428571230e-02,-7.617187500000000000e-02,-9.654017857142857539e-02,-9.095982142857142461e-02,-9.695870535714286309e-02,-9.416852678571428770e-02,-8.440290178571428770e-02,-7.435825892857142461e-02,-8.384486607142857539e-02,-9.737723214285713691e-02,-9.863281250000000000e-02,-6.612723214285713691e-02
-7.672991071428571057e-03,-1.925223214285714385e-02,-6.975446428571428943e-03,-1.702008928571428423e-02,-9.486607142857142114e-03,-9.626116071428571924e-03,-1.743861607142857192e-02,-1.632254464285714385e-02,-1.618303571428571577e-02,-1.604352678571428423e-02,-1.046316964285714211e-02,-9.347098214285714038e-03,-1.464843750000000000e-02,-1.841517857142857192e-02,8.231026785714285962e-03,-8.091517857142857886e-03,-1.869419642857142808e-02,7.672991071428571057e-03,-1.953125000000000000e-02,-1.967075892857142808e-02,-7.533482142857142981e-03,-1.548549107142857192e-02,-1.590401785714285615e-02,-1.492745535714285789e-02,-1.492745535714285789e-02,-1.841517857142857192e-02,-9.905133928571428076e-03,-7.254464285714285962e-03,-1.953125000000000000e-02,-8.789062500000000000e-03,-9.486607142857142114e-03,-9.765625000000000000e-04,-1.688058035714285615e-02,-1.018415178571428596e-02,-1.534598214285714211e-02,-1.576450892857142808e-02,-5.859375000000000000e-03,1.674107142857142764e-03,-6.696428571428571057e-03,-1.757812500000000000e-02,-1.799665178571428423e-02,6.556919642857142981e-03
-3.208705357142856845e-02,-3.822544642857143155e-02,-3.041294642857142808e-02,-3.836495535714285615e-02,-3.362165178571428770e-02,-3.180803571428571230e-02,-3.822544642857143155e-02,-3.864397321428571230e-02,-3.766741071428571230e-02,-3.683035714285714385e-02,-3.417968750000000000e-02,-3.515625000000000000e-02,-3.627232142857143155e-02,-3.892299107142856845e-02,-1.841517857142857192e-02,-3.390066964285714385e-02,-4.031808035714285615e-02,-2.190290178571428423e-02,-3.878348214285714385e-02,-3.864397321428571230e-02,-3.180803571428571230e-02,-3.696986607142856845e-02,-3.696986607142856845e-02,-3.780691964285714385e-02,-3.571428571428571230e-02,-3.822544642857143155e-02,-3.166852678571428770e-02,-2.915736607142857192e-02,-3.989955357142856845e-02,-3.180803571428571230e-02,-3.166852678571428770e-02,-2.608816964285714385e-02,-3.724888392857143155e-02,-3.417968750000000000e-02,-3.780691964285714385e-02,-3.599330357142856845e-02,-3.055245535714285615e-02,-2.580915178571428423e-02,-3.041294642857142808e-02,-3.808593750000000000e-02,-3.948102678571428770e-02,-2.092633928571428423e-02
-1.054687500000000000e-01,-1.148158482142857123e-01,-1.040736607142857123e-01,-1.139787946428571369e-01,-1.068638392857142877e-01,-1.061662946428571369e-01,-1.150948660714285754e-01,-1.157924107142857123e-01,-1.134207589285714246e-01,-1.132812500000000000e-01,-1.077008928571428631e-01,-1.074218750000000000e-01,-1.128627232142857123e-01,-1.162109375000000000e-01,-8.258928571428571230e-02,-1.083984375000000000e-01,-1.176060267857142877e-01,-8.747209821428571230e-02,-1.160714285714285754e-01,-1.164899553571428631e-01,-1.044921875000000000e-01,-1.142578125000000000e-01,-1.171875000000000000e-01,-1.174665178571428631e-01,-1.124441964285714246e-01,-1.150948660714285754e-01,-1.036551339285714246e-01,-1.014229910714285754e-01,-1.181640625000000000e-01,-1.065848214285714246e-01,-1.054687500000000000e-01,-1.005859375000000000e-01,-1.148158482142857123e-01,-1.089564732142857123e-01,-1.152343750000000000e-01,-1.123046875000000000e-01,-1.029575892857142877e-01,-1.023995535714285754e-01,-1.023995535714285754e-01,-1.160714285714285754e-01,-1.173270089285714246e-01,-8.635602678571428770e-02
1.381138392857142808e-02,5.580357142857142981e-03,1.450892857142857192e-02,5.301339285714285962e-03,1.171875000000000000e-02,1.297433035714285789e-02,4.882812500000000000e-03,4.603794642857142981e-03,5.580357142857142981e-03,5.998883928571428943e-03,1.046316964285714211e-02,1.130022321428571404e-02,6.975446428571428943e-03,3.766741071428571491e-03,2.901785714285714385e-02,1.199776785714285789e-02,3.069196428571428509e-03,2.845982142857142808e-02,4.185267857142857019e-03,3.348214285714285528e-03,1.367187500000000000e-02,6.138392857142857019e-03,6.277901785714285962e-03,5.859375000000000000e-03,7.812500000000000000e-03,5.998883928571428943e-03,1.283482142857142808e-02,1.548549107142857192e-02,3.208705357142857019e-03,1.339285714285714211e-02,1.269531250000000000e-02,1.492745535714285789e-02,5.440848214285714038e-03,1.185825892857142808e-02,5.719866071428571057e-03,7.114955357142857019e-03,1.506696428571428596e-02,1.576450892857142808e-02,1.548549107142857192e-02,5.022321428571428943e-03,3.627232142857142981e-03,2.887834821428571577e-02
7.840401785714286309e-02,6.877790178571428770e-02,7.756696428571428770e-02,6.877790178571428770e-02,7.421875000000000000e-02,7.700892857142857539e-02,6.752232142857142461e-02,6.808035714285713691e-02,6.863839285714286309e-02,6.891741071428571230e-02,7.505580357142857539e-02,7.463727678571428770e-02,7.128906250000000000e-02,6.766183035714286309e-02,8.761160714285713691e-02,7.645089285714286309e-02,6.696428571428571230e-02,8.914620535714286309e-02,6.849888392857142461e-02,6.738281250000000000e-02,7.700892857142857539e-02,6.933593750000000000e-02,7.170758928571428770e-02,7.184709821428571230e-02,7.184709821428571230e-02,7.128906250000000000e-02,7.463727678571428770e-02,7.770647321428571230e-02,6.668526785714286309e-02,7.714843750000000000e-02,7.505580357142857539e-02,7.728794642857142461e-02,6.933593750000000000e-02,7.617187500000000000e-02,7.142857142857142461e-02,6.933593750000000000e-02,7.798549107142857539e-02,7.784598214285713691e-02,7.756696428571428770e-02,6.849888392857142461e-02,6.891741071428571230e-02,8.803013392857142461e-02
3.431919642857143155e-02,2.943638392857142808e-02,3.431919642857143155e-02,2.734375000000000000e-02,3.166852678571428770e-02,3.404017857142856845e-02,2.692522321428571577e-02,2.664620535714285615e-02,2.762276785714285615e-02,2.859933035714285615e-02,3.138950892857143155e-02,2.985491071428571577e-02,2.901785714285714385e-02,2.692522321428571577e-02,4.282924107142856845e-02,3.166852678571428770e-02,2.539062500000000000e-02,4.268973214285714385e-02,2.859933035714285615e-02,2.887834821428571577e-02,3.306361607142856845e-02,2.832031250000000000e-02,2.957589285714285615e-02,2.957589285714285615e-02,3.069196428571428423e-02,3.013392857142857192e-02,3.320312500000000000e-02,3.599330357142856845e-02,2.650669642857142808e-02,3.404017857142856845e-02,3.390066964285714385e-02,3.417968750000000000e-02,2.790178571428571577e-02,3.194754464285714385e-02,2.943638392857142808e-02,2.957589285714285615e-02,3.445870535714285615e-02,3.390066964285714385e-02,3.362165178571428770e-02,2.776227678571428423e-02,2.608816964285714385e-02,4.129464285714285615e-02
-8.063616071428571230e-02,-8.537946428571428770e-02,-7.854352678571428770e-02,-8.384486607142857539e-02,-8.161272321428571230e-02,-8.203125000000000000e-02,-8.649553571428571230e-02,-8.565848214285713691e-02,-8.314732142857142461e-02,-8.370535714285713691e-02,-8.328683035714286309e-02,-8.063616071428571230e-02,-8.314732142857142461e-02,-8.593750000000000000e-02,-4.952566964285714385e-02,-8.244977678571428770e-02,-8.886718750000000000e-02,-5.259486607142856845e-02,-8.537946428571428770e-02,-8.691406250000000000e-02,-8.007812500000000000e-02,-8.593750000000000000e-02,-8.593750000000000000e-02,-8.677455357142857539e-02,-8.244977678571428770e-02,-8.328683035714286309e-02,-7.993861607142857539e-02,-7.672991071428571230e-02,-8.816964285714286309e-02,-8.161272321428571230e-02,-8.161272321428571230e-02,-7.101004464285713691e-02,-8.412388392857142461e-02,-8.356584821428571230e-02,-8.510044642857142461e-02,-8.189174107142857539e-02,-7.686941964285713691e-02,-7.184709821428571230e-02,-7.784598214285713691e-02,-8.523995535714286309e-02,-8.789062500000000000e-02,-5.147879464285714385e-02
2.859933035714285615e-02,2.385602678571428423e-02,3.055245535714285615e-02,2.525111607142857192e-02,2.706473214285714385e-02,2.734375000000000000e-02,2.218191964285714385e-02,2.329799107142857192e-02,2.441406250000000000e-02,2.469308035714285615e-02,2.566964285714285615e-02,2.734375000000000000e-02,2.622767857142857192e-02,2.329799107142857192e-02,5.371093750000000000e-02,2.720424107142857192e-02,2.092633928571428423e-02,5.440848214285714385e-02,2.497209821428571577e-02,2.190290178571428423e-02,2.901785714285714385e-02,2.413504464285714385e-02,2.525111607142857192e-02,2.566964285714285615e-02,2.692522321428571577e-02,2.650669642857142808e-02,2.762276785714285615e-02,3.125000000000000000e-02,2.204241071428571577e-02,2.859933035714285615e-02,2.692522321428571577e-02,3.543526785714285615e-02,2.483258928571428423e-02,2.650669642857142808e-02,2.511160714285714385e-02,2.622767857142857192e-02,3.097098214285714385e-02,3.571428571428571230e-02,3.069196428571428423e-02,2.483258928571428423e-02,2.232142857142857192e-02,5.329241071428571230e-02
8.928571428571428770e-02,8.356584821428571230e-02,9.026227678571428770e-02,8.384486607142857539e-02,8.607700892857142461e-02,8.719308035714286309e-02,8.175223214285713691e-02,8.370535714285713691e-02,8.412388392857142461e-02,8.398437500000000000e-02,8.523995535714286309e-02,8.747209821428571230e-02,8.607700892857142461e-02,8.412388392857142461e-02,1.082589285714285754e-01,8.775111607142857539e-02,8.217075892857142461e-02,1.110491071428571369e-01,8.440290178571428770e-02,8.189174107142857539e-02,8.900669642857142461e-02,8.426339285714286309e-02,8.607700892857142461e-02,8.733258928571428770e-02,8.705357142857142461e-02,8.677455357142857539e-02,8.635602678571428770e-02,8.956473214285713691e-02,8.286830357142857539e-02,8.928571428571428770e-02,8.677455357142857539e-02,9.305245535714286309e-02,8.510044642857142461e-02,8.677455357142857539e-02,8.649553571428571230e-02,8.510044642857142461e-02,8.998325892857142461e-02,9.375000000000000000e-02,8.886718750000000000e-02,8.468191964285713691e-02,8.384486607142857539e-02,1.090959821428571369e-01
4.213169642857143155e-02,4.003906250000000000e-02,4.324776785714285615e-02,3.906250000000000000e-02,4.017857142857143155e-02,4.185267857142856845e-02,3.808593750000000000e-02,3.836495535714285615e-02,3.989955357142856845e-02,4.017857142857143155e-02,3.976004464285714385e-02,3.989955357142856845e-02,4.101562500000000000e-02,3.920200892857143155e-02,5.887276785714285615e-02,4.017857142857143155e-02,3.669084821428571230e-02,5.929129464285714385e-02,4.087611607142856845e-02,3.948102678571428770e-02,4.241071428571428770e-02,3.989955357142856845e-02,4.171316964285714385e-02,4.143415178571428770e-02,4.157366071428571230e-02,4.213169642857143155e-02,4.199218750000000000e-02,4.520089285714285615e-02,3.766741071428571230e-02,4.282924107142856845e-02,4.101562500000000000e-02,4.645647321428571230e-02,3.948102678571428770e-02,4.017857142857143155e-02,4.087611607142856845e-02,4.157366071428571230e-02,4.366629464285714385e-02,4.589843750000000000e-02,4.338727678571428770e-02,3.948102678571428770e-02,3.752790178571428770e-02,5.803571428571428770e-02
-7.407924107142857539e-02,-7.659040178571428770e-02,-7.156808035714286309e-02,-7.421875000000000000e-02,-7.533482142857142461e-02,-7.491629464285713691e-02,-7.896205357142857539e-02,-7.561383928571428770e-02,-7.533482142857142461e-02,-7.421875000000000000e-02,-7.714843750000000000e-02,-7.533482142857142461e-02,-7.435825892857142461e-02,-7.645089285714286309e-02,-4.701450892857143155e-02,-7.812500000000000000e-02,-8.063616071428571230e-02,-4.910714285714285615e-02,-7.631138392857142461e-02,-8.049665178571428770e-02,-7.198660714285713691e-02,-7.714843750000000000e-02,-7.770647321428571230e-02,-7.798549107142857539e-02,-7.324218750000000000e-02,-7.421875000000000000e-02,-7.477678571428571230e-02,-7.017299107142857539e-02,-7.952008928571428770e-02,-7.477678571428571230e-02,-7.435825892857142461e-02,-6.487165178571428770e-02,-7.491629464285713691e-02,-7.784598214285713691e-02,-7.659040178571428770e-02,-7.324218750000000000e-02,-7.087053571428571230e-02,-6.515066964285713691e-02,-7.017299107142857539e-02,-7.449776785714286309e-02,-7.979910714285713691e-02,-4.827008928571428770e-02
3.362165178571428770e-02,2.985491071428571577e-02,3.334263392857143155e-02,3.125000000000000000e-02,3.083147321428571577e-02,3.152901785714285615e-02,2.692522321428571577e-02,3.027343750000000000e-02,2.999441964285714385e-02,3.097098214285714385e-02,2.999441964285714385e-02,3.013392857142857192e-02,3.236607142857143155e-02,2.887834821428571577e-02,5.189732142857143155e-02,2.929687500000000000e-02,2.608816964285714385e-02,5.273437500000000000e-02,3.027343750000000000e-02,2.636718750000000000e-02,3.417968750000000000e-02,2.985491071428571577e-02,2.943638392857142808e-02,3.125000000000000000e-02,3.208705357142856845e-02,3.292410714285714385e-02,2.999441964285714385e-02,3.501674107142856845e-02,2.762276785714285615e-02,3.180803571428571230e-02,3.069196428571428423e-02,3.808593750000000000e-02,3.111049107142857192e-02,2.957589285714285615e-02,3.111049107142857192e-02,3.166852678571428770e-02,3.459821428571428770e-02,3.878348214285714385e-02,3.445870535714285615e-02,3.125000000000000000e-02,2.762276785714285615e-02,5.161830357142856845e-02
9.640066964285713691e-02,9.040178571428571230e-02,9.514508928571428770e-02,9.151785714285713691e-02,9.221540178571428770e-02,9.402901785714286309e-02,8.858816964285713691e-02,9.277343750000000000e-02,9.137834821428571230e-02,9.179687500000000000e-02,9.193638392857142461e-02,9.249441964285713691e-02,9.444754464285713691e-02,9.095982142857142461e-02,1.090959821428571369e-01,9.263392857142857539e-02,8.942522321428571230e-02,1.114676339285714246e-01,9.207589285714286309e-02,8.886718750000000000e-02,9.584263392857142461e-02,9.249441964285713691e-02,9.263392857142857539e-02,9.486607142857142461e-02,9.375000000000000000e-02,9.514508928571428770e-02,9.082031250000000000e-02,9.514508928571428770e-02,9.082031250000000000e-02,9.416852678571428770e-02,9.291294642857142461e-02,9.891183035714286309e-02,9.361049107142857539e-02,9.333147321428571230e-02,9.402901785714286309e-02,9.193638392857142461e-02,9.570312500000000000e-02,9.849330357142857539e-02,9.556361607142857539e-02,9.388950892857142461e-02,9.137834821428571230e-02,1.104910714285714246e-01
4.854910714285714385e-02,4.603794642857143155e-02,4.771205357142856845e-02,4.547991071428571230e-02,4.450334821428571230e-02,4.757254464285714385e-02,4.310825892857143155e-02,4.436383928571428770e-02,4.506138392857143155e-02,4.534040178571428770e-02,4.436383928571428770e-02,4.352678571428571230e-02,4.715401785714285615e-02,4.450334821428571230e-02,5.859375000000000000e-02,4.380580357142856845e-02,4.199218750000000000e-02,5.970982142857143155e-02,4.701450892857143155e-02,4.464285714285714385e-02,4.743303571428571230e-02,4.575892857142856845e-02,4.715401785714285615e-02,4.631696428571428770e-02,4.771205357142856845e-02,4.827008928571428770e-02,4.547991071428571230e-02,4.952566964285714385e-02,4.352678571428571230e-02,4.715401785714285615e-02,4.631696428571428770e-02,5.036272321428571230e-02,4.617745535714285615e-02,4.478236607142856845e-02,4.645647321428571230e-02,4.743303571428571230e-02,4.854910714285714385e-02,4.980468750000000000e-02,4.854910714285714385e-02,4.631696428571428770e-02,4.338727678571428770e-02,5.859375000000000000e-02
-8.956473214285713691e-02,-8.956473214285713691e-02,-8.747209821428571230e-02,-8.789062500000000000e-02,-8.942522321428571230e-02,-8.928571428571428770e-02,-8.970424107142857539e-02,-8.803013392857142461e-02,-8.816964285714286309e-02,-8.761160714285713691e-02,-9.277343750000000000e-02,-8.858816964285713691e-02,-8.733258928571428770e-02,-9.165736607142857539e-02,-7.045200892857142461e-02,-9.193638392857142461e-02,-9.235491071428571230e-02,-7.407924107142857539e-02,-8.970424107142857539e-02,-9.375000000000000000e-02,-8.537946428571428770e-02,-8.858816964285713691e-02,-9.082031250000000000e-02,-9.151785714285713691e-02,-8.579799107142857539e-02,-8.803013392857142461e-02,-8.747209821428571230e-02,-8.565848214285713691e-02,-9.207589285714286309e-02,-8.942522321428571230e-02,-8.816964285714286309e-02,-8.189174107142857539e-02,-8.775111607142857539e-02,-9.249441964285713691e-02,-8.942522321428571230e-02,-8.607700892857142461e-02,-8.607700892857142461e-02,-8.189174107142857539e-02,-8.551897321428571230e-02,-8.775111607142857539e-02,-9.319196428571428770e-02,-7.087053571428571230e-02
2.218191964285714385e-02,2.036830357142857192e-02,2.092633928571428423e-02,2.134486607142857192e-02,1.967075892857142808e-02,2.008928571428571577e-02,1.911272321428571577e-02,2.022879464285714385e-02,2.078683035714285615e-02,2.050781250000000000e-02,1.827566964285714385e-02,1.925223214285714385e-02,2.246093750000000000e-02,1.757812500000000000e-02,3.236607142857143155e-02,1.841517857142857192e-02,1.771763392857142808e-02,3.250558035714285615e-02,2.022879464285714385e-02,1.771763392857142808e-02,2.357700892857142808e-02,2.162388392857142808e-02,1.911272321428571577e-02,2.106584821428571577e-02,2.315848214285714385e-02,2.204241071428571577e-02,2.008928571428571577e-02,2.204241071428571577e-02,1.799665178571428423e-02,2.078683035714285615e-02,2.050781250000000000e-02,2.483258928571428423e-02,2.134486607142857192e-02,1.883370535714285615e-02,2.050781250000000000e-02,2.092633928571428423e-02,2.315848214285714385e-02,2.539062500000000000e-02,2.273995535714285615e-02,2.120535714285714385e-02,1.855468750000000000e-02,3.348214285714285615e-02
8.440290178571428770e-02,8.063616071428571230e-02,8.258928571428571230e-02,8.175223214285713691e-02,8.119419642857142461e-02,8.175223214285713691e-02,7.979910714285713691e-02,8.147321428571428770e-02,8.161272321428571230e-02,8.161272321428571230e-02,7.979910714285713691e-02,8.091517857142857539e-02,8.426339285714286309e-02,7.924107142857142461e-02,9.012276785714286309e-02,8.133370535714286309e-02,8.049665178571428770e-02,9.165736607142857539e-02,8.119419642857142461e-02,7.868303571428571230e-02,8.454241071428571230e-02,8.258928571428571230e-02,8.133370535714286309e-02,8.398437500000000000e-02,8.412388392857142461e-02,8.440290178571428770e-02,8.049665178571428770e-02,8.217075892857142461e-02,8.091517857142857539e-02,8.258928571428571230e-02,8.189174107142857539e-02,8.454241071428571230e-02,8.258928571428571230e-02,8.231026785714286309e-02,8.342633928571428770e-02,8.203125000000000000e-02,8.370535714285713691e-02,8.565848214285713691e-02,8.328683035714286309e-02,8.356584821428571230e-02,8.175223214285713691e-02,9.305245535714286309e-02
3.766741071428571230e-02,3.808593750000000000e-02,3.710937500000000000e-02,3.766741071428571230e-02,3.557477678571428770e-02,3.850446428571428770e-02,3.627232142857143155e-02,3.627232142857143155e-02,3.780691964285714385e-02,3.738839285714285615e-02,3.529575892857143155e-02,3.445870535714285615e-02,3.794642857142856845e-02,3.515625000000000000e-02,4.338727678571428770e-02,3.515625000000000000e-02,3.445870535714285615e-02,4.366629464285714385e-02,3.822544642857143155e-02,3.683035714285714385e-02,3.850446428571428770e-02,3.822544642857143155e-02,3.808593750000000000e-02,3.808593750000000000e-02,4.003906250000000000e-02,3.962053571428571230e-02,3.724888392857143155e-02,3.892299107142856845e-02,3.487723214285714385e-02,3.780691964285714385e-02,3.794642857142856845e-02,3.906250000000000000e-02,3.710937500000000000e-02,3.557477678571428770e-02,3.836495535714285615e-02,3.836495535714285615e-02,3.822544642857143155e-02,3.920200892857143155e-02,3.878348214285714385e-02,3.766741071428571230e-02,3.445870535714285615e-02,4.310825892857143155e-02
-4.394531250000000000e-02,-4.310825892857143155e-02,-4.338727678571428770e-02,-4.394531250000000000e-02,-4.589843750000000000e-02,-4.324776785714285615e-02,-4.492187500000000000e-02,-4.394531250000000000e-02,-4.296875000000000000e-02,-4.296875000000000000e-02,-4.715401785714285615e-02,-4.561941964285714385e-02,-4.282924107142856845e-02,-4.603794642857143155e-02,-3.348214285714285615e-02,-4.687500000000000000e-02,-4.729352678571428770e-02,-3.487723214285714385e-02,-4.268973214285714385e-02,-4.478236607142856845e-02,-4.268973214285714385e-02,-4.268973214285714385e-02,-4.352678571428571230e-02,-4.520089285714285615e-02,-4.115513392857143155e-02,-4.199218750000000000e-02,-4.255022321428571230e-02,-4.143415178571428770e-02,-4.617745535714285615e-02,-4.366629464285714385e-02,-4.282924107142856845e-02,-4.115513392857143155e-02,-4.324776785714285615e-02,-4.603794642857143155e-02,-4.450334821428571230e-02,-4.213169642857143155e-02,-4.255022321428571230e-02,-4.059709821428571230e-02,-4.199218750000000000e-02,-4.282924107142856845e-02,-4.659598214285714385e-02,-3.417968750000000000e-02
6.361607142857142461e-02,6.347656250000000000e-02,6.291852678571428770e-02,6.291852678571428770e-02,6.110491071428571230e-02,6.291852678571428770e-02,6.110491071428571230e-02,6.208147321428571230e-02,6.277901785714286309e-02,6.250000000000000000e-02,6.068638392857143155e-02,6.040736607142856845e-02,6.375558035714286309e-02,6.054687500000000000e-02,6.849888392857142461e-02,6.138392857142856845e-02,6.054687500000000000e-02,6.947544642857142461e-02,6.347656250000000000e-02,6.250000000000000000e-02,6.403459821428571230e-02,6.361607142857142461e-02,6.319754464285713691e-02,6.389508928571428770e-02,6.542968750000000000e-02,6.529017857142857539e-02,6.263950892857142461e-02,6.389508928571428770e-02,6.180245535714285615e-02,6.291852678571428770e-02,6.347656250000000000e-02,6.459263392857142461e-02,6.319754464285713691e-02,6.180245535714285615e-02,6.361607142857142461e-02,6.333705357142857539e-02,6.333705357142857539e-02,6.515066964285713691e-02,6.389508928571428770e-02,6.361607142857142461e-02,6.082589285714285615e-02,6.975446428571428770e-02
1.188616071428571369e-01,1.171875000000000000e-01,1.170479910714285754e-01,1.167689732142857123e-01,1.152343750000000000e-01,1.174665178571428631e-01,1.157924107142857123e-01,1.166294642857142877e-01,1.166294642857142877e-01,1.163504464285714246e-01,1.159319196428571369e-01,1.148158482142857123e-01,1.194196428571428631e-01,1.153738839285714246e-01,1.205357142857142877e-01,1.173270089285714246e-01,1.167689732142857123e-01,1.233258928571428631e-01,1.176060267857142877e-01,1.162109375000000000e-01,1.181640625000000000e-01,1.178850446428571369e-01,1.174665178571428631e-01,1.209542410714285754e-01,1.199776785714285754e-01,1.206752232142857123e-01,1.160714285714285754e-01,1.169084821428571369e-01,1.160714285714285754e-01,1.176060267857142877e-01,1.164899553571428631e-01,1.181640625000000000e-01,1.176060267857142877e-01,1.180245535714285754e-01,1.190011160714285754e-01,1.170479910714285754e-01,1.180245535714285754e-01,1.190011160714285754e-01,1.183035714285714246e-01,1.183035714285714246e-01,1.163504464285714246e-01,1.226283482142857123e-01
6.487165178571428770e-02,6.584821428571428770e-02,6.459263392857142461e-02,6.375558035714286309e-02,6.250000000000000000e-02,6.570870535714286309e-02,6.333705357142857539e-02,6.319754464285713691e-02,6.431361607142857539e-02,6.459263392857142461e-02,6.277901785714286309e-02,6.180245535714285615e-02,6.515066964285713691e-02,6.277901785714286309e-02,6.724330357142857539e-02,6.291852678571428770e-02,6.263950892857142461e-02,6.835937500000000000e-02,6.598772321428571230e-02,6.640625000000000000e-02,6.445312500000000000e-02,6.515066964285713691e-02,6.668526785714286309e-02,6.556919642857142461e-02,6.738281250000000000e-02,6.696428571428571230e-02,6.445312500000000000e-02,6.626674107142857539e-02,6.403459821428571230e-02,6.584821428571428770e-02,6.556919642857142461e-02,6.529017857142857539e-02,6.473214285714286309e-02,6.389508928571428770e-02,6.487165178571428770e-02,6.570870535714286309e-02,6.431361607142857539e-02,6.529017857142857539e-02,6.501116071428571230e-02,6.529017857142857539e-02,6.333705357142857539e-02,6.724330357142857539e-02
-7.393973214285713691e-02,-7.324218750000000000e-02,-7.296316964285713691e-02,-7.324218750000000000e-02,-7.449776785714286309e-02,-7.296316964285713691e-02,-7.477678571428571230e-02,-7.338169642857142461e-02,-7.170758928571428770e-02,-7.170758928571428770e-02,-7.645089285714286309e-02,-7.449776785714286309e-02,-7.114955357142857539e-02,-7.380022321428571230e-02,-5.957031250000000000e-02,-7.393973214285713691e-02,-7.463727678571428770e-02,-6.250000000000000000e-02,-7.366071428571428770e-02,-7.547433035714286309e-02,-7.338169642857142461e-02,-7.352120535714286309e-02,-7.463727678571428770e-02,-7.449776785714286309e-02,-7.142857142857142461e-02,-7.240513392857142461e-02,-7.352120535714286309e-02,-7.240513392857142461e-02,-7.589285714285713691e-02,-7.366071428571428770e-02,-7.310267857142857539e-02,-7.170758928571428770e-02,-7.282366071428571230e-02,-7.491629464285713691e-02,-7.324218750000000000e-02,-7.128906250000000000e-02,-7.198660714285713691e-02,-7.045200892857142461e-02,-7.059151785714286309e-02,-7.254464285714286309e-02,-7.505580357142857539e-02,-6.124441964285714385e-02
-3.613281250000000000e-02,-3.655133928571428770e-02,-3.501674107142856845e-02,-3.627232142857143155e-02,-3.738839285714285615e-02,-3.571428571428571230e-02,-3.752790178571428770e-02,-3.655133928571428770e-02,-3.487723214285714385e-02,-3.501674107142856845e-02,-3.808593750000000000e-02,-3.655133928571428770e-02,-3.320312500000000000e-02,-3.599330357142856845e-02,-2.329799107142857192e-02,-3.613281250000000000e-02,-3.627232142857143155e-02,-2.511160714285714385e-02,-3.627232142857143155e-02,-3.836495535714285615e-02,-3.641183035714285615e-02,-3.627232142857143155e-02,-3.710937500000000000e-02,-3.627232142857143155e-02,-3.473772321428571230e-02,-3.445870535714285615e-02,-3.669084821428571230e-02,-3.655133928571428770e-02,-3.794642857142856845e-02,-3.655133928571428770e-02,-3.655133928571428770e-02,-3.431919642857143155e-02,-3.515625000000000000e-02,-3.683035714285714385e-02,-3.487723214285714385e-02,-3.515625000000000000e-02,-3.501674107142856845e-02,-3.376116071428571230e-02,-3.404017857142856845e-02,-3.431919642857143155e-02,-3.724888392857143155e-02,-2.329799107142857192e-02
2.022879464285714385e-02,1.813616071428571577e-02,1.813616071428571577e-02,1.813616071428571577e-02,1.660156250000000000e-02,1.869419642857142808e-02,1.674107142857142808e-02,1.757812500000000000e-02,1.911272321428571577e-02,1.757812500000000000e-02,1.674107142857142808e-02,1.729910714285714385e-02,2.120535714285714385e-02,1.785714285714285615e-02,2.622767857142857192e-02,2.022879464285714385e-02,1.925223214285714385e-02,2.762276785714285615e-02,1.785714285714285615e-02,1.632254464285714385e-02,1.702008928571428423e-02,1.715959821428571577e-02,1.855468750000000000e-02,2.008928571428571577e-02,1.953125000000000000e-02,2.148437500000000000e-02,1.674107142857142808e-02,1.771763392857142808e-02,1.743861607142857192e-02,1.757812500000000000e-02,1.660156250000000000e-02,1.813616071428571577e-02,1.911272321428571577e-02,1.911272321428571577e-02,2.092633928571428423e-02,1.883370535714285615e-02,1.967075892857142808e-02,1.981026785714285615e-02,1.953125000000000000e-02,2.036830357142857192e-02,1.855468750000000000e-02,2.734375000000000000e-02
-2.190290178571428423e-02,-2.064732142857142808e-02,-2.134486607142857192e-02,-2.273995535714285615e-02,-2.357700892857142808e-02,-2.078683035714285615e-02,-2.287946428571428423e-02,-2.273995535714285615e-02,-2.134486607142857192e-02,-2.050781250000000000e-02,-2.371651785714285615e-02,-2.399553571428571577e-02,-2.022879464285714385e-02,-2.162388392857142808e-02,-1.534598214285714211e-02,-2.218191964285714385e-02,-2.218191964285714385e-02,-1.660156250000000000e-02,-2.064732142857142808e-02,-2.134486607142857192e-02,-2.273995535714285615e-02,-2.148437500000000000e-02,-2.050781250000000000e-02,-2.162388392857142808e-02,-1.953125000000000000e-02,-1.981026785714285615e-02,-2.190290178571428423e-02,-2.106584821428571577e-02,-2.301897321428571577e-02,-2.078683035714285615e-02,-2.120535714285714385e-02,-2.204241071428571577e-02,-2.148437500000000000e-02,-2.204241071428571577e-02,-2.064732142857142808e-02,-1.967075892857142808e-02,-2.148437500000000000e-02,-2.204241071428571577e-02,-2.050781250000000000e-02,-2.092633928571428423e-02,-2.301897321428571577e-02,-1.604352678571428423e-02
-2.091238839285714246e-01,-2.106584821428571508e-01,-2.080078125000000000e-01,-2.082868303571428492e-01,-2.110770089285714246e-01,-2.091238839285714246e-01,-2.092633928571428492e-01,-2.087053571428571508e-01,-2.071707589285714246e-01,-2.073102678571428492e-01,-2.124720982142857262e-01,-2.113560267857142738e-01,-2.054966517857142738e-01,-2.066127232142857262e-01,-1.932198660714285754e-01,-2.110770089285714246e-01,-2.091238839285714246e-01,-2.001953125000000000e-01,-2.106584821428571508e-01,-2.119140625000000000e-01,-2.092633928571428492e-01,-2.117745535714285754e-01,-2.110770089285714246e-01,-2.131696428571428492e-01,-2.088448660714285754e-01,-2.112165178571428492e-01,-2.131696428571428492e-01,-2.091238839285714246e-01,-2.121930803571428492e-01,-2.116350446428571508e-01,-2.101004464285714246e-01,-1.916852678571428492e-01,-2.087053571428571508e-01,-2.130301339285714246e-01,-2.094029017857142738e-01,-2.056361607142857262e-01,-2.080078125000000000e-01,-1.915457589285714246e-01,-2.063337053571428492e-01,-2.089843750000000000e-01,-2.109375000000000000e-01,-1.957310267857142738e-01
-1.229073660714285754e-01,-1.250000000000000000e-01,-1.230468750000000000e-01,-1.231863839285714246e-01,-1.256975446428571508e-01,-1.223493303571428631e-01,-1.236049107142857123e-01,-1.223493303571428631e-01,-1.212332589285714246e-01,-1.220703125000000000e-01,-1.256975446428571508e-01,-1.251395089285714246e-01,-1.194196428571428631e-01,-1.209542410714285754e-01,-1.118861607142857123e-01,-1.245814732142857123e-01,-1.229073660714285754e-01,-1.167689732142857123e-01,-1.243024553571428631e-01,-1.255580357142857262e-01,-1.234654017857142877e-01,-1.256975446428571508e-01,-1.231863839285714246e-01,-1.247209821428571369e-01,-1.227678571428571369e-01,-1.236049107142857123e-01,-1.275111607142857262e-01,-1.238839285714285754e-01,-1.243024553571428631e-01,-1.244419642857142877e-01,-1.243024553571428631e-01,-1.079799107142857123e-01,-1.226283482142857123e-01,-1.248604910714285754e-01,-1.230468750000000000e-01,-1.206752232142857123e-01,-1.220703125000000000e-01,-1.061662946428571369e-01,-1.212332589285714246e-01,-1.216517857142857123e-01,-1.241629464285714246e-01,-1.128627232142857123e-01
-4.966517857142856845e-02,-5.287388392857143155e-02,-5.301339285714285615e-02,-5.106026785714285615e-02,-5.440848214285714385e-02,-5.064174107142856845e-02,-5.245535714285714385e-02,-5.078125000000000000e-02,-5.008370535714285615e-02,-5.203683035714285615e-02,-5.217633928571428770e-02,-5.440848214285714385e-02,-4.785156250000000000e-02,-4.952566964285714385e-02,-4.687500000000000000e-02,-5.133928571428571230e-02,-5.064174107142856845e-02,-4.785156250000000000e-02,-5.301339285714285615e-02,-5.343191964285714385e-02,-5.231584821428571230e-02,-5.398995535714285615e-02,-5.203683035714285615e-02,-5.064174107142856845e-02,-5.078125000000000000e-02,-5.022321428571428770e-02,-5.566406250000000000e-02,-5.440848214285714385e-02,-5.245535714285714385e-02,-5.343191964285714385e-02,-5.343191964285714385e-02,-4.045758928571428770e-02,-5.106026785714285615e-02,-5.203683035714285615e-02,-5.036272321428571230e-02,-5.092075892857143155e-02,-5.078125000000000000e-02,-3.906250000000000000e-02,-5.036272321428571230e-02,-4.924665178571428770e-02,-5.161830357142856845e-02,-4.506138392857143155e-02
-7.170758928571428770e-02,-7.212611607142857539e-02,-7.240513392857142461e-02,-7.282366071428571230e-02,-7.380022321428571230e-02,-7.114955357142857539e-02,-7.268415178571428770e-02,-7.310267857142857539e-02,-7.170758928571428770e-02,-7.184709821428571230e-02,-7.407924107142857539e-02,-7.505580357142857539e-02,-7.031250000000000000e-02,-7.087053571428571230e-02,-6.849888392857142461e-02,-7.324218750000000000e-02,-7.282366071428571230e-02,-7.156808035714286309e-02,-7.184709821428571230e-02,-7.184709821428571230e-02,-7.324218750000000000e-02,-7.421875000000000000e-02,-7.101004464285713691e-02,-7.268415178571428770e-02,-7.128906250000000000e-02,-7.198660714285713691e-02,-7.505580357142857539e-02,-7.170758928571428770e-02,-7.338169642857142461e-02,-7.184709821428571230e-02,-7.156808035714286309e-02,-6.417410714285713691e-02,-7.226562500000000000e-02,-7.324218750000000000e-02,-7.184709821428571230e-02,-7.003348214285713691e-02,-7.142857142857142461e-02,-6.389508928571428770e-02,-7.059151785714286309e-02,-7.170758928571428770e-02,-7.338169642857142461e-02,-6.933593750000000000e-02
-2.271205357142857262e-01,-2.236328125000000000e-01,-2.253069196428571508e-01,-2.247488839285714246e-01,-2.253069196428571508e-01,-2.244698660714285754e-01,-2.227957589285714246e-01,-2.239118303571428492e-01,-2.233537946428571508e-01,-2.227957589285714246e-01,-2.272600446428571508e-01,-2.265625000000000000e-01,-2.216796875000000000e-01,-2.258649553571428492e-01,-2.198660714285714246e-01,-2.261439732142857262e-01,-2.251674107142857262e-01,-2.306082589285714246e-01,-2.283761160714285754e-01,-2.294921875000000000e-01,-2.264229910714285754e-01,-2.265625000000000000e-01,-2.276785714285714246e-01,-2.283761160714285754e-01,-2.248883928571428492e-01,-2.268415178571428492e-01,-2.286551339285714246e-01,-2.262834821428571508e-01,-2.287946428571428492e-01,-2.255859375000000000e-01,-2.265625000000000000e-01,-2.188895089285714246e-01,-2.246093750000000000e-01,-2.282366071428571508e-01,-2.255859375000000000e-01,-2.219587053571428492e-01,-2.243303571428571508e-01,-2.169363839285714246e-01,-2.240513392857142738e-01,-2.237723214285714246e-01,-2.260044642857142738e-01,-2.222377232142857262e-01
-8.998325892857142461e-02,-8.830915178571428770e-02,-9.095982142857142461e-02,-8.928571428571428770e-02,-9.054129464285713691e-02,-8.900669642857142461e-02,-8.886718750000000000e-02,-8.900669642857142461e-02,-8.914620535714286309e-02,-8.900669642857142461e-02,-9.123883928571428770e-02,-9.165736607142857539e-02,-8.621651785714286309e-02,-9.054129464285713691e-02,-8.844866071428571230e-02,-8.914620535714286309e-02,-8.998325892857142461e-02,-9.430803571428571230e-02,-9.221540178571428770e-02,-9.291294642857142461e-02,-9.123883928571428770e-02,-9.082031250000000000e-02,-9.012276785714286309e-02,-8.942522321428571230e-02,-8.998325892857142461e-02,-8.942522321428571230e-02,-9.249441964285713691e-02,-9.151785714285713691e-02,-9.151785714285713691e-02,-8.956473214285713691e-02,-9.123883928571428770e-02,-8.621651785714286309e-02,-8.970424107142857539e-02,-9.123883928571428770e-02,-8.942522321428571230e-02,-8.803013392857142461e-02,-8.942522321428571230e-02,-8.412388392857142461e-02,-8.942522321428571230e-02,-8.747209821428571230e-02,-9.012276785714286309e-02,-8.928571428571428770e-02
-8.370535714285714038e-03,-7.533482142857142981e-03,-1.102120535714285789e-02,-8.370535714285714038e-03,-1.032366071428571404e-02,-8.928571428571428076e-03,-8.231026785714285962e-03,-8.789062500000000000e-03,-8.649553571428571924e-03,-9.347098214285714038e-03,-7.812500000000000000e-03,-1.074218750000000000e-02,-5.022321428571428943e-03,-9.347098214285714038e-03,-1.171875000000000000e-02,-8.091517857142857886e-03,-8.928571428571428076e-03,-1.395089285714285789e-02,-1.074218750000000000e-02,-1.088169642857142808e-02,-1.074218750000000000e-02,-9.486607142857142114e-03,-8.370535714285714038e-03,-7.254464285714285962e-03,-7.952008928571428076e-03,-6.417410714285714038e-03,-1.157924107142857192e-02,-1.157924107142857192e-02,-8.928571428571428076e-03,-8.789062500000000000e-03,-9.347098214285714038e-03,-6.556919642857142981e-03,-6.417410714285714038e-03,-9.486607142857142114e-03,-7.254464285714285962e-03,-9.207589285714285962e-03,-8.510044642857142114e-03,-4.743303571428571057e-03,-8.789062500000000000e-03,-6.556919642857142981e-03,-8.510044642857142114e-03,-9.068080357142857886e-03
-3.097098214285714385e-02,-2.887834821428571577e-02,-3.180803571428571230e-02,-3.180803571428571230e-02,-3.222656250000000000e-02,-2.943638392857142808e-02,-3.069196428571428423e-02,-3.152901785714285615e-02,-3.111049107142857192e-02,-3.069196428571428423e-02,-3.264508928571428770e-02,-3.487723214285714385e-02,-2.929687500000000000e-02,-3.138950892857143155e-02,-3.306361607142856845e-02,-3.152901785714285615e-02,-3.264508928571428770e-02,-3.585379464285714385e-02,-3.125000000000000000e-02,-3.041294642857142808e-02,-3.264508928571428770e-02,-3.152901785714285615e-02,-2.943638392857142808e-02,-3.055245535714285615e-02,-2.971540178571428423e-02,-3.027343750000000000e-02,-3.334263392857143155e-02,-3.125000000000000000e-02,-3.222656250000000000e-02,-2.957589285714285615e-02,-3.138950892857143155e-02,-2.985491071428571577e-02,-3.152901785714285615e-02,-3.138950892857143155e-02,-3.055245535714285615e-02,-2.873883928571428423e-02,-3.208705357142856845e-02,-2.943638392857142808e-02,-3.111049107142857192e-02,-3.069196428571428423e-02,-3.166852678571428770e-02,-3.445870535714285615e-02
-1.579241071428571508e-01,-1.541573660714285754e-01,-1.558314732142857262e-01,-1.566685267857142738e-01,-1.555524553571428492e-01,-1.551339285714285754e-01,-1.542968750000000000e-01,-1.559709821428571508e-01,-1.548549107142857262e-01,-1.549944196428571508e-01,-1.597377232142857262e-01,-1.576450892857142738e-01,-1.534598214285714246e-01,-1.579241071428571508e-01,-1.569475446428571508e-01,-1.566685267857142738e-01,-1.565290178571428492e-01,-1.632254464285714246e-01,-1.572265625000000000e-01,-1.559709821428571508e-01,-1.559709821428571508e-01,-1.554129464285714246e-01,-1.558314732142857262e-01,-1.580636160714285754e-01,-1.529017857142857262e-01,-1.566685267857142738e-01,-1.552734375000000000e-01,-1.569475446428571508e-01,-1.569475446428571508e-01,-1.549944196428571508e-01,-1.555524553571428492e-01,-1.558314732142857262e-01,-1.552734375000000000e-01,-1.577845982142857262e-01,-1.566685267857142738e-01,-1.524832589285714246e-01,-1.566685267857142738e-01,-1.552734375000000000e-01,-1.542968750000000000e-01,-1.554129464285714246e-01,-1.572265625000000000e-01,-1.577845982142857262e-01
-3.222656250000000000e-02,-3.013392857142857192e-02,-3.376116071428571230e-02,-3.278459821428571230e-02,-3.334263392857143155e-02,-3.236607142857143155e-02,-3.125000000000000000e-02,-3.292410714285714385e-02,-3.222656250000000000e-02,-3.208705357142856845e-02,-3.445870535714285615e-02,-3.543526785714285615e-02,-2.943638392857142808e-02,-3.459821428571428770e-02,-3.655133928571428770e-02,-3.222656250000000000e-02,-3.292410714285714385e-02,-3.808593750000000000e-02,-3.222656250000000000e-02,-3.194754464285714385e-02,-3.180803571428571230e-02,-3.055245535714285615e-02,-3.125000000000000000e-02,-3.152901785714285615e-02,-2.957589285714285615e-02,-3.069196428571428423e-02,-3.208705357142856845e-02,-3.390066964285714385e-02,-3.250558035714285615e-02,-3.125000000000000000e-02,-3.264508928571428770e-02,-3.320312500000000000e-02,-3.138950892857143155e-02,-3.278459821428571230e-02,-3.180803571428571230e-02,-3.097098214285714385e-02,-3.278459821428571230e-02,-3.208705357142856845e-02,-3.097098214285714385e-02,-3.083147321428571577e-02,-3.306361607142856845e-02,-3.613281250000000000e-02
3.878348214285714385e-02,3.948102678571428770e-02,3.655133928571428770e-02,3.738839285714285615e-02,3.627232142857143155e-02,3.850446428571428770e-02,3.850446428571428770e-02,3.710937500000000000e-02,3.696986607142856845e-02,3.780691964285714385e-02,3.836495535714285615e-02,3.613281250000000000e-02,4.059709821428571230e-02,3.655133928571428770e-02,3.222656250000000000e-02,3.906250000000000000e-02,3.780691964285714385e-02,3.125000000000000000e-02,3.850446428571428770e-02,3.864397321428571230e-02,3.808593750000000000e-02,4.031808035714285615e-02,4.045758928571428770e-02,4.031808035714285615e-02,4.087611607142856845e-02,4.115513392857143155e-02,3.780691964285714385e-02,3.529575892857143155e-02,3.822544642857143155e-02,3.892299107142856845e-02,3.822544642857143155e-02,3.696986607142856845e-02,3.934151785714285615e-02,3.878348214285714385e-02,3.948102678571428770e-02,3.780691964285714385e-02,3.864397321428571230e-02,3.752790178571428770e-02,3.892299107142856845e-02,4.059709821428571230e-02,3.878348214285714385e-02,3.445870535714285615e-02
5.580357142857142981e-03,7.672991071428571057e-03,4.603794642857142981e-03,4.464285714285714038e-03,4.045758928571428943e-03,6.975446428571428943e-03,5.301339285714285962e-03,3.766741071428571491e-03,5.301339285714285962e-03,4.324776785714285962e-03,2.650669642857142981e-03,9.765625000000000000e-04,6.556919642857142981e-03,3.487723214285714472e-03,-4.185267857142856911e-04,4.882812500000000000e-03,3.348214285714285528e-03,0.000000000000000000e+00,6.138392857142857019e-03,7.393973214285714038e-03,4.603794642857142981e-03,5.580357142857142981e-03,7.533482142857142981e-03,5.859375000000000000e-03,7.672991071428571057e-03,6.835937500000000000e-03,5.301339285714285962e-03,5.440848214285714038e-03,5.022321428571428943e-03,6.696428571428571057e-03,5.580357142857142981e-03,3.069196428571428509e-03,5.161830357142857019e-03,4.882812500000000000e-03,5.998883928571428943e-03,7.393973214285714038e-03,4.464285714285714038e-03,2.929687500000000000e-03,5.580357142857142981e-03,5.161830357142857019e-03,4.882812500000000000e-03,0.000000000000000000e+00
-7.184709821428571230e-02,-6.821986607142857539e-02,-7.031250000000000000e-02,-7.184709821428571230e-02,-7.073102678571428770e-02,-6.933593750000000000e-02,-6.933593750000000000e-02,-7.101004464285713691e-02,-7.003348214285713691e-02,-6.975446428571428770e-02,-7.449776785714286309e-02,-7.296316964285713691e-02,-6.933593750000000000e-02,-7.282366071428571230e-02,-7.393973214285713691e-02,-7.101004464285713691e-02,-7.142857142857142461e-02,-7.714843750000000000e-02,-7.114955357142857539e-02,-6.891741071428571230e-02,-7.045200892857142461e-02,-6.835937500000000000e-02,-6.808035714285713691e-02,-7.031250000000000000e-02,-6.696428571428571230e-02,-6.989397321428571230e-02,-6.933593750000000000e-02,-7.031250000000000000e-02,-6.989397321428571230e-02,-6.849888392857142461e-02,-6.947544642857142461e-02,-7.184709821428571230e-02,-7.045200892857142461e-02,-7.142857142857142461e-02,-6.989397321428571230e-02,-6.766183035714286309e-02,-7.073102678571428770e-02,-7.310267857142857539e-02,-7.003348214285713691e-02,-7.031250000000000000e-02,-7.170758928571428770e-02,-7.603236607142857539e-02
4.296875000000000000e-02,4.464285714285714385e-02,4.087611607142856845e-02,4.129464285714285615e-02,4.101562500000000000e-02,4.282924107142856845e-02,4.282924107142856845e-02,4.045758928571428770e-02,4.199218750000000000e-02,4.143415178571428770e-02,4.045758928571428770e-02,3.836495535714285615e-02,4.324776785714285615e-02,4.003906250000000000e-02,3.543526785714285615e-02,4.171316964285714385e-02,4.087611607142856845e-02,3.627232142857143155e-02,4.268973214285714385e-02,4.380580357142856845e-02,4.185267857142856845e-02,4.450334821428571230e-02,4.464285714285714385e-02,4.436383928571428770e-02,4.506138392857143155e-02,4.520089285714285615e-02,4.241071428571428770e-02,4.115513392857143155e-02,4.171316964285714385e-02,4.408482142857143155e-02,4.255022321428571230e-02,3.920200892857143155e-02,4.255022321428571230e-02,4.227120535714285615e-02,4.324776785714285615e-02,4.282924107142856845e-02,4.157366071428571230e-02,4.017857142857143155e-02,4.185267857142856845e-02,4.310825892857143155e-02,4.157366071428571230e-02,3.627232142857143155e-02
1.011439732142857123e-01,1.026785714285714246e-01,9.821428571428571230e-02,1.001674107142857123e-01,9.863281250000000000e-02,1.011439732142857123e-01,1.008649553571428631e-01,9.849330357142857539e-02,9.960937500000000000e-02,9.946986607142857539e-02,1.004464285714285754e-01,9.807477678571428770e-02,1.029575892857142877e-01,9.821428571428571230e-02,9.291294642857142461e-02,1.010044642857142877e-01,9.919084821428571230e-02,9.402901785714286309e-02,1.015625000000000000e-01,1.017020089285714246e-01,1.001674107142857123e-01,1.033761160714285754e-01,1.036551339285714246e-01,1.046316964285714246e-01,1.035156250000000000e-01,1.040736607142857123e-01,1.008649553571428631e-01,9.835379464285713691e-02,1.004464285714285754e-01,1.021205357142857123e-01,1.010044642857142877e-01,9.751674107142857539e-02,1.017020089285714246e-01,1.023995535714285754e-01,1.023995535714285754e-01,1.004464285714285754e-01,1.004464285714285754e-01,9.877232142857142461e-02,1.000279017857142877e-01,1.026785714285714246e-01,1.011439732142857123e-01,9.375000000000000000e-02
5.343191964285714385e-02,5.524553571428571230e-02,5.259486607142856845e-02,5.175781250000000000e-02,5.203683035714285615e-02,5.454799107142856845e-02,5.329241071428571230e-02,5.175781250000000000e-02,5.287388392857143155e-02,5.273437500000000000e-02,5.147879464285714385e-02,4.938616071428571230e-02,5.412946428571428770e-02,5.161830357142856845e-02,4.645647321428571230e-02,5.273437500000000000e-02,5.189732142857143155e-02,4.813058035714285615e-02,5.440848214285714385e-02,5.608258928571428770e-02,5.231584821428571230e-02,5.426897321428571230e-02,5.636160714285714385e-02,5.496651785714285615e-02,5.594308035714285615e-02,5.566406250000000000e-02,5.343191964285714385e-02,5.412946428571428770e-02,5.343191964285714385e-02,5.566406250000000000e-02,5.454799107142856845e-02,4.994419642857143155e-02,5.343191964285714385e-02,5.371093750000000000e-02,5.426897321428571230e-02,5.454799107142856845e-02,5.287388392857143155e-02,5.022321428571428770e-02,5.301339285714285615e-02,5.301339285714285615e-02,5.217633928571428770e-02,4.617745535714285615e-02
-4.520089285714285615e-02,-4.129464285714285615e-02,-4.352678571428571230e-02,-4.436383928571428770e-02,-4.394531250000000000e-02,-4.255022321428571230e-02,-4.241071428571428770e-02,-4.366629464285714385e-02,-4.324776785714285615e-02,-4.241071428571428770e-02,-4.771205357142856845e-02,-4.575892857142856845e-02,-4.227120535714285615e-02,-4.631696428571428770e-02,-4.924665178571428770e-02,-4.436383928571428770e-02,-4.394531250000000000e-02,-4.952566964285714385e-02,-4.408482142857143155e-02,-4.338727678571428770e-02,-4.338727678571428770e-02,-4.129464285714285615e-02,-4.143415178571428770e-02,-4.255022321428571230e-02,-4.129464285714285615e-02,-4.213169642857143155e-02,-4.282924107142856845e-02,-4.296875000000000000e-02,-4.394531250000000000e-02,-4.143415178571428770e-02,-4.255022321428571230e-02,-4.645647321428571230e-02,-4.366629464285714385e-02,-4.478236607142856845e-02,-4.213169642857143155e-02,-4.087611607142856845e-02,-4.394531250000000000e-02,-4.715401785714285615e-02,-4.450334821428571230e-02,-4.310825892857143155e-02,-4.422433035714285615e-02,-5.022321428571428770e-02
6.082589285714285615e-02,6.431361607142857539e-02,5.859375000000000000e-02,6.068638392857143155e-02,5.957031250000000000e-02,6.082589285714285615e-02,6.250000000000000000e-02,5.970982142857143155e-02,6.124441964285714385e-02,6.040736607142856845e-02,5.957031250000000000e-02,5.845424107142856845e-02,6.236049107142856845e-02,5.803571428571428770e-02,5.315290178571428770e-02,6.110491071428571230e-02,6.068638392857143155e-02,5.385044642857143155e-02,6.124441964285714385e-02,6.194196428571428770e-02,6.096540178571428770e-02,6.333705357142857539e-02,6.291852678571428770e-02,6.305803571428571230e-02,6.333705357142857539e-02,6.361607142857142461e-02,6.082589285714285615e-02,5.929129464285714385e-02,6.054687500000000000e-02,6.263950892857142461e-02,6.152343750000000000e-02,5.747767857142856845e-02,6.110491071428571230e-02,6.082589285714285615e-02,6.222098214285714385e-02,6.166294642857143155e-02,5.998883928571428770e-02,5.831473214285714385e-02,6.040736607142856845e-02,6.222098214285714385e-02,6.068638392857143155e-02,5.412946428571428770e-02
1.167689732142857123e-01,1.194196428571428631e-01,1.127232142857142877e-01,1.156529017857142877e-01,1.149553571428571369e-01,1.166294642857142877e-01,1.171875000000000000e-01,1.153738839285714246e-01,1.150948660714285754e-01,1.153738839285714246e-01,1.164899553571428631e-01,1.132812500000000000e-01,1.177455357142857123e-01,1.132812500000000000e-01,1.075613839285714246e-01,1.160714285714285754e-01,1.146763392857142877e-01,1.083984375000000000e-01,1.170479910714285754e-01,1.177455357142857123e-01,1.155133928571428631e-01,1.187220982142857123e-01,1.191406250000000000e-01,1.201171875000000000e-01,1.190011160714285754e-01,1.194196428571428631e-01,1.160714285714285754e-01,1.136997767857142877e-01,1.157924107142857123e-01,1.178850446428571369e-01,1.160714285714285754e-01,1.120256696428571369e-01,1.171875000000000000e-01,1.167689732142857123e-01,1.181640625000000000e-01,1.156529017857142877e-01,1.159319196428571369e-01,1.139787946428571369e-01,1.149553571428571369e-01,1.183035714285714246e-01,1.170479910714285754e-01,1.095145089285714246e-01
6.515066964285713691e-02,6.696428571428571230e-02,6.403459821428571230e-02,6.333705357142857539e-02,6.375558035714286309e-02,6.529017857142857539e-02,6.515066964285713691e-02,6.347656250000000000e-02,6.445312500000000000e-02,6.487165178571428770e-02,6.291852678571428770e-02,6.194196428571428770e-02,6.542968750000000000e-02,6.263950892857142461e-02,5.803571428571428770e-02,6.431361607142857539e-02,6.361607142857142461e-02,5.887276785714285615e-02,6.598772321428571230e-02,6.724330357142857539e-02,6.417410714285713691e-02,6.640625000000000000e-02,6.752232142857142461e-02,6.682477678571428770e-02,6.752232142857142461e-02,6.738281250000000000e-02,6.515066964285713691e-02,6.515066964285713691e-02,6.473214285714286309e-02,6.682477678571428770e-02,6.542968750000000000e-02,6.138392857142856845e-02,6.445312500000000000e-02,6.515066964285713691e-02,6.640625000000000000e-02,6.556919642857142461e-02,6.501116071428571230e-02,6.166294642857143155e-02,6.403459821428571230e-02,6.515066964285713691e-02,6.417410714285713691e-02,5.817522321428571230e-02
-4.282924107142856845e-02,-3.948102678571428770e-02,-4.199218750000000000e-02,-4.129464285714285615e-02,-4.129464285714285615e-02,-4.101562500000000000e-02,-3.976004464285714385e-02,-4.115513392857143155e-02,-3.989955357142856845e-02,-4.059709821428571230e-02,-4.547991071428571230e-02,-4.268973214285714385e-02,-4.003906250000000000e-02,-4.631696428571428770e-02,-4.757254464285714385e-02,-4.171316964285714385e-02,-4.324776785714285615e-02,-4.854910714285714385e-02,-4.255022321428571230e-02,-4.157366071428571230e-02,-3.920200892857143155e-02,-3.850446428571428770e-02,-4.003906250000000000e-02,-4.059709821428571230e-02,-3.892299107142856845e-02,-4.059709821428571230e-02,-4.045758928571428770e-02,-4.115513392857143155e-02,-4.143415178571428770e-02,-3.948102678571428770e-02,-4.087611607142856845e-02,-4.506138392857143155e-02,-4.115513392857143155e-02,-4.324776785714285615e-02,-4.087611607142856845e-02,-3.822544642857143155e-02,-4.227120535714285615e-02,-4.520089285714285615e-02,-4.296875000000000000e-02,-4.059709821428571230e-02,-4.227120535714285615e-02,-4.827008928571428770e-02
6.012834821428571230e-02,6.277901785714286309e-02,5.887276785714285615e-02,6.040736607142856845e-02,5.984933035714285615e-02,5.998883928571428770e-02,6.305803571428571230e-02,6.026785714285714385e-02,6.124441964285714385e-02,6.124441964285714385e-02,5.817522321428571230e-02,5.915178571428571230e-02,6.236049107142856845e-02,5.636160714285714385e-02,5.315290178571428770e-02,6.026785714285714385e-02,5.998883928571428770e-02,5.259486607142856845e-02,6.096540178571428770e-02,6.096540178571428770e-02,6.180245535714285615e-02,6.403459821428571230e-02,6.305803571428571230e-02,6.291852678571428770e-02,6.459263392857142461e-02,6.236049107142856845e-02,6.180245535714285615e-02,5.929129464285714385e-02,6.082589285714285615e-02,6.236049107142856845e-02,6.054687500000000000e-02,5.775669642857143155e-02,6.166294642857143155e-02,6.012834821428571230e-02,6.250000000000000000e-02,6.152343750000000000e-02,6.026785714285714385e-02,5.775669642857143155e-02,6.026785714285714385e-02,6.208147321428571230e-02,6.096540178571428770e-02,5.468750000000000000e-02
1.192801339285714246e-01,1.203962053571428631e-01,1.135602678571428631e-01,1.181640625000000000e-01,1.176060267857142877e-01,1.178850446428571369e-01,1.208147321428571369e-01,1.177455357142857123e-01,1.171875000000000000e-01,1.178850446428571369e-01,1.173270089285714246e-01,1.162109375000000000e-01,1.205357142857142877e-01,1.145368303571428631e-01,1.100725446428571369e-01,1.181640625000000000e-01,1.177455357142857123e-01,1.102120535714285754e-01,1.192801339285714246e-01,1.192801339285714246e-01,1.190011160714285754e-01,1.212332589285714246e-01,1.210937500000000000e-01,1.223493303571428631e-01,1.216517857142857123e-01,1.206752232142857123e-01,1.205357142857142877e-01,1.173270089285714246e-01,1.183035714285714246e-01,1.191406250000000000e-01,1.181640625000000000e-01,1.143973214285714246e-01,1.202566964285714246e-01,1.184430803571428631e-01,1.205357142857142877e-01,1.181640625000000000e-01,1.190011160714285754e-01,1.150948660714285754e-01,1.183035714285714246e-01,1.203962053571428631e-01,1.192801339285714246e-01,1.124441964285714246e-01
6.640625000000000000e-02,6.835937500000000000e-02,6.529017857142857539e-02,6.529017857142857539e-02,6.529017857142857539e-02,6.640625000000000000e-02,6.738281250000000000e-02,6.584821428571428770e-02,6.584821428571428770e-02,6.626674107142857539e-02,6.361607142857142461e-02,6.361607142857142461e-02,6.668526785714286309e-02,6.291852678571428770e-02,5.887276785714285615e-02,6.584821428571428770e-02,6.473214285714286309e-02,6.026785714285714385e-02,6.654575892857142461e-02,6.752232142857142461e-02,6.654575892857142461e-02,6.780133928571428770e-02,6.891741071428571230e-02,6.863839285714286309e-02,6.919642857142857539e-02,6.780133928571428770e-02,6.696428571428571230e-02,6.696428571428571230e-02,6.668526785714286309e-02,6.835937500000000000e-02,6.724330357142857539e-02,6.305803571428571230e-02,6.640625000000000000e-02,6.556919642857142461e-02,6.794084821428571230e-02,6.780133928571428770e-02,6.529017857142857539e-02,6.263950892857142461e-02,6.515066964285713691e-02,6.682477678571428770e-02,6.556919642857142461e-02,5.970982142857143155e-02
-6.110491071428571230e-02,-5.622209821428571230e-02,-6.040736607142856845e-02,-5.845424107142856845e-02,-5.859375000000000000e-02,-5.943080357142856845e-02,-5.650111607142856845e-02,-5.845424107142856845e-02,-5.733816964285714385e-02,-5.803571428571428770e-02,-6.347656250000000000e-02,-5.970982142857143155e-02,-5.719866071428571230e-02,-6.417410714285713691e-02,-6.473214285714286309e-02,-5.873325892857143155e-02,-6.096540178571428770e-02,-6.724330357142857539e-02,-6.194196428571428770e-02,-6.068638392857143155e-02,-5.636160714285714385e-02,-5.566406250000000000e-02,-5.831473214285714385e-02,-5.859375000000000000e-02,-5.566406250000000000e-02,-5.831473214285714385e-02,-5.831473214285714385e-02,-5.929129464285714385e-02,-6.012834821428571230e-02,-5.761718750000000000e-02,-5.845424107142856845e-02,-6.194196428571428770e-02,-5.943080357142856845e-02,-6.208147321428571230e-02,-5.817522321428571230e-02,-5.650111607142856845e-02,-5.943080357142856845e-02,-6.236049107142856845e-02,-5.998883928571428770e-02,-5.915178571428571230e-02,-5.887276785714285615e-02,-6.529017857142857539e-02
4.380580357142856845e-02,4.771205357142856845e-02,4.171316964285714385e-02,4.492187500000000000e-02,4.422433035714285615e-02,4.394531250000000000e-02,4.743303571428571230e-02,4.478236607142856845e-02,4.547991071428571230e-02,4.561941964285714385e-02,4.241071428571428770e-02,4.380580357142856845e-02,4.729352678571428770e-02,4.003906250000000000e-02,3.822544642857143155e-02,4.506138392857143155e-02,4.296875000000000000e-02,3.683035714285714385e-02,4.366629464285714385e-02,4.422433035714285615e-02,4.645647321428571230e-02,4.799107142857143155e-02,4.715401785714285615e-02,4.701450892857143155e-02,4.868861607142856845e-02,4.659598214285714385e-02,4.561941964285714385e-02,4.324776785714285615e-02,4.380580357142856845e-02,4.645647321428571230e-02,4.380580357142856845e-02,4.115513392857143155e-02,4.617745535714285615e-02,4.394531250000000000e-02,4.645647321428571230e-02,4.547991071428571230e-02,4.506138392857143155e-02,4.241071428571428770e-02,4.380580357142856845e-02,4.645647321428571230e-02,4.492187500000000000e-02,3.864397321428571230e-02
1.029575892857142877e-01,1.054687500000000000e-01,9.793526785714286309e-02,1.023995535714285754e-01,1.014229910714285754e-01,1.023995535714285754e-01,1.047712053571428631e-01,1.014229910714285754e-01,1.017020089285714246e-01,1.026785714285714246e-01,1.019810267857142877e-01,1.008649553571428631e-01,1.053292410714285754e-01,9.863281250000000000e-02,9.528459821428571230e-02,1.023995535714285754e-01,1.007254464285714246e-01,9.388950892857142461e-02,1.033761160714285754e-01,1.026785714285714246e-01,1.033761160714285754e-01,1.067243303571428631e-01,1.054687500000000000e-01,1.065848214285714246e-01,1.064453125000000000e-01,1.058872767857142877e-01,1.042131696428571369e-01,1.011439732142857123e-01,1.011439732142857123e-01,1.032366071428571369e-01,1.003069196428571369e-01,9.946986607142857539e-02,1.050502232142857123e-01,1.017020089285714246e-01,1.050502232142857123e-01,1.025390625000000000e-01,1.030970982142857123e-01,1.000279017857142877e-01,1.028180803571428631e-01,1.046316964285714246e-01,1.037946428571428631e-01,9.737723214285713691e-02
5.315290178571428770e-02,5.594308035714285615e-02,5.245535714285714385e-02,5.259486607142856845e-02,5.287388392857143155e-02,5.440848214285714385e-02,5.510602678571428770e-02,5.343191964285714385e-02,5.371093750000000000e-02,5.398995535714285615e-02,5.106026785714285615e-02,5.119977678571428770e-02,5.482700892857143155e-02,5.050223214285714385e-02,4.729352678571428770e-02,5.329241071428571230e-02,5.133928571428571230e-02,4.729352678571428770e-02,5.371093750000000000e-02,5.454799107142856845e-02,5.440848214285714385e-02,5.552455357142856845e-02,5.608258928571428770e-02,5.552455357142856845e-02,5.580357142857143155e-02,5.552455357142856845e-02,5.398995535714285615e-02,5.343191964285714385e-02,5.329241071428571230e-02,5.580357142857143155e-02,5.440848214285714385e-02,5.036272321428571230e-02,5.329241071428571230e-02,5.301339285714285615e-02,5.496651785714285615e-02,5.496651785714285615e-02,5.259486607142856845e-02,5.022321428571428770e-02,5.189732142857143155e-02,5.385044642857143155e-02,5.301339285714285615e-02,4.589843750000000000e-02
-3.836495535714285615e-02,-3.445870535714285615e-02,-3.822544642857143155e-02,-3.627232142857143155e-02,-3.655133928571428770e-02,-3.613281250000000000e-02,-3.557477678571428770e-02,-3.669084821428571230e-02,-3.543526785714285615e-02,-3.710937500000000000e-02,-4.003906250000000000e-02,-3.808593750000000000e-02,-3.613281250000000000e-02,-4.045758928571428770e-02,-4.241071428571428770e-02,-3.724888392857143155e-02,-3.864397321428571230e-02,-4.422433035714285615e-02,-3.808593750000000000e-02,-3.683035714285714385e-02,-3.557477678571428770e-02,-3.473772321428571230e-02,-3.473772321428571230e-02,-3.641183035714285615e-02,-3.473772321428571230e-02,-3.473772321428571230e-02,-3.696986607142856845e-02,-3.627232142857143155e-02,-3.780691964285714385e-02,-3.417968750000000000e-02,-3.543526785714285615e-02,-3.962053571428571230e-02,-3.738839285714285615e-02,-3.920200892857143155e-02,-3.543526785714285615e-02,-3.404017857142856845e-02,-3.822544642857143155e-02,-4.101562500000000000e-02,-3.864397321428571230e-02,-3.696986607142856845e-02,-3.738839285714285615e-02,-4.324776785714285615e-02
6.556919642857142461e-02,6.835937500000000000e-02,6.305803571428571230e-02,6.529017857142857539e-02,6.501116071428571230e-02,6.584821428571428770e-02,6.738281250000000000e-02,6.487165178571428770e-02,6.501116071428571230e-02,6.598772321428571230e-02,6.417410714285713691e-02,6.347656250000000000e-02,6.640625000000000000e-02,6.236049107142856845e-02,5.901227678571428770e-02,6.542968750000000000e-02,6.347656250000000000e-02,5.915178571428571230e-02,6.626674107142857539e-02,6.542968750000000000e-02,6.598772321428571230e-02,6.808035714285713691e-02,6.849888392857142461e-02,6.808035714285713691e-02,6.849888392857142461e-02,6.752232142857142461e-02,6.556919642857142461e-02,6.445312500000000000e-02,6.487165178571428770e-02,6.752232142857142461e-02,6.501116071428571230e-02,6.208147321428571230e-02,6.612723214285713691e-02,6.570870535714286309e-02,6.738281250000000000e-02,6.668526785714286309e-02,6.529017857142857539e-02,6.208147321428571230e-02,6.417410714285713691e-02,6.654575892857142461e-02,6.584821428571428770e-02,5.957031250000000000e-02
1.198381696428571369e-01,1.222098214285714246e-01,1.153738839285714246e-01,1.178850446428571369e-01,1.180245535714285754e-01,1.198381696428571369e-01,1.205357142857142877e-01,1.177455357142857123e-01,1.178850446428571369e-01,1.191406250000000000e-01,1.195591517857142877e-01,1.166294642857142877e-01,1.206752232142857123e-01,1.163504464285714246e-01,1.111886160714285754e-01,1.190011160714285754e-01,1.181640625000000000e-01,1.116071428571428631e-01,1.208147321428571369e-01,1.201171875000000000e-01,1.191406250000000000e-01,1.222098214285714246e-01,1.230468750000000000e-01,1.231863839285714246e-01,1.224888392857142877e-01,1.222098214285714246e-01,1.194196428571428631e-01,1.178850446428571369e-01,1.180245535714285754e-01,1.202566964285714246e-01,1.173270089285714246e-01,1.160714285714285754e-01,1.217912946428571369e-01,1.199776785714285754e-01,1.220703125000000000e-01,1.183035714285714246e-01,1.191406250000000000e-01,1.162109375000000000e-01,1.188616071428571369e-01,1.215122767857142877e-01,1.208147321428571369e-01,1.142578125000000000e-01
6.612723214285713691e-02,6.877790178571428770e-02,6.487165178571428770e-02,6.542968750000000000e-02,6.515066964285713691e-02,6.794084821428571230e-02,6.626674107142857539e-02,6.529017857142857539e-02,6.598772321428571230e-02,6.556919642857142461e-02,6.473214285714286309e-02,6.333705357142857539e-02,6.696428571428571230e-02,6.403459821428571230e-02,5.984933035714285615e-02,6.612723214285713691e-02,6.473214285714286309e-02,6.110491071428571230e-02,6.724330357142857539e-02,6.780133928571428770e-02,6.612723214285713691e-02,6.794084821428571230e-02,6.961495535714286309e-02,6.808035714285713691e-02,6.863839285714286309e-02,6.891741071428571230e-02,6.598772321428571230e-02,6.696428571428571230e-02,6.584821428571428770e-02,6.877790178571428770e-02,6.696428571428571230e-02,6.361607142857142461e-02,6.598772321428571230e-02,6.626674107142857539e-02,6.738281250000000000e-02,6.808035714285713691e-02,6.570870535714286309e-02,6.250000000000000000e-02,6.459263392857142461e-02,6.640625000000000000e-02,6.570870535714286309e-02,5.957031250000000000e-02
-9.416852678571428770e-02,-8.816964285714286309e-02,-9.333147321428571230e-02,-8.998325892857142461e-02,-8.970424107142857539e-02,-9.123883928571428770e-02,-8.705357142857142461e-02,-8.914620535714286309e-02,-8.900669642857142461e-02,-8.942522321428571230e-02,-9.402901785714286309e-02,-8.998325892857142461e-02,-8.789062500000000000e-02,-9.584263392857142461e-02,-9.626116071428571230e-02,-8.998325892857142461e-02,-9.165736607142857539e-02,-1.014229910714285754e-01,-9.458705357142857539e-02,-9.430803571428571230e-02,-8.956473214285713691e-02,-8.789062500000000000e-02,-9.054129464285713691e-02,-9.040178571428571230e-02,-8.761160714285713691e-02,-9.193638392857142461e-02,-9.068080357142857539e-02,-9.193638392857142461e-02,-9.249441964285713691e-02,-8.928571428571428770e-02,-9.165736607142857539e-02,-9.430803571428571230e-02,-9.012276785714286309e-02,-9.388950892857142461e-02,-9.040178571428571230e-02,-8.816964285714286309e-02,-9.123883928571428770e-02,-9.402901785714286309e-02,-9.193638392857142461e-02,-8.942522321428571230e-02,-9.095982142857142461e-02,-9.528459821428571230e-02
-5.915178571428571230e-02,-5.398995535714285615e-02,-6.054687500000000000e-02,-5.622209821428571230e-02,-5.552455357142856845e-02,-5.747767857142856845e-02,-5.231584821428571230e-02,-5.552455357142856845e-02,-5.580357142857143155e-02,-5.566406250000000000e-02,-5.873325892857143155e-02,-5.650111607142856845e-02,-5.287388392857143155e-02,-6.138392857142856845e-02,-6.263950892857142461e-02,-5.552455357142856845e-02,-5.733816964285714385e-02,-6.724330357142857539e-02,-6.012834821428571230e-02,-6.012834821428571230e-02,-5.594308035714285615e-02,-5.412946428571428770e-02,-5.594308035714285615e-02,-5.552455357142856845e-02,-5.343191964285714385e-02,-5.705915178571428770e-02,-5.664062500000000000e-02,-5.845424107142856845e-02,-5.859375000000000000e-02,-5.580357142857143155e-02,-5.831473214285714385e-02,-6.068638392857143155e-02,-5.538504464285714385e-02,-5.915178571428571230e-02,-5.580357142857143155e-02,-5.482700892857143155e-02,-5.678013392857143155e-02,-5.957031250000000000e-02,-5.775669642857143155e-02,-5.468750000000000000e-02,-5.580357142857143155e-02,-6.138392857142856845e-02
3.627232142857142981e-03,7.672991071428571057e-03,6.975446428571428726e-04,4.882812500000000000e-03,6.277901785714285962e-03,5.161830357142857019e-03,9.347098214285714038e-03,6.138392857142857019e-03,5.859375000000000000e-03,5.998883928571428943e-03,5.022321428571428943e-03,4.603794642857142981e-03,9.765625000000000000e-03,2.092633928571428509e-03,-2.790178571428571274e-04,5.719866071428571057e-03,5.022321428571428943e-03,-4.324776785714285962e-03,4.324776785714285962e-03,3.348214285714285528e-03,5.301339285714285962e-03,7.812500000000000000e-03,6.835937500000000000e-03,8.091517857142857886e-03,8.091517857142857886e-03,6.138392857142857019e-03,5.859375000000000000e-03,2.650669642857142981e-03,4.045758928571428943e-03,6.277901785714285962e-03,3.487723214285714472e-03,2.371651785714285528e-03,8.370535714285714038e-03,3.906250000000000000e-03,7.393973214285714038e-03,5.161830357142857019e-03,5.301339285714285962e-03,3.208705357142857019e-03,5.022321428571428943e-03,8.231026785714285962e-03,7.393973214285714038e-03,1.674107142857142764e-03
-3.097098214285714385e-02,-2.734375000000000000e-02,-3.166852678571428770e-02,-2.957589285714285615e-02,-3.055245535714285615e-02,-2.915736607142857192e-02,-2.818080357142857192e-02,-2.999441964285714385e-02,-2.915736607142857192e-02,-2.971540178571428423e-02,-3.138950892857143155e-02,-3.111049107142857192e-02,-2.762276785714285615e-02,-3.278459821428571230e-02,-3.529575892857143155e-02,-2.915736607142857192e-02,-3.027343750000000000e-02,-3.766741071428571230e-02,-3.166852678571428770e-02,-3.055245535714285615e-02,-2.999441964285714385e-02,-2.804129464285714385e-02,-2.804129464285714385e-02,-2.859933035714285615e-02,-2.762276785714285615e-02,-2.873883928571428423e-02,-3.041294642857142808e-02,-3.027343750000000000e-02,-3.041294642857142808e-02,-2.804129464285714385e-02,-2.971540178571428423e-02,-3.306361607142856845e-02,-3.027343750000000000e-02,-3.166852678571428770e-02,-2.845982142857142808e-02,-2.804129464285714385e-02,-3.083147321428571577e-02,-3.236607142857143155e-02,-3.083147321428571577e-02,-2.901785714285714385e-02,-3.027343750000000000e-02,-3.585379464285714385e-02
-1.494140625000000000e-01,-1.446707589285714246e-01,-1.469029017857142738e-01,-1.452287946428571508e-01,-1.462053571428571508e-01,-1.464843750000000000e-01,-1.441127232142857262e-01,-1.452287946428571508e-01,-1.442522321428571508e-01,-1.464843750000000000e-01,-1.508091517857142738e-01,-1.459263392857142738e-01,-1.442522321428571508e-01,-1.496930803571428492e-01,-1.510881696428571508e-01,-1.450892857142857262e-01,-1.456473214285714246e-01,-1.544363839285714246e-01,-1.499720982142857262e-01,-1.473214285714285754e-01,-1.449497767857142738e-01,-1.460658482142857262e-01,-1.466238839285714246e-01,-1.478794642857142738e-01,-1.429966517857142738e-01,-1.474609375000000000e-01,-1.460658482142857262e-01,-1.467633928571428492e-01,-1.463448660714285754e-01,-1.445312500000000000e-01,-1.452287946428571508e-01,-1.503906250000000000e-01,-1.470424107142857262e-01,-1.476004464285714246e-01,-1.463448660714285754e-01,-1.432756696428571508e-01,-1.473214285714285754e-01,-1.495535714285714246e-01,-1.469029017857142738e-01,-1.457868303571428492e-01,-1.480189732142857262e-01,-1.513671875000000000e-01
-2.497209821428571577e-02,-2.218191964285714385e-02,-2.664620535714285615e-02,-2.427455357142857192e-02,-2.441406250000000000e-02,-2.399553571428571577e-02,-2.260044642857142808e-02,-2.497209821428571577e-02,-2.371651785714285615e-02,-2.441406250000000000e-02,-2.594866071428571577e-02,-2.553013392857142808e-02,-2.176339285714285615e-02,-2.706473214285714385e-02,-3.055245535714285615e-02,-2.385602678571428423e-02,-2.371651785714285615e-02,-3.138950892857143155e-02,-2.455357142857142808e-02,-2.399553571428571577e-02,-2.427455357142857192e-02,-2.246093750000000000e-02,-2.399553571428571577e-02,-2.287946428571428423e-02,-2.148437500000000000e-02,-2.371651785714285615e-02,-2.329799107142857192e-02,-2.580915178571428423e-02,-2.483258928571428423e-02,-2.329799107142857192e-02,-2.455357142857142808e-02,-2.790178571428571577e-02,-2.371651785714285615e-02,-2.553013392857142808e-02,-2.329799107142857192e-02,-2.301897321428571577e-02,-2.469308035714285615e-02,-2.818080357142857192e-02,-2.427455357142857192e-02,-2.315848214285714385e-02,-2.427455357142857192e-02,-2.943638392857142808e-02
4.310825892857143155e-02,4.464285714285714385e-02,3.934151785714285615e-02,4.101562500000000000e-02,4.296875000000000000e-02,4.282924107142856845e-02,4.394531250000000000e-02,4.087611607142856845e-02,4.171316964285714385e-02,4.282924107142856845e-02,4.115513392857143155e-02,3.948102678571428770e-02,4.534040178571428770e-02,4.059709821428571230e-02,3.627232142857143155e-02,4.282924107142856845e-02,4.296875000000000000e-02,3.543526785714285615e-02,4.506138392857143155e-02,4.296875000000000000e-02,4.268973214285714385e-02,4.534040178571428770e-02,4.450334821428571230e-02,4.589843750000000000e-02,4.450334821428571230e-02,4.380580357142856845e-02,4.352678571428571230e-02,4.073660714285714385e-02,4.282924107142856845e-02,4.310825892857143155e-02,4.185267857142856845e-02,3.892299107142856845e-02,4.506138392857143155e-02,4.268973214285714385e-02,4.394531250000000000e-02,4.199218750000000000e-02,4.227120535714285615e-02,3.920200892857143155e-02,4.366629464285714385e-02,4.534040178571428770e-02,4.422433035714285615e-02,3.780691964285714385e-02
6.696428571428571057e-03,8.789062500000000000e-03,6.417410714285714038e-03,6.277901785714285962e-03,5.998883928571428943e-03,8.231026785714285962e-03,6.975446428571428943e-03,5.998883928571428943e-03,7.393973214285714038e-03,6.138392857142857019e-03,4.882812500000000000e-03,4.603794642857142981e-03,8.370535714285714038e-03,5.161830357142857019e-03,9.765625000000000000e-04,7.114955357142857019e-03,6.417410714285714038e-03,1.813616071428571491e-03,7.254464285714285962e-03,8.789062500000000000e-03,7.393973214285714038e-03,7.672991071428571057e-03,8.231026785714285962e-03,7.952008928571428076e-03,9.068080357142857886e-03,8.789062500000000000e-03,6.835937500000000000e-03,6.417410714285714038e-03,6.138392857142857019e-03,8.649553571428571924e-03,7.812500000000000000e-03,3.069196428571428509e-03,7.114955357142857019e-03,6.277901785714285962e-03,7.254464285714285962e-03,8.370535714285714038e-03,5.859375000000000000e-03,4.045758928571428943e-03,7.114955357142857019e-03,7.114955357142857019e-03,5.998883928571428943e-03,5.580357142857142547e-04
-9.737723214285713691e-02,-9.598214285714286309e-02,-9.640066964285713691e-02,-9.654017857142857539e-02,-9.737723214285713691e-02,-9.472656250000000000e-02,-9.598214285714286309e-02,-9.681919642857142461e-02,-9.528459821428571230e-02,-9.626116071428571230e-02,-9.933035714285713691e-02,-9.723772321428571230e-02,-9.472656250000000000e-02,-9.723772321428571230e-02,-9.974888392857142461e-02,-9.528459821428571230e-02,-9.458705357142857539e-02,-1.023995535714285754e-01,-9.654017857142857539e-02,-9.514508928571428770e-02,-9.556361607142857539e-02,-9.654017857142857539e-02,-9.570312500000000000e-02,-9.640066964285713691e-02,-9.444754464285713691e-02,-9.626116071428571230e-02,-9.640066964285713691e-02,-9.681919642857142461e-02,-9.570312500000000000e-02,-9.500558035714286309e-02,-9.472656250000000000e-02,-1.000279017857142877e-01,-9.626116071428571230e-02,-9.584263392857142461e-02,-9.667968750000000000e-02,-9.416852678571428770e-02,-9.681919642857142461e-02,-9.988839285714286309e-02,-9.486607142857142461e-02,-9.598214285714286309e-02,-9.751674107142857539e-02,-1.026785714285714246e-01
-5.259486607142856845e-02,-5.133928571428571230e-02,-5.343191964285714385e-02,-5.315290178571428770e-02,-5.357142857142856845e-02,-5.133928571428571230e-02,-5.161830357142856845e-02,-5.412946428571428770e-02,-5.189732142857143155e-02,-5.301339285714285615e-02,-5.412946428571428770e-02,-5.426897321428571230e-02,-5.064174107142856845e-02,-5.287388392857143155e-02,-5.775669642857143155e-02,-5.175781250000000000e-02,-4.994419642857143155e-02,-5.901227678571428770e-02,-5.133928571428571230e-02,-5.078125000000000000e-02,-5.357142857142856845e-02,-5.217633928571428770e-02,-5.175781250000000000e-02,-5.217633928571428770e-02,-4.966517857142856845e-02,-5.189732142857143155e-02,-5.161830357142856845e-02,-5.398995535714285615e-02,-5.245535714285714385e-02,-5.203683035714285615e-02,-5.189732142857143155e-02,-5.678013392857143155e-02,-5.119977678571428770e-02,-5.203683035714285615e-02,-5.217633928571428770e-02,-5.133928571428571230e-02,-5.273437500000000000e-02,-5.608258928571428770e-02,-5.064174107142856845e-02,-5.161830357142856845e-02,-5.245535714285714385e-02,-5.747767857142856845e-02
8.928571428571428076e-03,9.486607142857142114e-03,6.417410714285714038e-03,5.859375000000000000e-03,7.254464285714285962e-03,9.486607142857142114e-03,9.347098214285714038e-03,5.580357142857142981e-03,7.672991071428571057e-03,7.393973214285714038e-03,8.789062500000000000e-03,5.440848214285714038e-03,1.060267857142857192e-02,8.370535714285714038e-03,2.650669642857142981e-03,8.789062500000000000e-03,1.018415178571428596e-02,9.765625000000000000e-04,1.157924107142857192e-02,9.068080357142857886e-03,6.277901785714285962e-03,9.207589285714285962e-03,1.018415178571428596e-02,1.143973214285714211e-02,9.765625000000000000e-03,1.018415178571428596e-02,8.649553571428571924e-03,5.580357142857142981e-03,8.649553571428571924e-03,9.347098214285714038e-03,7.672991071428571057e-03,4.603794642857142981e-03,1.046316964285714211e-02,9.068080357142857886e-03,9.905133928571428076e-03,8.789062500000000000e-03,8.649553571428571924e-03,4.743303571428571057e-03,1.116071428571428596e-02,1.116071428571428596e-02,1.018415178571428596e-02,3.069196428571428509e-03
-2.818080357142857192e-02,-2.734375000000000000e-02,-2.804129464285714385e-02,-2.971540178571428423e-02,-2.999441964285714385e-02,-2.636718750000000000e-02,-2.804129464285714385e-02,-2.985491071428571577e-02,-2.804129464285714385e-02,-2.859933035714285615e-02,-2.971540178571428423e-02,-3.055245535714285615e-02,-2.678571428571428423e-02,-2.901785714285714385e-02,-3.376116071428571230e-02,-2.776227678571428423e-02,-2.762276785714285615e-02,-3.334263392857143155e-02,-2.790178571428571577e-02,-2.553013392857142808e-02,-2.971540178571428423e-02,-2.915736607142857192e-02,-2.692522321428571577e-02,-2.762276785714285615e-02,-2.664620535714285615e-02,-2.776227678571428423e-02,-2.887834821428571577e-02,-2.845982142857142808e-02,-2.790178571428571577e-02,-2.678571428571428423e-02,-2.734375000000000000e-02,-3.236607142857143155e-02,-2.859933035714285615e-02,-2.734375000000000000e-02,-2.790178571428571577e-02,-2.734375000000000000e-02,-2.957589285714285615e-02,-3.180803571428571230e-02,-2.748325892857142808e-02,-2.832031250000000000e-02,-2.943638392857142808e-02,-3.376116071428571230e-02
-1.357421875000000000e-01,-1.349051339285714246e-01,-1.347656250000000000e-01,-1.353236607142857262e-01,-1.364397321428571508e-01,-1.332310267857142738e-01,-1.360212053571428492e-01,-1.365792410714285754e-01,-1.342075892857142738e-01,-1.349051339285714246e-01,-1.378348214285714246e-01,-1.371372767857142738e-01,-1.336495535714285754e-01,-1.347656250000000000e-01,-1.388113839285714246e-01,-1.333705357142857262e-01,-1.336495535714285754e-01,-1.413225446428571508e-01,-1.356026785714285754e-01,-1.326729910714285754e-01,-1.360212053571428492e-01,-1.368582589285714246e-01,-1.346261160714285754e-01,-1.357421875000000000e-01,-1.343470982142857262e-01,-1.353236607142857262e-01,-1.357421875000000000e-01,-1.353236607142857262e-01,-1.344866071428571508e-01,-1.339285714285714246e-01,-1.329520089285714246e-01,-1.399274553571428492e-01,-1.360212053571428492e-01,-1.337890625000000000e-01,-1.351841517857142738e-01,-1.325334821428571508e-01,-1.367187500000000000e-01,-1.388113839285714246e-01,-1.340680803571428492e-01,-1.358816964285714246e-01,-1.367187500000000000e-01,-1.418805803571428492e-01
-5.245535714285714385e-02,-5.161830357142856845e-02,-5.231584821428571230e-02,-5.496651785714285615e-02,-5.412946428571428770e-02,-5.092075892857143155e-02,-5.203683035714285615e-02,-5.496651785714285615e-02,-5.189732142857143155e-02,-5.301339285714285615e-02,-5.301339285714285615e-02,-5.426897321428571230e-02,-5.133928571428571230e-02,-5.175781250000000000e-02,-5.664062500000000000e-02,-5.106026785714285615e-02,-5.036272321428571230e-02,-5.845424107142856845e-02,-5.119977678571428770e-02,-5.022321428571428770e-02,-5.412946428571428770e-02,-5.398995535714285615e-02,-5.119977678571428770e-02,-5.189732142857143155e-02,-5.022321428571428770e-02,-5.133928571428571230e-02,-5.217633928571428770e-02,-5.440848214285714385e-02,-5.189732142857143155e-02,-5.106026785714285615e-02,-5.175781250000000000e-02,-5.636160714285714385e-02,-5.147879464285714385e-02,-5.161830357142856845e-02,-5.161830357142856845e-02,-5.133928571428571230e-02,-5.287388392857143155e-02,-5.608258928571428770e-02,-5.050223214285714385e-02,-5.161830357142856845e-02,-5.231584821428571230e-02,-5.733816964285714385e-02
8.649553571428571924e-03,9.905133928571428076e-03,5.580357142857142981e-03,4.882812500000000000e-03,6.277901785714285962e-03,9.207589285714285962e-03,8.231026785714285962e-03,5.301339285714285962e-03,6.975446428571428943e-03,6.975446428571428943e-03,7.812500000000000000e-03,5.161830357142857019e-03,9.347098214285714038e-03,9.207589285714285962e-03,2.232142857142857019e-03,8.789062500000000000e-03,9.765625000000000000e-03,1.395089285714285745e-03,1.130022321428571404e-02,8.649553571428571924e-03,5.301339285714285962e-03,7.114955357142857019e-03,1.004464285714285789e-02,1.032366071428571404e-02,8.928571428571428076e-03,9.486607142857142114e-03,7.672991071428571057e-03,5.998883928571428943e-03,7.672991071428571057e-03,9.207589285714285962e-03,6.556919642857142981e-03,3.906250000000000000e-03,9.486607142857142114e-03,8.789062500000000000e-03,9.486607142857142114e-03,8.091517857142857886e-03,8.370535714285714038e-03,3.766741071428571491e-03,1.032366071428571404e-02,1.032366071428571404e-02,9.765625000000000000e-03,2.371651785714285528e-03
-2.776227678571428423e-02,-2.706473214285714385e-02,-2.762276785714285615e-02,-3.013392857142857192e-02,-2.957589285714285615e-02,-2.650669642857142808e-02,-2.901785714285714385e-02,-2.999441964285714385e-02,-2.845982142857142808e-02,-2.790178571428571577e-02,-2.957589285714285615e-02,-3.013392857142857192e-02,-2.706473214285714385e-02,-2.720424107142857192e-02,-3.306361607142856845e-02,-2.720424107142857192e-02,-2.776227678571428423e-02,-3.348214285714285615e-02,-2.762276785714285615e-02,-2.511160714285714385e-02,-3.041294642857142808e-02,-2.943638392857142808e-02,-2.566964285714285615e-02,-2.706473214285714385e-02,-2.720424107142857192e-02,-2.734375000000000000e-02,-2.929687500000000000e-02,-2.859933035714285615e-02,-2.818080357142857192e-02,-2.692522321428571577e-02,-2.678571428571428423e-02,-3.208705357142856845e-02,-2.887834821428571577e-02,-2.636718750000000000e-02,-2.692522321428571577e-02,-2.650669642857142808e-02,-2.929687500000000000e-02,-3.125000000000000000e-02,-2.748325892857142808e-02,-2.832031250000000000e-02,-2.901785714285714385e-02,-3.362165178571428770e-02
-1.347656250000000000e-01,-1.356026785714285754e-01,-1.333705357142857262e-01,-1.347656250000000000e-01,-1.368582589285714246e-01,-1.319754464285714246e-01,-1.351841517857142738e-01,-1.369977678571428492e-01,-1.336495535714285754e-01,-1.346261160714285754e-01,-1.375558035714285754e-01,-1.365792410714285754e-01,-1.339285714285714246e-01,-1.340680803571428492e-01,-1.386718750000000000e-01,-1.319754464285714246e-01,-1.319754464285714246e-01,-1.406250000000000000e-01,-1.357421875000000000e-01,-1.319754464285714246e-01,-1.368582589285714246e-01,-1.374162946428571508e-01,-1.353236607142857262e-01,-1.375558035714285754e-01,-1.346261160714285754e-01,-1.354631696428571508e-01,-1.360212053571428492e-01,-1.360212053571428492e-01,-1.344866071428571508e-01,-1.343470982142857262e-01,-1.335100446428571508e-01,-1.406250000000000000e-01,-1.368582589285714246e-01,-1.340680803571428492e-01,-1.356026785714285754e-01,-1.325334821428571508e-01,-1.364397321428571508e-01,-1.393694196428571508e-01,-1.347656250000000000e-01,-1.367187500000000000e-01,-1.363002232142857262e-01,-1.409040178571428492e-01
-1.464843750000000000e-02,-1.478794642857142808e-02,-1.492745535714285789e-02,-1.715959821428571577e-02,-1.604352678571428423e-02,-1.339285714285714211e-02,-1.562500000000000000e-02,-1.729910714285714385e-02,-1.562500000000000000e-02,-1.590401785714285615e-02,-1.702008928571428423e-02,-1.813616071428571577e-02,-1.436941964285714211e-02,-1.422991071428571404e-02,-1.981026785714285615e-02,-1.436941964285714211e-02,-1.311383928571428596e-02,-2.092633928571428423e-02,-1.367187500000000000e-02,-1.325334821428571404e-02,-1.743861607142857192e-02,-1.646205357142857192e-02,-1.409040178571428596e-02,-1.590401785714285615e-02,-1.492745535714285789e-02,-1.506696428571428596e-02,-1.604352678571428423e-02,-1.715959821428571577e-02,-1.534598214285714211e-02,-1.436941964285714211e-02,-1.450892857142857192e-02,-2.036830357142857192e-02,-1.618303571428571577e-02,-1.422991071428571404e-02,-1.464843750000000000e-02,-1.506696428571428596e-02,-1.590401785714285615e-02,-1.925223214285714385e-02,-1.367187500000000000e-02,-1.422991071428571404e-02,-1.576450892857142808e-02,-2.078683035714285615e-02
5.175781250000000000e-02,5.078125000000000000e-02,4.840959821428571230e-02,4.729352678571428770e-02,4.910714285714285615e-02,5.175781250000000000e-02,5.050223214285714385e-02,4.785156250000000000e-02,4.952566964285714385e-02,4.854910714285714385e-02,4.966517857142856845e-02,4.701450892857143155e-02,5.078125000000000000e-02,5.119977678571428770e-02,4.394531250000000000e-02,5.050223214285714385e-02,5.189732142857143155e-02,4.338727678571428770e-02,5.357142857142856845e-02,5.189732142857143155e-02,4.729352678571428770e-02,4.910714285714285615e-02,5.078125000000000000e-02,5.147879464285714385e-02,5.064174107142856845e-02,5.106026785714285615e-02,4.994419642857143155e-02,4.743303571428571230e-02,4.980468750000000000e-02,5.133928571428571230e-02,4.952566964285714385e-02,4.617745535714285615e-02,5.133928571428571230e-02,5.119977678571428770e-02,5.064174107142856845e-02,4.868861607142856845e-02,4.994419642857143155e-02,4.478236607142856845e-02,5.301339285714285615e-02,5.259486607142856845e-02,5.064174107142856845e-02,4.464285714285714385e-02
1.339285714285714211e-02,1.353236607142857192e-02,1.367187500000000000e-02,1.157924107142857192e-02,1.171875000000000000e-02,1.520647321428571404e-02,1.171875000000000000e-02,1.102120535714285789e-02,1.269531250000000000e-02,1.269531250000000000e-02,1.102120535714285789e-02,1.032366071428571404e-02,1.339285714285714211e-02,1.367187500000000000e-02,7.812500000000000000e-03,1.381138392857142808e-02,1.339285714285714211e-02,8.649553571428571924e-03,1.395089285714285789e-02,1.576450892857142808e-02,1.074218750000000000e-02,1.130022321428571404e-02,1.450892857142857192e-02,1.339285714285714211e-02,1.325334821428571404e-02,1.353236607142857192e-02,1.213727678571428596e-02,1.213727678571428596e-02,1.283482142857142808e-02,1.381138392857142808e-02,1.436941964285714211e-02,8.789062500000000000e-03,1.213727678571428596e-02,1.464843750000000000e-02,1.325334821428571404e-02,1.381138392857142808e-02,1.199776785714285789e-02,9.207589285714285962e-03,1.339285714285714211e-02,1.255580357142857192e-02,1.199776785714285789e-02,6.696428571428571057e-03
-5.078125000000000000e-02,-5.231584821428571230e-02,-5.008370535714285615e-02,-5.133928571428571230e-02,-5.343191964285714385e-02,-4.910714285714285615e-02,-5.329241071428571230e-02,-5.287388392857143155e-02,-5.106026785714285615e-02,-5.217633928571428770e-02,-5.482700892857143155e-02,-5.371093750000000000e-02,-5.203683035714285615e-02,-5.078125000000000000e-02,-5.664062500000000000e-02,-4.994419642857143155e-02,-4.994419642857143155e-02,-5.398995535714285615e-02,-5.008370535714285615e-02,-4.673549107142856845e-02,-5.161830357142856845e-02,-5.203683035714285615e-02,-4.980468750000000000e-02,-5.329241071428571230e-02,-5.008370535714285615e-02,-5.161830357142856845e-02,-5.106026785714285615e-02,-5.161830357142856845e-02,-4.994419642857143155e-02,-5.036272321428571230e-02,-4.771205357142856845e-02,-5.705915178571428770e-02,-5.287388392857143155e-02,-4.952566964285714385e-02,-5.133928571428571230e-02,-4.910714285714285615e-02,-5.357142857142856845e-02,-5.566406250000000000e-02,-5.092075892857143155e-02,-5.343191964285714385e-02,-5.412946428571428770e-02,-5.747767857142856845e-02
5.901227678571428770e-02,5.747767857142856845e-02,5.789620535714285615e-02,5.580357142857143155e-02,5.594308035714285615e-02,5.943080357142856845e-02,5.691964285714285615e-02,5.594308035714285615e-02,5.636160714285714385e-02,5.636160714285714385e-02,5.524553571428571230e-02,5.398995535714285615e-02,5.705915178571428770e-02,5.733816964285714385e-02,5.175781250000000000e-02,5.775669642857143155e-02,5.887276785714285615e-02,5.357142857142856845e-02,6.096540178571428770e-02,6.194196428571428770e-02,5.705915178571428770e-02,5.775669642857143155e-02,5.943080357142856845e-02,5.887276785714285615e-02,5.943080357142856845e-02,5.873325892857143155e-02,5.775669642857143155e-02,5.622209821428571230e-02,5.873325892857143155e-02,5.915178571428571230e-02,5.887276785714285615e-02,5.329241071428571230e-02,5.775669642857143155e-02,5.873325892857143155e-02,5.789620535714285615e-02,5.761718750000000000e-02,5.691964285714285615e-02,5.287388392857143155e-02,5.970982142857143155e-02,5.761718750000000000e-02,5.622209821428571230e-02,5.161830357142856845e-02
1.173270089285714246e-01,1.155133928571428631e-01,1.139787946428571369e-01,1.127232142857142877e-01,1.134207589285714246e-01,1.150948660714285754e-01,1.153738839285714246e-01,1.127232142857142877e-01,1.136997767857142877e-01,1.136997767857142877e-01,1.143973214285714246e-01,1.109095982142857123e-01,1.145368303571428631e-01,1.143973214285714246e-01,1.078404017857142877e-01,1.146763392857142877e-01,1.162109375000000000e-01,1.103515625000000000e-01,1.206752232142857123e-01,1.184430803571428631e-01,1.141183035714285754e-01,1.159319196428571369e-01,1.164899553571428631e-01,1.177455357142857123e-01,1.169084821428571369e-01,1.169084821428571369e-01,1.159319196428571369e-01,1.128627232142857123e-01,1.166294642857142877e-01,1.167689732142857123e-01,1.148158482142857123e-01,1.116071428571428631e-01,1.170479910714285754e-01,1.160714285714285754e-01,1.148158482142857123e-01,1.134207589285714246e-01,1.152343750000000000e-01,1.103515625000000000e-01,1.191406250000000000e-01,1.169084821428571369e-01,1.148158482142857123e-01,1.100725446428571369e-01
6.487165178571428770e-02,6.445312500000000000e-02,6.459263392857142461e-02,6.305803571428571230e-02,6.263950892857142461e-02,6.626674107142857539e-02,6.263950892857142461e-02,6.194196428571428770e-02,6.347656250000000000e-02,6.361607142857142461e-02,6.250000000000000000e-02,6.054687500000000000e-02,6.333705357142857539e-02,6.389508928571428770e-02,5.859375000000000000e-02,6.473214285714286309e-02,6.417410714285713691e-02,6.124441964285714385e-02,6.612723214285713691e-02,6.877790178571428770e-02,6.319754464285713691e-02,6.361607142857142461e-02,6.710379464285713691e-02,6.556919642857142461e-02,6.542968750000000000e-02,6.556919642857142461e-02,6.459263392857142461e-02,6.375558035714286309e-02,6.501116071428571230e-02,6.556919642857142461e-02,6.612723214285713691e-02,5.998883928571428770e-02,6.277901785714286309e-02,6.584821428571428770e-02,6.417410714285713691e-02,6.515066964285713691e-02,6.277901785714286309e-02,5.970982142857143155e-02,6.445312500000000000e-02,6.291852678571428770e-02,6.263950892857142461e-02,5.719866071428571230e-02
-7.952008928571428076e-03,-1.046316964285714211e-02,-5.998883928571428943e-03,-8.231026785714285962e-03,-1.074218750000000000e-02,-6.835937500000000000e-03,-9.486607142857142114e-03,-1.130022321428571404e-02,-8.091517857142857886e-03,-9.765625000000000000e-03,-1.422991071428571404e-02,-1.185825892857142808e-02,-1.032366071428571404e-02,-9.347098214285714038e-03,-1.339285714285714211e-02,-8.091517857142857886e-03,-7.254464285714285962e-03,-1.018415178571428596e-02,-4.324776785714285962e-03,-2.092633928571428509e-03,-6.417410714285714038e-03,-7.952008928571428076e-03,-6.417410714285714038e-03,-8.370535714285714038e-03,-5.440848214285714038e-03,-8.928571428571428076e-03,-5.998883928571428943e-03,-8.789062500000000000e-03,-5.440848214285714038e-03,-7.254464285714285962e-03,-4.185267857142857019e-03,-1.395089285714285789e-02,-8.649553571428571924e-03,-6.138392857142857019e-03,-9.068080357142857886e-03,-5.998883928571428943e-03,-1.060267857142857192e-02,-1.311383928571428596e-02,-6.696428571428571057e-03,-1.102120535714285789e-02,-1.227678571428571404e-02,-1.520647321428571404e-02
9.528459821428571230e-02,9.235491071428571230e-02,9.375000000000000000e-02,9.193638392857142461e-02,9.221540178571428770e-02,9.430803571428571230e-02,9.291294642857142461e-02,9.026227678571428770e-02,9.263392857142857539e-02,9.082031250000000000e-02,8.900669642857142461e-02,8.942522321428571230e-02,9.207589285714286309e-02,9.193638392857142461e-02,8.677455357142857539e-02,9.333147321428571230e-02,9.430803571428571230e-02,9.151785714285713691e-02,9.877232142857142461e-02,9.946986607142857539e-02,9.458705357142857539e-02,9.486607142857142461e-02,9.514508928571428770e-02,9.542410714285713691e-02,9.654017857142857539e-02,9.486607142857142461e-02,9.654017857142857539e-02,9.277343750000000000e-02,9.612165178571428770e-02,9.528459821428571230e-02,9.528459821428571230e-02,8.816964285714286309e-02,9.416852678571428770e-02,9.528459821428571230e-02,9.249441964285713691e-02,9.416852678571428770e-02,9.375000000000000000e-02,8.858816964285713691e-02,9.737723214285713691e-02,9.277343750000000000e-02,9.109933035714286309e-02,8.691406250000000000e-02
1.478794642857142738e-01,1.450892857142857262e-01,1.448102678571428492e-01,1.431361607142857262e-01,1.442522321428571508e-01,1.466238839285714246e-01,1.456473214285714246e-01,1.422991071428571508e-01,1.438337053571428492e-01,1.432756696428571508e-01,1.421595982142857262e-01,1.420200892857142738e-01,1.443917410714285754e-01,1.442522321428571508e-01,1.392299107142857262e-01,1.450892857142857262e-01,1.463448660714285754e-01,1.431361607142857262e-01,1.524832589285714246e-01,1.509486607142857262e-01,1.462053571428571508e-01,1.482979910714285754e-01,1.484375000000000000e-01,1.485770089285714246e-01,1.502511160714285754e-01,1.482979910714285754e-01,1.491350446428571508e-01,1.446707589285714246e-01,1.482979910714285754e-01,1.477399553571428492e-01,1.464843750000000000e-01,1.418805803571428492e-01,1.484375000000000000e-01,1.478794642857142738e-01,1.450892857142857262e-01,1.449497767857142738e-01,1.466238839285714246e-01,1.400669642857142738e-01,1.515066964285714246e-01,1.474609375000000000e-01,1.446707589285714246e-01,1.400669642857142738e-01
8.956473214285713691e-02,8.789062500000000000e-02,8.914620535714286309e-02,8.733258928571428770e-02,8.593750000000000000e-02,8.956473214285713691e-02,8.691406250000000000e-02,8.523995535714286309e-02,8.733258928571428770e-02,8.677455357142857539e-02,8.440290178571428770e-02,8.440290178571428770e-02,8.775111607142857539e-02,8.691406250000000000e-02,8.203125000000000000e-02,8.789062500000000000e-02,8.816964285714286309e-02,8.607700892857142461e-02,9.249441964285713691e-02,9.375000000000000000e-02,8.886718750000000000e-02,8.956473214285713691e-02,9.109933035714286309e-02,8.984375000000000000e-02,9.068080357142857539e-02,8.886718750000000000e-02,8.998325892857142461e-02,8.803013392857142461e-02,8.956473214285713691e-02,8.998325892857142461e-02,9.040178571428571230e-02,8.300781250000000000e-02,8.761160714285713691e-02,8.970424107142857539e-02,8.789062500000000000e-02,8.928571428571428770e-02,8.733258928571428770e-02,8.370535714285713691e-02,8.956473214285713691e-02,8.649553571428571230e-02,8.565848214285713691e-02,8.175223214285713691e-02
7.952008928571428076e-03,6.277901785714285962e-03,9.347098214285714038e-03,6.835937500000000000e-03,5.440848214285714038e-03,9.207589285714285962e-03,5.859375000000000000e-03,5.301339285714285962e-03,7.812500000000000000e-03,6.975446428571428943e-03,2.092633928571428509e-03,4.324776785714285962e-03,6.696428571428571057e-03,5.719866071428571057e-03,1.953125000000000000e-03,7.533482142857142981e-03,7.533482142857142981e-03,5.859375000000000000e-03,1.088169642857142808e-02,1.367187500000000000e-02,1.004464285714285789e-02,9.486607142857142114e-03,9.765625000000000000e-03,6.696428571428571057e-03,1.088169642857142808e-02,6.696428571428571057e-03,9.765625000000000000e-03,7.393973214285714038e-03,1.004464285714285789e-02,8.510044642857142114e-03,1.255580357142857192e-02,2.232142857142857019e-03,5.859375000000000000e-03,9.486607142857142114e-03,7.393973214285714038e-03,9.347098214285714038e-03,6.277901785714285962e-03,3.627232142857142981e-03,8.510044642857142114e-03,5.998883928571428943e-03,4.603794642857142981e-03,9.765625000000000000e-04
1.082589285714285754e-01,1.047712053571428631e-01,1.054687500000000000e-01,1.043526785714285754e-01,1.040736607142857123e-01,1.060267857142857123e-01,1.056082589285714246e-01,1.030970982142857123e-01,1.056082589285714246e-01,1.037946428571428631e-01,1.018415178571428631e-01,1.017020089285714246e-01,1.053292410714285754e-01,1.036551339285714246e-01,9.933035714285713691e-02,1.049107142857142877e-01,1.063058035714285754e-01,1.032366071428571369e-01,1.104910714285714246e-01,1.104910714285714246e-01,1.072823660714285754e-01,1.083984375000000000e-01,1.079799107142857123e-01,1.065848214285714246e-01,1.102120535714285754e-01,1.077008928571428631e-01,1.085379464285714246e-01,1.047712053571428631e-01,1.082589285714285754e-01,1.068638392857142877e-01,1.082589285714285754e-01,1.014229910714285754e-01,1.067243303571428631e-01,1.075613839285714246e-01,1.061662946428571369e-01,1.060267857142857123e-01,1.056082589285714246e-01,1.007254464285714246e-01,1.086774553571428631e-01,1.060267857142857123e-01,1.036551339285714246e-01,9.988839285714286309e-02
1.575055803571428492e-01,1.551339285714285754e-01,1.548549107142857262e-01,1.529017857142857262e-01,1.544363839285714246e-01,1.558314732142857262e-01,1.565290178571428492e-01,1.534598214285714246e-01,1.551339285714285754e-01,1.535993303571428492e-01,1.524832589285714246e-01,1.520647321428571508e-01,1.551339285714285754e-01,1.541573660714285754e-01,1.491350446428571508e-01,1.551339285714285754e-01,1.562500000000000000e-01,1.533203125000000000e-01,1.622488839285714246e-01,1.600167410714285754e-01,1.569475446428571508e-01,1.591796875000000000e-01,1.586216517857142738e-01,1.584821428571428492e-01,1.608537946428571508e-01,1.591796875000000000e-01,1.587611607142857262e-01,1.545758928571428492e-01,1.583426339285714246e-01,1.576450892857142738e-01,1.570870535714285754e-01,1.526227678571428492e-01,1.593191964285714246e-01,1.576450892857142738e-01,1.565290178571428492e-01,1.555524553571428492e-01,1.568080357142857262e-01,1.515066964285714246e-01,1.601562500000000000e-01,1.584821428571428492e-01,1.545758928571428492e-01,1.499720982142857262e-01
9.626116071428571230e-02,9.486607142857142461e-02,9.612165178571428770e-02,9.402901785714286309e-02,9.375000000000000000e-02,9.654017857142857539e-02,9.416852678571428770e-02,9.333147321428571230e-02,9.486607142857142461e-02,9.458705357142857539e-02,9.221540178571428770e-02,9.207589285714286309e-02,9.486607142857142461e-02,9.416852678571428770e-02,8.942522321428571230e-02,9.444754464285713691e-02,9.514508928571428770e-02,9.305245535714286309e-02,9.891183035714286309e-02,1.003069196428571369e-01,9.626116071428571230e-02,9.709821428571428770e-02,9.807477678571428770e-02,9.667968750000000000e-02,9.835379464285713691e-02,9.681919642857142461e-02,9.709821428571428770e-02,9.500558035714286309e-02,9.709821428571428770e-02,9.695870535714286309e-02,9.793526785714286309e-02,9.109933035714286309e-02,9.486607142857142461e-02,9.695870535714286309e-02,9.598214285714286309e-02,9.626116071428571230e-02,9.528459821428571230e-02,9.151785714285713691e-02,9.626116071428571230e-02,9.500558035714286309e-02,9.361049107142857539e-02,8.956473214285713691e-02
-2.343750000000000000e-02,-2.427455357142857192e-02,-2.273995535714285615e-02,-2.385602678571428423e-02,-2.511160714285714385e-02,-2.246093750000000000e-02,-2.357700892857142808e-02,-2.511160714285714385e-02,-2.273995535714285615e-02,-2.371651785714285615e-02,-2.818080357142857192e-02,-2.594866071428571577e-02,-2.287946428571428423e-02,-2.427455357142857192e-02,-2.915736607142857192e-02,-2.301897321428571577e-02,-2.246093750000000000e-02,-2.748325892857142808e-02,-2.120535714285714385e-02,-2.036830357142857192e-02,-2.204241071428571577e-02,-2.134486607142857192e-02,-2.343750000000000000e-02,-2.469308035714285615e-02,-2.008928571428571577e-02,-2.357700892857142808e-02,-2.148437500000000000e-02,-2.511160714285714385e-02,-2.218191964285714385e-02,-2.260044642857142808e-02,-1.967075892857142808e-02,-2.818080357142857192e-02,-2.441406250000000000e-02,-2.260044642857142808e-02,-2.343750000000000000e-02,-2.134486607142857192e-02,-2.455357142857142808e-02,-2.748325892857142808e-02,-2.162388392857142808e-02,-2.441406250000000000e-02,-2.580915178571428423e-02,-2.971540178571428423e-02
1.562500000000000000e-02,1.464843750000000000e-02,1.464843750000000000e-02,1.367187500000000000e-02,1.339285714285714211e-02,1.548549107142857192e-02,1.618303571428571577e-02,1.381138392857142808e-02,1.590401785714285615e-02,1.367187500000000000e-02,1.185825892857142808e-02,1.227678571428571404e-02,1.548549107142857192e-02,1.409040178571428596e-02,8.091517857142857886e-03,1.534598214285714211e-02,1.660156250000000000e-02,1.018415178571428596e-02,1.841517857142857192e-02,1.743861607142857192e-02,1.604352678571428423e-02,1.688058035714285615e-02,1.548549107142857192e-02,1.436941964285714211e-02,1.883370535714285615e-02,1.576450892857142808e-02,1.757812500000000000e-02,1.353236607142857192e-02,1.674107142857142808e-02,1.660156250000000000e-02,1.688058035714285615e-02,1.074218750000000000e-02,1.618303571428571577e-02,1.604352678571428423e-02,1.562500000000000000e-02,1.618303571428571577e-02,1.478794642857142808e-02,1.130022321428571404e-02,1.855468750000000000e-02,1.548549107142857192e-02,1.367187500000000000e-02,9.765625000000000000e-03
6.347656250000000000e-02,6.110491071428571230e-02,6.082589285714285615e-02,5.929129464285714385e-02,6.054687500000000000e-02,6.222098214285714385e-02,6.305803571428571230e-02,6.082589285714285615e-02,6.138392857142856845e-02,5.998883928571428770e-02,5.859375000000000000e-02,5.859375000000000000e-02,6.166294642857143155e-02,6.012834821428571230e-02,5.482700892857143155e-02,6.152343750000000000e-02,6.389508928571428770e-02,5.747767857142856845e-02,6.598772321428571230e-02,6.347656250000000000e-02,6.180245535714285615e-02,6.375558035714286309e-02,6.250000000000000000e-02,6.277901785714286309e-02,6.542968750000000000e-02,6.459263392857142461e-02,6.361607142857142461e-02,5.957031250000000000e-02,6.347656250000000000e-02,6.291852678571428770e-02,6.194196428571428770e-02,5.761718750000000000e-02,6.459263392857142461e-02,6.250000000000000000e-02,6.263950892857142461e-02,6.194196428571428770e-02,6.208147321428571230e-02,5.719866071428571230e-02,6.612723214285713691e-02,6.529017857142857539e-02,6.124441964285714385e-02,5.650111607142856845e-02
1.171875000000000000e-02,1.171875000000000000e-02,1.185825892857142808e-02,1.004464285714285789e-02,9.626116071428571924e-03,1.255580357142857192e-02,1.143973214285714211e-02,9.905133928571428076e-03,1.199776785714285789e-02,1.074218750000000000e-02,9.347098214285714038e-03,9.068080357142857886e-03,1.199776785714285789e-02,1.143973214285714211e-02,5.440848214285714038e-03,1.171875000000000000e-02,1.171875000000000000e-02,6.975446428571428943e-03,1.367187500000000000e-02,1.478794642857142808e-02,1.130022321428571404e-02,1.241629464285714211e-02,1.185825892857142808e-02,1.130022321428571404e-02,1.409040178571428596e-02,1.255580357142857192e-02,1.255580357142857192e-02,1.032366071428571404e-02,1.255580357142857192e-02,1.269531250000000000e-02,1.395089285714285789e-02,8.091517857142857886e-03,1.143973214285714211e-02,1.255580357142857192e-02,1.227678571428571404e-02,1.311383928571428596e-02,1.074218750000000000e-02,8.649553571428571924e-03,1.241629464285714211e-02,1.130022321428571404e-02,1.018415178571428596e-02,6.556919642857142981e-03
-1.392299107142857262e-01,-1.396484375000000000e-01,-1.375558035714285754e-01,-1.378348214285714246e-01,-1.386718750000000000e-01,-1.365792410714285754e-01,-1.381138392857142738e-01,-1.388113839285714246e-01,-1.363002232142857262e-01,-1.364397321428571508e-01,-1.420200892857142738e-01,-1.399274553571428492e-01,-1.354631696428571508e-01,-1.378348214285714246e-01,-1.432756696428571508e-01,-1.365792410714285754e-01,-1.364397321428571508e-01,-1.453683035714285754e-01,-1.372767857142857262e-01,-1.361607142857142738e-01,-1.368582589285714246e-01,-1.379743303571428492e-01,-1.393694196428571508e-01,-1.404854910714285754e-01,-1.353236607142857262e-01,-1.383928571428571508e-01,-1.369977678571428492e-01,-1.386718750000000000e-01,-1.367187500000000000e-01,-1.374162946428571508e-01,-1.342075892857142738e-01,-1.424386160714285754e-01,-1.389508928571428492e-01,-1.383928571428571508e-01,-1.372767857142857262e-01,-1.340680803571428492e-01,-1.396484375000000000e-01,-1.424386160714285754e-01,-1.382533482142857262e-01,-1.382533482142857262e-01,-1.395089285714285754e-01,-1.441127232142857262e-01
-2.455357142857142808e-02,-2.497209821428571577e-02,-2.399553571428571577e-02,-2.594866071428571577e-02,-2.539062500000000000e-02,-2.399553571428571577e-02,-2.301897321428571577e-02,-2.413504464285714385e-02,-2.357700892857142808e-02,-2.413504464285714385e-02,-2.692522321428571577e-02,-2.594866071428571577e-02,-2.218191964285714385e-02,-2.399553571428571577e-02,-3.027343750000000000e-02,-2.441406250000000000e-02,-2.273995535714285615e-02,-2.999441964285714385e-02,-2.106584821428571577e-02,-2.190290178571428423e-02,-2.427455357142857192e-02,-2.399553571428571577e-02,-2.385602678571428423e-02,-2.483258928571428423e-02,-2.078683035714285615e-02,-2.343750000000000000e-02,-2.329799107142857192e-02,-2.525111607142857192e-02,-2.246093750000000000e-02,-2.287946428571428423e-02,-2.176339285714285615e-02,-2.706473214285714385e-02,-2.343750000000000000e-02,-2.427455357142857192e-02,-2.273995535714285615e-02,-2.273995535714285615e-02,-2.483258928571428423e-02,-2.845982142857142808e-02,-2.232142857142857192e-02,-2.315848214285714385e-02,-2.483258928571428423e-02,-2.915736607142857192e-02
4.059709821428571230e-02,3.864397321428571230e-02,3.794642857142856845e-02,3.585379464285714385e-02,3.766741071428571230e-02,3.962053571428571230e-02,4.017857142857143155e-02,3.906250000000000000e-02,3.864397321428571230e-02,3.780691964285714385e-02,3.696986607142856845e-02,3.696986607142856845e-02,4.073660714285714385e-02,3.822544642857143155e-02,3.278459821428571230e-02,3.920200892857143155e-02,4.157366071428571230e-02,3.431919642857143155e-02,4.408482142857143155e-02,4.185267857142856845e-02,3.822544642857143155e-02,4.073660714285714385e-02,4.045758928571428770e-02,4.017857142857143155e-02,4.241071428571428770e-02,4.213169642857143155e-02,4.087611607142856845e-02,3.878348214285714385e-02,4.101562500000000000e-02,4.087611607142856845e-02,4.003906250000000000e-02,3.655133928571428770e-02,4.129464285714285615e-02,3.948102678571428770e-02,4.185267857142856845e-02,3.976004464285714385e-02,3.976004464285714385e-02,3.473772321428571230e-02,4.255022321428571230e-02,4.199218750000000000e-02,4.003906250000000000e-02,3.487723214285714385e-02
2.929687500000000000e-03,2.929687500000000000e-03,3.766741071428571491e-03,1.674107142857142764e-03,1.953125000000000000e-03,4.324776785714285962e-03,3.348214285714285528e-03,1.813616071428571491e-03,3.069196428571428509e-03,3.766741071428571491e-03,9.765625000000000000e-04,1.395089285714285637e-04,4.324776785714285962e-03,3.208705357142857019e-03,-1.953125000000000000e-03,3.348214285714285528e-03,3.348214285714285528e-03,-1.255580357142857236e-03,5.859375000000000000e-03,6.138392857142857019e-03,3.348214285714285528e-03,2.929687500000000000e-03,5.161830357142857019e-03,4.045758928571428943e-03,5.022321428571428943e-03,4.324776785714285962e-03,3.627232142857142981e-03,3.627232142857142981e-03,4.045758928571428943e-03,4.464285714285714038e-03,5.580357142857142981e-03,1.395089285714285637e-04,3.208705357142857019e-03,3.487723214285714472e-03,4.603794642857142981e-03,5.022321428571428943e-03,2.232142857142857019e-03,-5.580357142857142547e-04,3.348214285714285528e-03,3.348214285714285528e-03,2.232142857142857019e-03,-2.232142857142857019e-03
-1.534598214285714246e-01,-1.555524553571428492e-01,-1.555524553571428492e-01,-1.555524553571428492e-01,-1.552734375000000000e-01,-1.548549107142857262e-01,-1.555524553571428492e-01,-1.569475446428571508e-01,-1.538783482142857262e-01,-1.547154017857142738e-01,-1.563895089285714246e-01,-1.547154017857142738e-01,-1.538783482142857262e-01,-1.538783482142857262e-01,-1.559709821428571508e-01,-1.516462053571428492e-01,-1.520647321428571508e-01,-1.604352678571428492e-01,-1.548549107142857262e-01,-1.558314732142857262e-01,-1.559709821428571508e-01,-1.563895089285714246e-01,-1.566685267857142738e-01,-1.589006696428571508e-01,-1.547154017857142738e-01,-1.548549107142857262e-01,-1.547154017857142738e-01,-1.566685267857142738e-01,-1.554129464285714246e-01,-1.570870535714285754e-01,-1.523437500000000000e-01,-1.590401785714285754e-01,-1.572265625000000000e-01,-1.547154017857142738e-01,-1.520647321428571508e-01,-1.548549107142857262e-01,-1.556919642857142738e-01,-1.590401785714285754e-01,-1.545758928571428492e-01,-1.577845982142857262e-01,-1.551339285714285754e-01,-1.590401785714285754e-01
-1.132812500000000000e-01,-1.146763392857142877e-01,-1.155133928571428631e-01,-1.160714285714285754e-01,-1.146763392857142877e-01,-1.153738839285714246e-01,-1.145368303571428631e-01,-1.156529017857142877e-01,-1.142578125000000000e-01,-1.157924107142857123e-01,-1.156529017857142877e-01,-1.141183035714285754e-01,-1.139787946428571369e-01,-1.146763392857142877e-01,-1.156529017857142877e-01,-1.114676339285714246e-01,-1.118861607142857123e-01,-1.188616071428571369e-01,-1.136997767857142877e-01,-1.166294642857142877e-01,-1.163504464285714246e-01,-1.164899553571428631e-01,-1.156529017857142877e-01,-1.177455357142857123e-01,-1.143973214285714246e-01,-1.146763392857142877e-01,-1.138392857142857123e-01,-1.170479910714285754e-01,-1.145368303571428631e-01,-1.166294642857142877e-01,-1.130022321428571369e-01,-1.180245535714285754e-01,-1.169084821428571369e-01,-1.141183035714285754e-01,-1.117466517857142877e-01,-1.159319196428571369e-01,-1.153738839285714246e-01,-1.177455357142857123e-01,-1.135602678571428631e-01,-1.164899553571428631e-01,-1.138392857142857123e-01,-1.180245535714285754e-01
-4.059709821428571230e-02,-4.282924107142856845e-02,-4.380580357142856845e-02,-4.478236607142856845e-02,-4.268973214285714385e-02,-4.213169642857143155e-02,-4.213169642857143155e-02,-4.394531250000000000e-02,-4.282924107142856845e-02,-4.450334821428571230e-02,-4.185267857142856845e-02,-4.227120535714285615e-02,-4.296875000000000000e-02,-4.310825892857143155e-02,-4.394531250000000000e-02,-4.073660714285714385e-02,-3.920200892857143155e-02,-4.701450892857143155e-02,-3.976004464285714385e-02,-4.352678571428571230e-02,-4.492187500000000000e-02,-4.282924107142856845e-02,-4.227120535714285615e-02,-4.366629464285714385e-02,-4.087611607142856845e-02,-4.003906250000000000e-02,-4.171316964285714385e-02,-4.408482142857143155e-02,-4.227120535714285615e-02,-4.352678571428571230e-02,-4.143415178571428770e-02,-4.436383928571428770e-02,-4.213169642857143155e-02,-4.171316964285714385e-02,-3.878348214285714385e-02,-4.394531250000000000e-02,-4.241071428571428770e-02,-4.561941964285714385e-02,-3.962053571428571230e-02,-4.199218750000000000e-02,-4.045758928571428770e-02,-4.547991071428571230e-02
-6.612723214285713691e-02,-6.640625000000000000e-02,-6.710379464285713691e-02,-6.808035714285713691e-02,-6.835937500000000000e-02,-6.668526785714286309e-02,-6.724330357142857539e-02,-6.849888392857142461e-02,-6.668526785714286309e-02,-6.668526785714286309e-02,-6.780133928571428770e-02,-6.808035714285713691e-02,-6.696428571428571230e-02,-6.626674107142857539e-02,-6.919642857142857539e-02,-6.515066964285713691e-02,-6.626674107142857539e-02,-7.059151785714286309e-02,-6.626674107142857539e-02,-6.612723214285713691e-02,-6.863839285714286309e-02,-6.821986607142857539e-02,-6.682477678571428770e-02,-6.794084821428571230e-02,-6.738281250000000000e-02,-6.654575892857142461e-02,-6.724330357142857539e-02,-6.724330357142857539e-02,-6.738281250000000000e-02,-6.724330357142857539e-02,-6.584821428571428770e-02,-6.975446428571428770e-02,-6.835937500000000000e-02,-6.626674107142857539e-02,-6.542968750000000000e-02,-6.696428571428571230e-02,-6.766183035714286309e-02,-7.003348214285713691e-02,-6.752232142857142461e-02,-6.863839285714286309e-02,-6.724330357142857539e-02,-7.128906250000000000e-02
-2.441406250000000000e-01,-2.449776785714285754e-01,-2.477678571428571508e-01,-2.453962053571428492e-01,-2.460937500000000000e-01,-2.493024553571428492e-01,-2.465122767857142738e-01,-2.497209821428571508e-01,-2.459542410714285754e-01,-2.483258928571428492e-01,-2.474888392857142738e-01,-2.458147321428571508e-01,-2.486049107142857262e-01,-2.476283482142857262e-01,-2.444196428571428492e-01,-2.437220982142857262e-01,-2.427455357142857262e-01,-2.498604910714285754e-01,-2.467912946428571508e-01,-2.504185267857143016e-01,-2.506975446428571508e-01,-2.505580357142856984e-01,-2.501395089285714524e-01,-2.529296875000000000e-01,-2.484654017857142738e-01,-2.490234375000000000e-01,-2.469308035714285754e-01,-2.469308035714285754e-01,-2.498604910714285754e-01,-2.522321428571428492e-01,-2.446986607142857262e-01,-2.493024553571428492e-01,-2.508370535714285476e-01,-2.452566964285714246e-01,-2.433035714285714246e-01,-2.491629464285714246e-01,-2.511160714285714524e-01,-2.509765625000000000e-01,-2.516741071428571508e-01,-2.527901785714285476e-01,-2.453962053571428492e-01,-2.498604910714285754e-01
-1.463448660714285754e-01,-1.463448660714285754e-01,-1.498325892857142738e-01,-1.489955357142857262e-01,-1.482979910714285754e-01,-1.508091517857142738e-01,-1.484375000000000000e-01,-1.513671875000000000e-01,-1.495535714285714246e-01,-1.512276785714285754e-01,-1.494140625000000000e-01,-1.495535714285714246e-01,-1.499720982142857262e-01,-1.501116071428571508e-01,-1.480189732142857262e-01,-1.469029017857142738e-01,-1.457868303571428492e-01,-1.512276785714285754e-01,-1.480189732142857262e-01,-1.517857142857142738e-01,-1.537388392857142738e-01,-1.515066964285714246e-01,-1.508091517857142738e-01,-1.527622767857142738e-01,-1.503906250000000000e-01,-1.498325892857142738e-01,-1.492745535714285754e-01,-1.496930803571428492e-01,-1.512276785714285754e-01,-1.526227678571428492e-01,-1.474609375000000000e-01,-1.509486607142857262e-01,-1.509486607142857262e-01,-1.473214285714285754e-01,-1.459263392857142738e-01,-1.517857142857142738e-01,-1.519252232142857262e-01,-1.533203125000000000e-01,-1.506696428571428492e-01,-1.516462053571428492e-01,-1.466238839285714246e-01,-1.529017857142857262e-01
-6.905691964285713691e-02,-6.891741071428571230e-02,-7.282366071428571230e-02,-7.338169642857142461e-02,-7.128906250000000000e-02,-7.310267857142857539e-02,-7.101004464285713691e-02,-7.352120535714286309e-02,-7.226562500000000000e-02,-7.505580357142857539e-02,-7.045200892857142461e-02,-7.142857142857142461e-02,-7.310267857142857539e-02,-7.324218750000000000e-02,-7.170758928571428770e-02,-7.045200892857142461e-02,-6.794084821428571230e-02,-7.505580357142857539e-02,-7.017299107142857539e-02,-7.407924107142857539e-02,-7.672991071428571230e-02,-7.296316964285713691e-02,-7.198660714285713691e-02,-7.366071428571428770e-02,-7.212611607142857539e-02,-7.073102678571428770e-02,-7.226562500000000000e-02,-7.296316964285713691e-02,-7.310267857142857539e-02,-7.338169642857142461e-02,-7.128906250000000000e-02,-7.282366071428571230e-02,-7.128906250000000000e-02,-6.905691964285713691e-02,-6.738281250000000000e-02,-7.519531250000000000e-02,-7.352120535714286309e-02,-7.561383928571428770e-02,-7.142857142857142461e-02,-7.170758928571428770e-02,-6.766183035714286309e-02,-7.380022321428571230e-02
-8.579799107142857539e-02,-8.621651785714286309e-02,-8.858816964285713691e-02,-8.775111607142857539e-02,-8.872767857142857539e-02,-8.830915178571428770e-02,-8.886718750000000000e-02,-9.068080357142857539e-02,-8.844866071428571230e-02,-8.928571428571428770e-02,-8.830915178571428770e-02,-8.970424107142857539e-02,-8.886718750000000000e-02,-8.830915178571428770e-02,-8.928571428571428770e-02,-8.677455357142857539e-02,-8.719308035714286309e-02,-9.040178571428571230e-02,-8.775111607142857539e-02,-8.816964285714286309e-02,-9.151785714285713691e-02,-8.984375000000000000e-02,-8.789062500000000000e-02,-8.942522321428571230e-02,-8.900669642857142461e-02,-8.789062500000000000e-02,-8.816964285714286309e-02,-8.761160714285713691e-02,-8.956473214285713691e-02,-8.914620535714286309e-02,-8.677455357142857539e-02,-8.984375000000000000e-02,-9.040178571428571230e-02,-8.719308035714286309e-02,-8.565848214285713691e-02,-8.914620535714286309e-02,-9.026227678571428770e-02,-9.151785714285713691e-02,-9.068080357142857539e-02,-9.040178571428571230e-02,-8.719308035714286309e-02,-9.291294642857142461e-02
-1.967075892857142738e-01,-1.964285714285714246e-01,-1.988002232142857262e-01,-1.974051339285714246e-01,-1.996372767857142738e-01,-2.006138392857142738e-01,-2.006138392857142738e-01,-2.008928571428571508e-01,-1.978236607142857262e-01,-1.979631696428571508e-01,-1.981026785714285754e-01,-1.978236607142857262e-01,-2.000558035714285754e-01,-1.979631696428571508e-01,-1.989397321428571508e-01,-1.953125000000000000e-01,-1.958705357142857262e-01,-2.024274553571428492e-01,-2.000558035714285754e-01,-2.021484375000000000e-01,-2.043805803571428492e-01,-2.039620535714285754e-01,-1.994977678571428492e-01,-2.024274553571428492e-01,-1.999162946428571508e-01,-2.004743303571428492e-01,-1.989397321428571508e-01,-1.986607142857142738e-01,-2.013113839285714246e-01,-2.017299107142857262e-01,-1.947544642857142738e-01,-2.010323660714285754e-01,-2.024274553571428492e-01,-1.972656250000000000e-01,-1.937779017857142738e-01,-1.999162946428571508e-01,-2.035435267857142738e-01,-2.029854910714285754e-01,-2.018694196428571508e-01,-2.039620535714285754e-01,-1.985212053571428492e-01,-2.043805803571428492e-01
-6.096540178571428770e-02,-6.236049107142856845e-02,-6.612723214285713691e-02,-6.459263392857142461e-02,-6.612723214285713691e-02,-6.696428571428571230e-02,-6.570870535714286309e-02,-6.766183035714286309e-02,-6.501116071428571230e-02,-6.654575892857142461e-02,-6.445312500000000000e-02,-6.626674107142857539e-02,-6.668526785714286309e-02,-6.584821428571428770e-02,-6.654575892857142461e-02,-6.333705357142857539e-02,-6.305803571428571230e-02,-6.794084821428571230e-02,-6.459263392857142461e-02,-6.752232142857142461e-02,-7.017299107142857539e-02,-6.794084821428571230e-02,-6.473214285714286309e-02,-6.570870535714286309e-02,-6.501116071428571230e-02,-6.403459821428571230e-02,-6.473214285714286309e-02,-6.501116071428571230e-02,-6.640625000000000000e-02,-6.612723214285713691e-02,-6.333705357142857539e-02,-6.696428571428571230e-02,-6.682477678571428770e-02,-6.319754464285713691e-02,-6.166294642857143155e-02,-6.640625000000000000e-02,-6.835937500000000000e-02,-6.877790178571428770e-02,-6.682477678571428770e-02,-6.808035714285713691e-02,-6.375558035714286309e-02,-7.031250000000000000e-02
1.255580357142857192e-02,1.032366071428571404e-02,7.812500000000000000e-03,7.254464285714285962e-03,7.533482142857142981e-03,8.091517857142857886e-03,8.789062500000000000e-03,7.672991071428571057e-03,7.672991071428571057e-03,6.975446428571428943e-03,9.347098214285714038e-03,7.812500000000000000e-03,6.696428571428571057e-03,7.393973214285714038e-03,7.114955357142857019e-03,9.765625000000000000e-03,1.143973214285714211e-02,6.277901785714285962e-03,1.074218750000000000e-02,7.114955357142857019e-03,2.929687500000000000e-03,6.975446428571428943e-03,1.046316964285714211e-02,1.004464285714285789e-02,8.928571428571428076e-03,1.074218750000000000e-02,8.510044642857142114e-03,8.370535714285714038e-03,8.649553571428571924e-03,9.068080357142857886e-03,9.626116071428571924e-03,7.393973214285714038e-03,8.928571428571428076e-03,1.116071428571428596e-02,1.255580357142857192e-02,6.277901785714285962e-03,6.417410714285714038e-03,5.301339285714285962e-03,9.207589285714285962e-03,9.486607142857142114e-03,1.199776785714285789e-02,5.440848214285714038e-03
-1.562500000000000000e-02,-1.548549107142857192e-02,-1.855468750000000000e-02,-1.771763392857142808e-02,-1.897321428571428423e-02,-1.743861607142857192e-02,-1.925223214285714385e-02,-1.967075892857142808e-02,-1.855468750000000000e-02,-1.799665178571428423e-02,-1.771763392857142808e-02,-1.994977678571428423e-02,-1.813616071428571577e-02,-1.827566964285714385e-02,-2.050781250000000000e-02,-1.674107142857142808e-02,-1.771763392857142808e-02,-2.050781250000000000e-02,-1.702008928571428423e-02,-1.743861607142857192e-02,-2.148437500000000000e-02,-1.994977678571428423e-02,-1.632254464285714385e-02,-1.688058035714285615e-02,-1.771763392857142808e-02,-1.632254464285714385e-02,-1.743861607142857192e-02,-1.660156250000000000e-02,-1.897321428571428423e-02,-1.757812500000000000e-02,-1.618303571428571577e-02,-1.939174107142857192e-02,-1.911272321428571577e-02,-1.646205357142857192e-02,-1.478794642857142808e-02,-1.827566964285714385e-02,-2.008928571428571577e-02,-2.148437500000000000e-02,-1.953125000000000000e-02,-2.036830357142857192e-02,-1.757812500000000000e-02,-2.273995535714285615e-02
-1.314174107142857262e-01,-1.305803571428571508e-01,-1.329520089285714246e-01,-1.316964285714285754e-01,-1.336495535714285754e-01,-1.330915178571428492e-01,-1.339285714285714246e-01,-1.330915178571428492e-01,-1.316964285714285754e-01,-1.316964285714285754e-01,-1.316964285714285754e-01,-1.321149553571428492e-01,-1.335100446428571508e-01,-1.318359375000000000e-01,-1.335100446428571508e-01,-1.290457589285714246e-01,-1.303013392857142738e-01,-1.358816964285714246e-01,-1.337890625000000000e-01,-1.346261160714285754e-01,-1.375558035714285754e-01,-1.372767857142857262e-01,-1.329520089285714246e-01,-1.339285714285714246e-01,-1.337890625000000000e-01,-1.328125000000000000e-01,-1.328125000000000000e-01,-1.330915178571428492e-01,-1.339285714285714246e-01,-1.342075892857142738e-01,-1.298828125000000000e-01,-1.356026785714285754e-01,-1.350446428571428492e-01,-1.307198660714285754e-01,-1.290457589285714246e-01,-1.328125000000000000e-01,-1.353236607142857262e-01,-1.356026785714285754e-01,-1.340680803571428492e-01,-1.351841517857142738e-01,-1.325334821428571508e-01,-1.375558035714285754e-01
-7.798549107142857539e-02,-7.924107142857142461e-02,-8.175223214285713691e-02,-8.147321428571428770e-02,-8.203125000000000000e-02,-8.063616071428571230e-02,-8.189174107142857539e-02,-8.231026785714286309e-02,-8.021763392857142461e-02,-8.091517857142857539e-02,-7.896205357142857539e-02,-8.147321428571428770e-02,-8.147321428571428770e-02,-8.049665178571428770e-02,-8.300781250000000000e-02,-7.812500000000000000e-02,-7.826450892857142461e-02,-8.440290178571428770e-02,-8.049665178571428770e-02,-8.272879464285713691e-02,-8.649553571428571230e-02,-8.398437500000000000e-02,-8.105468750000000000e-02,-8.063616071428571230e-02,-8.175223214285713691e-02,-7.979910714285713691e-02,-8.203125000000000000e-02,-8.147321428571428770e-02,-8.119419642857142461e-02,-8.244977678571428770e-02,-7.938058035714286309e-02,-8.342633928571428770e-02,-8.189174107142857539e-02,-7.896205357142857539e-02,-7.784598214285713691e-02,-8.161272321428571230e-02,-8.272879464285713691e-02,-8.384486607142857539e-02,-8.077566964285713691e-02,-8.217075892857142461e-02,-7.952008928571428770e-02,-8.523995535714286309e-02
-1.353236607142857192e-02,-1.618303571428571577e-02,-1.813616071428571577e-02,-1.911272321428571577e-02,-1.883370535714285615e-02,-1.702008928571428423e-02,-1.660156250000000000e-02,-1.799665178571428423e-02,-1.785714285714285615e-02,-1.911272321428571577e-02,-1.632254464285714385e-02,-1.869419642857142808e-02,-1.702008928571428423e-02,-1.771763392857142808e-02,-1.827566964285714385e-02,-1.618303571428571577e-02,-1.409040178571428596e-02,-2.078683035714285615e-02,-1.674107142857142808e-02,-1.967075892857142808e-02,-2.218191964285714385e-02,-1.925223214285714385e-02,-1.715959821428571577e-02,-1.702008928571428423e-02,-1.841517857142857192e-02,-1.562500000000000000e-02,-1.939174107142857192e-02,-1.897321428571428423e-02,-1.674107142857142808e-02,-1.743861607142857192e-02,-1.618303571428571577e-02,-1.897321428571428423e-02,-1.715959821428571577e-02,-1.520647321428571404e-02,-1.436941964285714211e-02,-1.981026785714285615e-02,-1.883370535714285615e-02,-1.939174107142857192e-02,-1.660156250000000000e-02,-1.562500000000000000e-02,-1.422991071428571404e-02,-2.092633928571428423e-02
-4.520089285714285615e-02,-4.520089285714285615e-02,-4.701450892857143155e-02,-4.715401785714285615e-02,-4.840959821428571230e-02,-4.547991071428571230e-02,-4.910714285714285615e-02,-4.868861607142856845e-02,-4.701450892857143155e-02,-4.715401785714285615e-02,-4.561941964285714385e-02,-4.868861607142856845e-02,-4.799107142857143155e-02,-4.617745535714285615e-02,-4.966517857142856845e-02,-4.534040178571428770e-02,-4.631696428571428770e-02,-5.022321428571428770e-02,-4.631696428571428770e-02,-4.631696428571428770e-02,-5.078125000000000000e-02,-4.966517857142856845e-02,-4.603794642857143155e-02,-4.645647321428571230e-02,-4.757254464285714385e-02,-4.534040178571428770e-02,-4.757254464285714385e-02,-4.645647321428571230e-02,-4.799107142857143155e-02,-4.659598214285714385e-02,-4.561941964285714385e-02,-4.966517857142856845e-02,-4.882812500000000000e-02,-4.589843750000000000e-02,-4.450334821428571230e-02,-4.687500000000000000e-02,-4.827008928571428770e-02,-4.952566964285714385e-02,-4.827008928571428770e-02,-4.854910714285714385e-02,-4.729352678571428770e-02,-5.217633928571428770e-02
-2.010323660714285754e-01,-1.993582589285714246e-01,-2.001953125000000000e-01,-1.999162946428571508e-01,-2.011718750000000000e-01,-1.990792410714285754e-01,-2.003348214285714246e-01,-1.997767857142857262e-01,-1.992187500000000000e-01,-1.972656250000000000e-01,-2.001953125000000000e-01,-2.013113839285714246e-01,-1.971261160714285754e-01,-1.978236607142857262e-01,-2.031250000000000000e-01,-1.972656250000000000e-01,-1.990792410714285754e-01,-2.068917410714285754e-01,-1.993582589285714246e-01,-2.006138392857142738e-01,-2.011718750000000000e-01,-2.025669642857142738e-01,-2.006138392857142738e-01,-2.025669642857142738e-01,-2.000558035714285754e-01,-1.989397321428571508e-01,-2.007533482142857262e-01,-1.988002232142857262e-01,-2.008928571428571508e-01,-2.001953125000000000e-01,-1.964285714285714246e-01,-2.029854910714285754e-01,-2.021484375000000000e-01,-2.007533482142857262e-01,-1.972656250000000000e-01,-1.975446428571428492e-01,-2.024274553571428492e-01,-2.020089285714285754e-01,-2.025669642857142738e-01,-2.010323660714285754e-01,-2.007533482142857262e-01,-2.046595982142857262e-01
-6.835937500000000000e-02,-6.919642857142857539e-02,-7.101004464285713691e-02,-7.128906250000000000e-02,-7.101004464285713691e-02,-6.919642857142857539e-02,-6.919642857142857539e-02,-6.975446428571428770e-02,-6.975446428571428770e-02,-6.891741071428571230e-02,-6.905691964285713691e-02,-7.101004464285713691e-02,-6.808035714285713691e-02,-6.877790178571428770e-02,-7.324218750000000000e-02,-6.919642857142857539e-02,-6.849888392857142461e-02,-7.589285714285713691e-02,-6.780133928571428770e-02,-6.961495535714286309e-02,-7.087053571428571230e-02,-7.101004464285713691e-02,-6.863839285714286309e-02,-7.017299107142857539e-02,-6.835937500000000000e-02,-6.752232142857142461e-02,-7.031250000000000000e-02,-6.905691964285713691e-02,-6.891741071428571230e-02,-6.905691964285713691e-02,-6.752232142857142461e-02,-7.170758928571428770e-02,-6.919642857142857539e-02,-6.989397321428571230e-02,-6.766183035714286309e-02,-6.891741071428571230e-02,-7.142857142857142461e-02,-7.184709821428571230e-02,-7.031250000000000000e-02,-6.877790178571428770e-02,-6.947544642857142461e-02,-7.324218750000000000e-02
1.032366071428571404e-02,8.789062500000000000e-03,5.022321428571428943e-03,4.324776785714285962e-03,5.859375000000000000e-03,8.231026785714285962e-03,7.952008928571428076e-03,6.417410714285714038e-03,5.859375000000000000e-03,6.277901785714285962e-03,7.254464285714285962e-03,5.580357142857142981e-03,9.347098214285714038e-03,6.975446428571428943e-03,4.045758928571428943e-03,7.672991071428571057e-03,7.952008928571428076e-03,2.511160714285714472e-03,9.207589285714285962e-03,6.277901785714285962e-03,5.719866071428571057e-03,7.672991071428571057e-03,8.789062500000000000e-03,8.789062500000000000e-03,8.649553571428571924e-03,1.088169642857142808e-02,5.998883928571428943e-03,6.975446428571428943e-03,9.207589285714285962e-03,9.068080357142857886e-03,8.510044642857142114e-03,5.859375000000000000e-03,9.207589285714285962e-03,8.510044642857142114e-03,9.347098214285714038e-03,6.696428571428571057e-03,6.556919642857142981e-03,4.464285714285714038e-03,8.370535714285714038e-03,1.018415178571428596e-02,1.018415178571428596e-02,4.464285714285714038e-03
-1.757812500000000000e-02,-1.702008928571428423e-02,-1.771763392857142808e-02,-1.897321428571428423e-02,-1.939174107142857192e-02,-1.688058035714285615e-02,-1.855468750000000000e-02,-1.841517857142857192e-02,-1.757812500000000000e-02,-1.715959821428571577e-02,-1.688058035714285615e-02,-2.022879464285714385e-02,-1.729910714285714385e-02,-1.688058035714285615e-02,-2.287946428571428423e-02,-1.743861607142857192e-02,-1.911272321428571577e-02,-2.190290178571428423e-02,-1.618303571428571577e-02,-1.576450892857142808e-02,-1.869419642857142808e-02,-1.855468750000000000e-02,-1.576450892857142808e-02,-1.743861607142857192e-02,-1.688058035714285615e-02,-1.590401785714285615e-02,-1.841517857142857192e-02,-1.646205357142857192e-02,-1.785714285714285615e-02,-1.688058035714285615e-02,-1.590401785714285615e-02,-1.939174107142857192e-02,-1.911272321428571577e-02,-1.771763392857142808e-02,-1.618303571428571577e-02,-1.660156250000000000e-02,-1.911272321428571577e-02,-1.981026785714285615e-02,-1.911272321428571577e-02,-1.813616071428571577e-02,-1.897321428571428423e-02,-2.204241071428571577e-02
-1.456473214285714246e-01,-1.443917410714285754e-01,-1.478794642857142738e-01,-1.510881696428571508e-01,-1.467633928571428492e-01,-1.466238839285714246e-01,-1.432756696428571508e-01,-1.374162946428571508e-01,-1.395089285714285754e-01,-1.436941964285714246e-01,-1.438337053571428492e-01,-1.457868303571428492e-01,-1.402064732142857262e-01,-1.478794642857142738e-01,-1.512276785714285754e-01,-1.424386160714285754e-01,-1.474609375000000000e-01,-1.565290178571428492e-01,-1.409040178571428492e-01,-1.432756696428571508e-01,-1.431361607142857262e-01,-1.492745535714285754e-01,-1.452287946428571508e-01,-1.424386160714285754e-01,-1.448102678571428492e-01,-1.431361607142857262e-01,-1.439732142857142738e-01,-1.429966517857142738e-01,-1.467633928571428492e-01,-1.448102678571428492e-01,-1.422991071428571508e-01,-1.520647321428571508e-01,-1.503906250000000000e-01,-1.466238839285714246e-01,-1.422991071428571508e-01,-1.383928571428571508e-01,-1.508091517857142738e-01,-1.480189732142857262e-01,-1.449497767857142738e-01,-1.434151785714285754e-01,-1.509486607142857262e-01,-1.513671875000000000e-01
-2.106584821428571577e-02,-2.064732142857142808e-02,-2.497209821428571577e-02,-2.887834821428571577e-02,-2.427455357142857192e-02,-2.357700892857142808e-02,-1.967075892857142808e-02,-1.506696428571428596e-02,-1.855468750000000000e-02,-2.246093750000000000e-02,-2.092633928571428423e-02,-2.273995535714285615e-02,-1.883370535714285615e-02,-2.511160714285714385e-02,-2.636718750000000000e-02,-2.092633928571428423e-02,-2.329799107142857192e-02,-3.111049107142857192e-02,-1.799665178571428423e-02,-1.981026785714285615e-02,-2.134486607142857192e-02,-2.427455357142857192e-02,-2.050781250000000000e-02,-1.869419642857142808e-02,-2.064732142857142808e-02,-1.939174107142857192e-02,-2.134486607142857192e-02,-2.022879464285714385e-02,-2.134486607142857192e-02,-2.008928571428571577e-02,-2.022879464285714385e-02,-2.692522321428571577e-02,-2.385602678571428423e-02,-2.273995535714285615e-02,-1.994977678571428423e-02,-1.799665178571428423e-02,-2.594866071428571577e-02,-2.511160714285714385e-02,-1.939174107142857192e-02,-1.911272321428571577e-02,-2.539062500000000000e-02,-2.580915178571428423e-02
4.980468750000000000e-02,4.896763392857143155e-02,4.282924107142856845e-02,4.045758928571428770e-02,4.506138392857143155e-02,4.673549107142856845e-02,4.924665178571428770e-02,5.175781250000000000e-02,4.980468750000000000e-02,4.561941964285714385e-02,4.771205357142856845e-02,4.534040178571428770e-02,4.924665178571428770e-02,4.352678571428571230e-02,4.241071428571428770e-02,4.687500000000000000e-02,4.603794642857143155e-02,3.989955357142856845e-02,5.064174107142856845e-02,4.757254464285714385e-02,4.701450892857143155e-02,4.589843750000000000e-02,4.868861607142856845e-02,5.119977678571428770e-02,4.840959821428571230e-02,5.078125000000000000e-02,4.659598214285714385e-02,4.813058035714285615e-02,4.882812500000000000e-02,4.966517857142856845e-02,4.771205357142856845e-02,4.310825892857143155e-02,4.729352678571428770e-02,4.701450892857143155e-02,5.036272321428571230e-02,4.910714285714285615e-02,4.450334821428571230e-02,4.366629464285714385e-02,5.064174107142856845e-02,5.189732142857143155e-02,4.589843750000000000e-02,4.352678571428571230e-02
1.325334821428571404e-02,1.422991071428571404e-02,1.102120535714285789e-02,7.812500000000000000e-03,1.102120535714285789e-02,1.269531250000000000e-02,1.367187500000000000e-02,1.618303571428571577e-02,1.464843750000000000e-02,1.213727678571428596e-02,1.297433035714285789e-02,1.060267857142857192e-02,1.450892857142857192e-02,1.088169642857142808e-02,7.393973214285714038e-03,1.339285714285714211e-02,1.004464285714285789e-02,5.998883928571428943e-03,1.618303571428571577e-02,1.562500000000000000e-02,1.339285714285714211e-02,1.143973214285714211e-02,1.520647321428571404e-02,1.576450892857142808e-02,1.353236607142857192e-02,1.450892857142857192e-02,1.297433035714285789e-02,1.409040178571428596e-02,1.227678571428571404e-02,1.492745535714285789e-02,1.492745535714285789e-02,8.510044642857142114e-03,1.046316964285714211e-02,1.241629464285714211e-02,1.381138392857142808e-02,1.590401785714285615e-02,9.765625000000000000e-03,1.046316964285714211e-02,1.311383928571428596e-02,1.353236607142857192e-02,9.486607142857142114e-03,7.812500000000000000e-03
-1.145368303571428631e-01,-1.135602678571428631e-01,-1.170479910714285754e-01,-1.166294642857142877e-01,-1.166294642857142877e-01,-1.159319196428571369e-01,-1.141183035714285754e-01,-1.011439732142857123e-01,-1.050502232142857123e-01,-1.090959821428571369e-01,-1.109095982142857123e-01,-1.081194196428571369e-01,-1.111886160714285754e-01,-1.190011160714285754e-01,-1.226283482142857123e-01,-1.049107142857142877e-01,-1.097935267857142877e-01,-1.224888392857142877e-01,-1.050502232142857123e-01,-1.127232142857142877e-01,-1.155133928571428631e-01,-1.191406250000000000e-01,-1.163504464285714246e-01,-1.049107142857142877e-01,-1.110491071428571369e-01,-1.085379464285714246e-01,-1.089564732142857123e-01,-1.132812500000000000e-01,-1.100725446428571369e-01,-1.148158482142857123e-01,-1.077008928571428631e-01,-1.215122767857142877e-01,-1.152343750000000000e-01,-1.142578125000000000e-01,-1.065848214285714246e-01,-1.058872767857142877e-01,-1.209542410714285754e-01,-1.178850446428571369e-01,-1.099330357142857123e-01,-1.138392857142857123e-01,-1.231863839285714246e-01,-1.210937500000000000e-01
2.232142857142857019e-03,2.371651785714285528e-03,-2.650669642857142981e-03,-3.208705357142857019e-03,-1.255580357142857236e-03,-1.255580357142857236e-03,1.255580357142857236e-03,1.241629464285714211e-02,7.533482142857142981e-03,3.906250000000000000e-03,2.929687500000000000e-03,5.440848214285714038e-03,2.650669642857142981e-03,-3.906250000000000000e-03,-6.696428571428571057e-03,7.533482142857142981e-03,5.440848214285714038e-03,-5.022321428571428943e-03,8.789062500000000000e-03,1.395089285714285745e-03,-6.975446428571428726e-04,-2.371651785714285528e-03,1.395089285714285637e-04,9.207589285714285962e-03,4.743303571428571057e-03,7.254464285714285962e-03,4.882812500000000000e-03,1.255580357142857236e-03,5.998883928571428943e-03,1.534598214285714255e-03,7.393973214285714038e-03,-4.882812500000000000e-03,2.511160714285714472e-03,9.765625000000000000e-04,7.672991071428571057e-03,6.138392857142857019e-03,-3.766741071428571491e-03,-2.929687500000000000e-03,7.672991071428571057e-03,2.511160714285714472e-03,-5.440848214285714038e-03,-3.766741071428571491e-03
6.877790178571428770e-02,6.668526785714286309e-02,6.124441964285714385e-02,6.026785714285714385e-02,6.305803571428571230e-02,6.389508928571428770e-02,6.501116071428571230e-02,7.505580357142857539e-02,7.003348214285713691e-02,6.668526785714286309e-02,6.821986607142857539e-02,6.877790178571428770e-02,6.570870535714286309e-02,5.984933035714285615e-02,5.817522321428571230e-02,7.045200892857142461e-02,6.975446428571428770e-02,6.054687500000000000e-02,7.156808035714286309e-02,6.487165178571428770e-02,6.347656250000000000e-02,6.277901785714286309e-02,6.361607142857142461e-02,7.282366071428571230e-02,6.835937500000000000e-02,7.254464285714286309e-02,6.752232142857142461e-02,6.403459821428571230e-02,7.073102678571428770e-02,6.598772321428571230e-02,7.017299107142857539e-02,6.054687500000000000e-02,6.877790178571428770e-02,6.584821428571428770e-02,7.156808035714286309e-02,6.821986607142857539e-02,6.124441964285714385e-02,6.110491071428571230e-02,7.226562500000000000e-02,6.849888392857142461e-02,6.124441964285714385e-02,6.138392857142856845e-02
2.734375000000000000e-02,2.804129464285714385e-02,2.497209821428571577e-02,2.399553571428571577e-02,2.427455357142857192e-02,2.608816964285714385e-02,2.650669642857142808e-02,3.334263392857143155e-02,3.055245535714285615e-02,2.873883928571428423e-02,2.776227678571428423e-02,2.818080357142857192e-02,2.762276785714285615e-02,2.385602678571428423e-02,1.981026785714285615e-02,3.138950892857143155e-02,2.776227678571428423e-02,2.246093750000000000e-02,3.264508928571428770e-02,2.845982142857142808e-02,2.566964285714285615e-02,2.413504464285714385e-02,2.706473214285714385e-02,3.320312500000000000e-02,2.818080357142857192e-02,3.180803571428571230e-02,2.929687500000000000e-02,2.720424107142857192e-02,2.943638392857142808e-02,2.748325892857142808e-02,3.083147321428571577e-02,2.148437500000000000e-02,2.692522321428571577e-02,2.692522321428571577e-02,3.069196428571428423e-02,3.069196428571428423e-02,2.273995535714285615e-02,2.343750000000000000e-02,2.943638392857142808e-02,2.664620535714285615e-02,2.190290178571428423e-02,2.022879464285714385e-02
-1.365792410714285754e-01,-1.344866071428571508e-01,-1.376953125000000000e-01,-1.358816964285714246e-01,-1.365792410714285754e-01,-1.354631696428571508e-01,-1.344866071428571508e-01,-1.250000000000000000e-01,-1.308593750000000000e-01,-1.315569196428571508e-01,-1.343470982142857262e-01,-1.305803571428571508e-01,-1.312779017857142738e-01,-1.361607142857142738e-01,-1.411830357142857262e-01,-1.290457589285714246e-01,-1.307198660714285754e-01,-1.445312500000000000e-01,-1.294642857142857262e-01,-1.363002232142857262e-01,-1.363002232142857262e-01,-1.376953125000000000e-01,-1.378348214285714246e-01,-1.318359375000000000e-01,-1.301618303571428492e-01,-1.301618303571428492e-01,-1.342075892857142738e-01,-1.344866071428571508e-01,-1.332310267857142738e-01,-1.358816964285714246e-01,-1.305803571428571508e-01,-1.416015625000000000e-01,-1.351841517857142738e-01,-1.357421875000000000e-01,-1.286272321428571508e-01,-1.323939732142857262e-01,-1.397879464285714246e-01,-1.375558035714285754e-01,-1.333705357142857262e-01,-1.332310267857142738e-01,-1.410435267857142738e-01,-1.372767857142857262e-01
-9.095982142857142461e-02,-9.012276785714286309e-02,-9.430803571428571230e-02,-9.235491071428571230e-02,-9.207589285714286309e-02,-9.193638392857142461e-02,-8.998325892857142461e-02,-8.119419642857142461e-02,-8.816964285714286309e-02,-8.858816964285713691e-02,-9.054129464285713691e-02,-8.733258928571428770e-02,-8.789062500000000000e-02,-9.235491071428571230e-02,-9.654017857142857539e-02,-8.621651785714286309e-02,-8.663504464285713691e-02,-9.849330357142857539e-02,-8.607700892857142461e-02,-9.305245535714286309e-02,-9.263392857142857539e-02,-9.305245535714286309e-02,-9.207589285714286309e-02,-8.733258928571428770e-02,-8.593750000000000000e-02,-8.565848214285713691e-02,-9.137834821428571230e-02,-9.151785714285713691e-02,-8.914620535714286309e-02,-9.137834821428571230e-02,-8.705357142857142461e-02,-9.667968750000000000e-02,-9.054129464285713691e-02,-9.207589285714286309e-02,-8.510044642857142461e-02,-8.956473214285713691e-02,-9.444754464285713691e-02,-9.347098214285713691e-02,-8.816964285714286309e-02,-8.830915178571428770e-02,-9.528459821428571230e-02,-9.235491071428571230e-02
-1.967075892857142808e-02,-2.022879464285714385e-02,-2.525111607142857192e-02,-2.511160714285714385e-02,-2.273995535714285615e-02,-2.190290178571428423e-02,-2.022879464285714385e-02,-1.395089285714285789e-02,-2.022879464285714385e-02,-2.022879464285714385e-02,-1.967075892857142808e-02,-1.897321428571428423e-02,-1.953125000000000000e-02,-2.371651785714285615e-02,-2.678571428571428423e-02,-1.841517857142857192e-02,-1.674107142857142808e-02,-2.692522321428571577e-02,-1.883370535714285615e-02,-2.371651785714285615e-02,-2.441406250000000000e-02,-2.232142857142857192e-02,-2.273995535714285615e-02,-1.799665178571428423e-02,-1.660156250000000000e-02,-1.604352678571428423e-02,-2.273995535714285615e-02,-2.232142857142857192e-02,-1.855468750000000000e-02,-2.204241071428571577e-02,-1.757812500000000000e-02,-2.539062500000000000e-02,-1.925223214285714385e-02,-2.120535714285714385e-02,-1.604352678571428423e-02,-2.190290178571428423e-02,-2.371651785714285615e-02,-2.385602678571428423e-02,-1.632254464285714385e-02,-1.702008928571428423e-02,-2.343750000000000000e-02,-2.134486607142857192e-02
-4.952566964285714385e-02,-4.827008928571428770e-02,-5.036272321428571230e-02,-4.938616071428571230e-02,-5.036272321428571230e-02,-4.840959821428571230e-02,-4.868861607142856845e-02,-4.450334821428571230e-02,-4.715401785714285615e-02,-4.715401785714285615e-02,-4.785156250000000000e-02,-4.799107142857143155e-02,-4.659598214285714385e-02,-4.924665178571428770e-02,-5.371093750000000000e-02,-4.547991071428571230e-02,-4.729352678571428770e-02,-5.371093750000000000e-02,-4.534040178571428770e-02,-4.771205357142856845e-02,-5.008370535714285615e-02,-4.952566964285714385e-02,-4.771205357142856845e-02,-4.575892857142856845e-02,-4.631696428571428770e-02,-4.506138392857143155e-02,-4.910714285714285615e-02,-4.785156250000000000e-02,-4.771205357142856845e-02,-4.743303571428571230e-02,-4.631696428571428770e-02,-5.357142857142856845e-02,-4.966517857142856845e-02,-4.910714285714285615e-02,-4.534040178571428770e-02,-4.701450892857143155e-02,-5.147879464285714385e-02,-5.106026785714285615e-02,-4.827008928571428770e-02,-4.771205357142856845e-02,-5.203683035714285615e-02,-5.245535714285714385e-02
-1.815011160714285754e-01,-1.918247767857142738e-01,-1.881975446428571508e-01,-1.760602678571428492e-01,-1.893136160714285754e-01,-1.918247767857142738e-01,-1.905691964285714246e-01,-1.711774553571428492e-01,-1.761997767857142738e-01,-1.728515625000000000e-01,-1.788504464285714246e-01,-1.736886160714285754e-01,-1.834542410714285754e-01,-1.893136160714285754e-01,-1.667131696428571508e-01,-1.755022321428571508e-01,-1.778738839285714246e-01,-1.566685267857142738e-01,-1.764787946428571508e-01,-1.946149553571428492e-01,-1.886160714285714246e-01,-1.895926339285714246e-01,-1.932198660714285754e-01,-1.778738839285714246e-01,-1.752232142857142738e-01,-1.739676339285714246e-01,-1.782924107142857262e-01,-1.880580357142857262e-01,-1.806640625000000000e-01,-1.904296875000000000e-01,-1.789899553571428492e-01,-1.932198660714285754e-01,-1.778738839285714246e-01,-1.816406250000000000e-01,-1.749441964285714246e-01,-1.767578125000000000e-01,-1.914062500000000000e-01,-1.919642857142857262e-01,-1.768973214285714246e-01,-1.865234375000000000e-01,-1.940569196428571508e-01,-1.657366071428571508e-01
-4.771205357142856845e-02,-5.803571428571428770e-02,-5.691964285714285615e-02,-4.785156250000000000e-02,-5.691964285714285615e-02,-5.901227678571428770e-02,-5.901227678571428770e-02,-4.268973214285714385e-02,-4.743303571428571230e-02,-4.575892857142856845e-02,-4.827008928571428770e-02,-4.561941964285714385e-02,-5.301339285714285615e-02,-5.845424107142856845e-02,-3.962053571428571230e-02,-4.659598214285714385e-02,-4.757254464285714385e-02,-2.887834821428571577e-02,-4.631696428571428770e-02,-6.110491071428571230e-02,-5.691964285714285615e-02,-5.719866071428571230e-02,-5.901227678571428770e-02,-4.631696428571428770e-02,-4.478236607142856845e-02,-4.213169642857143155e-02,-4.785156250000000000e-02,-5.580357142857143155e-02,-4.840959821428571230e-02,-5.789620535714285615e-02,-4.799107142857143155e-02,-5.970982142857143155e-02,-4.575892857142856845e-02,-4.980468750000000000e-02,-4.561941964285714385e-02,-4.687500000000000000e-02,-5.608258928571428770e-02,-5.998883928571428770e-02,-4.408482142857143155e-02,-5.315290178571428770e-02,-5.970982142857143155e-02,-3.752790178571428770e-02
2.608816964285714385e-02,1.660156250000000000e-02,1.520647321428571404e-02,2.232142857142857192e-02,1.674107142857142808e-02,1.478794642857142808e-02,1.478794642857142808e-02,2.943638392857142808e-02,2.441406250000000000e-02,2.539062500000000000e-02,2.427455357142857192e-02,2.720424107142857192e-02,1.953125000000000000e-02,1.478794642857142808e-02,3.027343750000000000e-02,2.483258928571428423e-02,2.622767857142857192e-02,3.989955357142856845e-02,2.525111607142857192e-02,1.255580357142857192e-02,1.562500000000000000e-02,1.757812500000000000e-02,1.604352678571428423e-02,2.622767857142857192e-02,2.804129464285714385e-02,3.097098214285714385e-02,2.427455357142857192e-02,1.660156250000000000e-02,2.608816964285714385e-02,1.604352678571428423e-02,2.525111607142857192e-02,1.492745535714285789e-02,2.804129464285714385e-02,2.385602678571428423e-02,2.734375000000000000e-02,2.441406250000000000e-02,1.813616071428571577e-02,1.436941964285714211e-02,2.929687500000000000e-02,2.134486607142857192e-02,1.632254464285714385e-02,3.390066964285714385e-02
-3.766741071428571491e-03,-9.347098214285714038e-03,-8.789062500000000000e-03,-3.627232142857142981e-03,-1.018415178571428596e-02,-9.765625000000000000e-03,-1.074218750000000000e-02,-2.092633928571428509e-03,-4.603794642857142981e-03,-2.092633928571428509e-03,-3.766741071428571491e-03,-3.627232142857142981e-03,-7.393973214285714038e-03,-9.486607142857142114e-03,-2.790178571428571274e-04,-2.929687500000000000e-03,-5.161830357142857019e-03,7.254464285714285962e-03,-1.813616071428571491e-03,-1.018415178571428596e-02,-1.018415178571428596e-02,-8.928571428571428076e-03,-9.486607142857142114e-03,-1.534598214285714255e-03,-1.953125000000000000e-03,0.000000000000000000e+00,-3.627232142857142981e-03,-7.812500000000000000e-03,-4.324776785714285962e-03,-9.207589285714285962e-03,-4.185267857142857019e-03,-1.213727678571428596e-02,-3.487723214285714472e-03,-4.464285714285714038e-03,-1.674107142857142764e-03,-2.790178571428571491e-03,-1.018415178571428596e-02,-1.157924107142857192e-02,-2.929687500000000000e-03,-8.231026785714285962e-03,-1.171875000000000000e-02,1.395089285714285637e-04
-8.272879464285713691e-02,-9.040178571428571230e-02,-8.830915178571428770e-02,-7.784598214285713691e-02,-9.054129464285713691e-02,-8.886718750000000000e-02,-9.179687500000000000e-02,-7.742745535714286309e-02,-8.035714285714286309e-02,-7.575334821428571230e-02,-8.119419642857142461e-02,-7.882254464285713691e-02,-8.677455357142857539e-02,-8.872767857142857539e-02,-7.854352678571428770e-02,-7.938058035714286309e-02,-8.175223214285713691e-02,-6.138392857142856845e-02,-7.854352678571428770e-02,-9.054129464285713691e-02,-8.970424107142857539e-02,-8.872767857142857539e-02,-8.956473214285713691e-02,-7.882254464285713691e-02,-7.840401785714286309e-02,-7.659040178571428770e-02,-7.993861607142857539e-02,-8.719308035714286309e-02,-8.203125000000000000e-02,-8.914620535714286309e-02,-8.049665178571428770e-02,-9.249441964285713691e-02,-7.993861607142857539e-02,-8.105468750000000000e-02,-7.742745535714286309e-02,-7.840401785714286309e-02,-9.054129464285713691e-02,-9.151785714285713691e-02,-8.105468750000000000e-02,-8.830915178571428770e-02,-9.235491071428571230e-02,-7.952008928571428770e-02
3.613281250000000000e-02,2.692522321428571577e-02,2.636718750000000000e-02,3.459821428571428770e-02,2.580915178571428423e-02,2.636718750000000000e-02,2.469308035714285615e-02,3.599330357142856845e-02,3.404017857142856845e-02,3.571428571428571230e-02,3.417968750000000000e-02,3.529575892857143155e-02,2.832031250000000000e-02,2.608816964285714385e-02,3.376116071428571230e-02,3.417968750000000000e-02,3.334263392857143155e-02,5.078125000000000000e-02,3.585379464285714385e-02,2.580915178571428423e-02,2.622767857142857192e-02,2.748325892857142808e-02,2.650669642857142808e-02,3.627232142857143155e-02,3.599330357142856845e-02,3.948102678571428770e-02,3.417968750000000000e-02,2.790178571428571577e-02,3.404017857142856845e-02,2.692522321428571577e-02,3.417968750000000000e-02,2.455357142857142808e-02,3.585379464285714385e-02,3.334263392857143155e-02,3.627232142857143155e-02,3.501674107142856845e-02,2.734375000000000000e-02,2.385602678571428423e-02,3.655133928571428770e-02,2.873883928571428423e-02,2.553013392857142808e-02,3.529575892857143155e-02
9.667968750000000000e-02,8.844866071428571230e-02,8.677455357142857539e-02,9.249441964285713691e-02,8.705357142857142461e-02,8.705357142857142461e-02,8.621651785714286309e-02,9.584263392857142461e-02,9.291294642857142461e-02,9.472656250000000000e-02,9.375000000000000000e-02,9.430803571428571230e-02,8.789062500000000000e-02,8.635602678571428770e-02,9.263392857142857539e-02,9.305245535714286309e-02,9.361049107142857539e-02,1.083984375000000000e-01,9.528459821428571230e-02,8.579799107142857539e-02,8.565848214285713691e-02,8.816964285714286309e-02,8.886718750000000000e-02,9.723772321428571230e-02,9.598214285714286309e-02,1.007254464285714246e-01,9.319196428571428770e-02,8.761160714285713691e-02,9.570312500000000000e-02,8.747209821428571230e-02,9.416852678571428770e-02,8.607700892857142461e-02,9.640066964285713691e-02,9.472656250000000000e-02,9.570312500000000000e-02,9.472656250000000000e-02,8.858816964285713691e-02,8.440290178571428770e-02,9.807477678571428770e-02,9.054129464285713691e-02,8.761160714285713691e-02,9.612165178571428770e-02
4.966517857142856845e-02,4.464285714285714385e-02,4.478236607142856845e-02,4.952566964285714385e-02,4.324776785714285615e-02,4.534040178571428770e-02,4.296875000000000000e-02,4.994419642857143155e-02,4.827008928571428770e-02,5.064174107142856845e-02,4.952566964285714385e-02,4.868861607142856845e-02,4.506138392857143155e-02,4.534040178571428770e-02,4.771205357142856845e-02,4.980468750000000000e-02,4.813058035714285615e-02,6.096540178571428770e-02,5.175781250000000000e-02,4.603794642857143155e-02,4.394531250000000000e-02,4.534040178571428770e-02,4.589843750000000000e-02,5.133928571428571230e-02,5.064174107142856845e-02,5.301339285714285615e-02,4.938616071428571230e-02,4.534040178571428770e-02,4.882812500000000000e-02,4.603794642857143155e-02,4.924665178571428770e-02,4.296875000000000000e-02,5.050223214285714385e-02,4.980468750000000000e-02,5.092075892857143155e-02,4.994419642857143155e-02,4.422433035714285615e-02,4.255022321428571230e-02,4.952566964285714385e-02,4.492187500000000000e-02,4.338727678571428770e-02,4.785156250000000000e-02
-6.738281250000000000e-02,-6.905691964285713691e-02,-6.808035714285713691e-02,-6.152343750000000000e-02,-7.003348214285713691e-02,-6.849888392857142461e-02,-7.212611607142857539e-02,-6.152343750000000000e-02,-6.529017857142857539e-02,-6.026785714285714385e-02,-6.626674107142857539e-02,-6.347656250000000000e-02,-6.835937500000000000e-02,-6.849888392857142461e-02,-5.929129464285714385e-02,-6.487165178571428770e-02,-6.710379464285713691e-02,-3.473772321428571230e-02,-6.459263392857142461e-02,-7.017299107142857539e-02,-7.073102678571428770e-02,-6.835937500000000000e-02,-6.835937500000000000e-02,-6.361607142857142461e-02,-6.375558035714286309e-02,-6.166294642857143155e-02,-6.389508928571428770e-02,-6.835937500000000000e-02,-6.766183035714286309e-02,-6.919642857142857539e-02,-6.640625000000000000e-02,-7.324218750000000000e-02,-6.431361607142857539e-02,-6.710379464285713691e-02,-6.277901785714286309e-02,-6.347656250000000000e-02,-7.003348214285713691e-02,-7.142857142857142461e-02,-6.473214285714286309e-02,-6.738281250000000000e-02,-7.170758928571428770e-02,-6.026785714285714385e-02
4.143415178571428770e-02,3.878348214285714385e-02,3.808593750000000000e-02,4.227120535714285615e-02,3.738839285714285615e-02,3.696986607142856845e-02,3.487723214285714385e-02,4.366629464285714385e-02,4.129464285714285615e-02,4.282924107142856845e-02,4.017857142857143155e-02,4.268973214285714385e-02,3.780691964285714385e-02,3.752790178571428770e-02,4.520089285714285615e-02,4.003906250000000000e-02,3.920200892857143155e-02,6.905691964285713691e-02,4.157366071428571230e-02,3.627232142857143155e-02,3.585379464285714385e-02,3.892299107142856845e-02,3.892299107142856845e-02,4.268973214285714385e-02,4.310825892857143155e-02,4.659598214285714385e-02,4.087611607142856845e-02,3.836495535714285615e-02,4.003906250000000000e-02,3.724888392857143155e-02,4.003906250000000000e-02,3.473772321428571230e-02,4.422433035714285615e-02,3.962053571428571230e-02,4.282924107142856845e-02,4.129464285714285615e-02,3.822544642857143155e-02,3.613281250000000000e-02,4.352678571428571230e-02,4.017857142857143155e-02,3.599330357142856845e-02,4.673549107142856845e-02
1.026785714285714246e-01,9.723772321428571230e-02,9.542410714285713691e-02,9.891183035714286309e-02,9.556361607142857539e-02,9.556361607142857539e-02,9.402901785714286309e-02,1.010044642857142877e-01,9.821428571428571230e-02,9.946986607142857539e-02,9.821428571428571230e-02,9.974888392857142461e-02,9.556361607142857539e-02,9.542410714285713691e-02,1.019810267857142877e-01,9.779575892857142461e-02,9.737723214285713691e-02,1.229073660714285754e-01,9.849330357142857539e-02,9.444754464285713691e-02,9.375000000000000000e-02,9.723772321428571230e-02,9.765625000000000000e-02,1.011439732142857123e-01,1.007254464285714246e-01,1.057477678571428631e-01,9.751674107142857539e-02,9.626116071428571230e-02,9.988839285714286309e-02,9.570312500000000000e-02,9.765625000000000000e-02,9.361049107142857539e-02,1.026785714285714246e-01,9.946986607142857539e-02,1.003069196428571369e-01,9.863281250000000000e-02,9.793526785714286309e-02,9.416852678571428770e-02,1.028180803571428631e-01,9.974888392857142461e-02,9.598214285714286309e-02,1.049107142857142877e-01
5.301339285714285615e-02,5.189732142857143155e-02,5.203683035714285615e-02,5.371093750000000000e-02,5.022321428571428770e-02,5.217633928571428770e-02,4.910714285714285615e-02,5.398995535714285615e-02,5.203683035714285615e-02,5.496651785714285615e-02,5.287388392857143155e-02,5.329241071428571230e-02,5.064174107142856845e-02,5.147879464285714385e-02,5.496651785714285615e-02,5.203683035714285615e-02,5.092075892857143155e-02,7.184709821428571230e-02,5.426897321428571230e-02,5.245535714285714385e-02,4.966517857142856845e-02,5.231584821428571230e-02,5.329241071428571230e-02,5.566406250000000000e-02,5.440848214285714385e-02,5.594308035714285615e-02,5.315290178571428770e-02,5.203683035714285615e-02,5.203683035714285615e-02,5.175781250000000000e-02,5.203683035714285615e-02,4.882812500000000000e-02,5.468750000000000000e-02,5.287388392857143155e-02,5.426897321428571230e-02,5.398995535714285615e-02,5.106026785714285615e-02,4.924665178571428770e-02,5.371093750000000000e-02,5.259486607142856845e-02,4.980468750000000000e-02,5.594308035714285615e-02
-6.877790178571428770e-02,-6.933593750000000000e-02,-6.891741071428571230e-02,-6.333705357142857539e-02,-7.003348214285713691e-02,-6.794084821428571230e-02,-7.282366071428571230e-02,-6.417410714285713691e-02,-6.975446428571428770e-02,-6.403459821428571230e-02,-6.849888392857142461e-02,-6.584821428571428770e-02,-6.933593750000000000e-02,-6.849888392857142461e-02,-6.208147321428571230e-02,-6.710379464285713691e-02,-6.933593750000000000e-02,-4.241071428571428770e-02,-6.682477678571428770e-02,-7.073102678571428770e-02,-7.142857142857142461e-02,-6.808035714285713691e-02,-6.724330357142857539e-02,-6.654575892857142461e-02,-6.445312500000000000e-02,-6.459263392857142461e-02,-6.738281250000000000e-02,-6.766183035714286309e-02,-7.087053571428571230e-02,-7.017299107142857539e-02,-6.877790178571428770e-02,-7.393973214285713691e-02,-6.682477678571428770e-02,-6.947544642857142461e-02,-6.347656250000000000e-02,-6.752232142857142461e-02,-7.059151785714286309e-02,-7.156808035714286309e-02,-6.863839285714286309e-02,-6.780133928571428770e-02,-7.226562500000000000e-02,-6.096540178571428770e-02
3.850446428571428770e-02,3.669084821428571230e-02,3.543526785714285615e-02,3.934151785714285615e-02,3.487723214285714385e-02,3.599330357142856845e-02,3.278459821428571230e-02,3.948102678571428770e-02,3.515625000000000000e-02,3.878348214285714385e-02,3.543526785714285615e-02,3.948102678571428770e-02,3.515625000000000000e-02,3.599330357142856845e-02,4.059709821428571230e-02,3.655133928571428770e-02,3.585379464285714385e-02,5.831473214285714385e-02,3.738839285714285615e-02,3.557477678571428770e-02,3.292410714285714385e-02,3.780691964285714385e-02,3.780691964285714385e-02,3.864397321428571230e-02,4.143415178571428770e-02,4.101562500000000000e-02,3.571428571428571230e-02,3.641183035714285615e-02,3.543526785714285615e-02,3.487723214285714385e-02,3.543526785714285615e-02,3.292410714285714385e-02,3.892299107142856845e-02,3.641183035714285615e-02,3.989955357142856845e-02,3.599330357142856845e-02,3.585379464285714385e-02,3.445870535714285615e-02,3.822544642857143155e-02,3.766741071428571230e-02,3.390066964285714385e-02,4.338727678571428770e-02
1.018415178571428631e-01,9.751674107142857539e-02,9.612165178571428770e-02,9.891183035714286309e-02,9.598214285714286309e-02,9.681919642857142461e-02,9.472656250000000000e-02,9.919084821428571230e-02,9.640066964285713691e-02,9.793526785714286309e-02,9.751674107142857539e-02,9.988839285714286309e-02,9.654017857142857539e-02,9.626116071428571230e-02,1.007254464285714246e-01,9.681919642857142461e-02,9.681919642857142461e-02,1.150948660714285754e-01,9.765625000000000000e-02,9.626116071428571230e-02,9.430803571428571230e-02,9.863281250000000000e-02,9.835379464285713691e-02,9.905133928571428770e-02,1.019810267857142877e-01,1.040736607142857123e-01,9.500558035714286309e-02,9.751674107142857539e-02,9.793526785714286309e-02,9.542410714285713691e-02,9.654017857142857539e-02,9.458705357142857539e-02,1.010044642857142877e-01,9.807477678571428770e-02,1.007254464285714246e-01,9.695870535714286309e-02,9.863281250000000000e-02,9.584263392857142461e-02,1.014229910714285754e-01,9.974888392857142461e-02,9.667968750000000000e-02,1.039341517857142877e-01
5.287388392857143155e-02,5.203683035714285615e-02,5.203683035714285615e-02,5.329241071428571230e-02,5.119977678571428770e-02,5.301339285714285615e-02,4.924665178571428770e-02,5.329241071428571230e-02,5.022321428571428770e-02,5.371093750000000000e-02,5.133928571428571230e-02,5.231584821428571230e-02,5.078125000000000000e-02,5.189732142857143155e-02,5.301339285714285615e-02,5.147879464285714385e-02,5.022321428571428770e-02,6.542968750000000000e-02,5.329241071428571230e-02,5.217633928571428770e-02,4.994419642857143155e-02,5.287388392857143155e-02,5.440848214285714385e-02,5.357142857142856845e-02,5.412946428571428770e-02,5.454799107142856845e-02,5.119977678571428770e-02,5.245535714285714385e-02,5.106026785714285615e-02,5.203683035714285615e-02,5.175781250000000000e-02,4.924665178571428770e-02,5.287388392857143155e-02,5.147879464285714385e-02,5.454799107142856845e-02,5.217633928571428770e-02,5.092075892857143155e-02,4.938616071428571230e-02,5.147879464285714385e-02,5.245535714285714385e-02,5.064174107142856845e-02,5.398995535714285615e-02
-8.663504464285713691e-02,-8.621651785714286309e-02,-8.705357142857142461e-02,-8.161272321428571230e-02,-8.635602678571428770e-02,-8.356584821428571230e-02,-8.593750000000000000e-02,-8.231026785714286309e-02,-8.663504464285713691e-02,-8.119419642857142461e-02,-8.663504464285713691e-02,-8.412388392857142461e-02,-8.356584821428571230e-02,-8.482142857142857539e-02,-8.328683035714286309e-02,-8.523995535714286309e-02,-8.635602678571428770e-02,-7.045200892857142461e-02,-8.231026785714286309e-02,-8.579799107142857539e-02,-8.537946428571428770e-02,-8.412388392857142461e-02,-8.468191964285713691e-02,-8.482142857142857539e-02,-8.063616071428571230e-02,-8.231026785714286309e-02,-8.426339285714286309e-02,-8.496093750000000000e-02,-8.719308035714286309e-02,-8.551897321428571230e-02,-8.523995535714286309e-02,-8.872767857142857539e-02,-8.496093750000000000e-02,-8.830915178571428770e-02,-8.119419642857142461e-02,-8.440290178571428770e-02,-8.761160714285713691e-02,-8.900669642857142461e-02,-8.663504464285713691e-02,-8.426339285714286309e-02,-8.663504464285713691e-02,-8.119419642857142461e-02
2.427455357142857192e-02,2.343750000000000000e-02,2.329799107142857192e-02,2.441406250000000000e-02,2.329799107142857192e-02,2.399553571428571577e-02,2.287946428571428423e-02,2.580915178571428423e-02,2.273995535714285615e-02,2.608816964285714385e-02,2.204241071428571577e-02,2.441406250000000000e-02,2.483258928571428423e-02,2.371651785714285615e-02,2.525111607142857192e-02,2.232142857142857192e-02,2.273995535714285615e-02,3.585379464285714385e-02,2.594866071428571577e-02,2.301897321428571577e-02,2.315848214285714385e-02,2.525111607142857192e-02,2.469308035714285615e-02,2.455357142857142808e-02,2.845982142857142808e-02,2.804129464285714385e-02,2.273995535714285615e-02,2.455357142857142808e-02,2.343750000000000000e-02,2.441406250000000000e-02,2.399553571428571577e-02,2.148437500000000000e-02,2.580915178571428423e-02,2.329799107142857192e-02,2.720424107142857192e-02,2.427455357142857192e-02,2.315848214285714385e-02,2.120535714285714385e-02,2.427455357142857192e-02,2.636718750000000000e-02,2.301897321428571577e-02,2.748325892857142808e-02
8.775111607142857539e-02,8.440290178571428770e-02,8.384486607142857539e-02,8.454241071428571230e-02,8.398437500000000000e-02,8.468191964285713691e-02,8.384486607142857539e-02,8.663504464285713691e-02,8.440290178571428770e-02,8.537946428571428770e-02,8.454241071428571230e-02,8.537946428571428770e-02,8.579799107142857539e-02,8.440290178571428770e-02,8.579799107142857539e-02,8.328683035714286309e-02,8.426339285714286309e-02,9.361049107142857539e-02,8.663504464285713691e-02,8.356584821428571230e-02,8.398437500000000000e-02,8.621651785714286309e-02,8.510044642857142461e-02,8.440290178571428770e-02,8.872767857142857539e-02,9.054129464285713691e-02,8.314732142857142461e-02,8.593750000000000000e-02,8.565848214285713691e-02,8.412388392857142461e-02,8.426339285714286309e-02,8.286830357142857539e-02,8.816964285714286309e-02,8.468191964285713691e-02,8.733258928571428770e-02,8.482142857142857539e-02,8.621651785714286309e-02,8.175223214285713691e-02,8.747209821428571230e-02,8.691406250000000000e-02,8.468191964285713691e-02,8.803013392857142461e-02
4.171316964285714385e-02,4.199218750000000000e-02,4.213169642857143155e-02,4.199218750000000000e-02,4.101562500000000000e-02,4.324776785714285615e-02,4.073660714285714385e-02,4.199218750000000000e-02,3.989955357142856845e-02,4.282924107142856845e-02,4.017857142857143155e-02,3.989955357142856845e-02,4.241071428571428770e-02,4.185267857142856845e-02,4.059709821428571230e-02,4.101562500000000000e-02,4.031808035714285615e-02,4.813058035714285615e-02,4.478236607142856845e-02,4.324776785714285615e-02,4.087611607142856845e-02,4.296875000000000000e-02,4.450334821428571230e-02,4.282924107142856845e-02,4.436383928571428770e-02,4.436383928571428770e-02,4.143415178571428770e-02,4.268973214285714385e-02,4.059709821428571230e-02,4.255022321428571230e-02,4.227120535714285615e-02,4.003906250000000000e-02,4.171316964285714385e-02,4.101562500000000000e-02,4.310825892857143155e-02,4.157366071428571230e-02,4.101562500000000000e-02,3.948102678571428770e-02,4.003906250000000000e-02,4.296875000000000000e-02,4.115513392857143155e-02,4.157366071428571230e-02
-4.143415178571428770e-02,-3.878348214285714385e-02,-3.948102678571428770e-02,-3.808593750000000000e-02,-3.962053571428571230e-02,-3.766741071428571230e-02,-4.003906250000000000e-02,-3.794642857142856845e-02,-4.129464285714285615e-02,-3.710937500000000000e-02,-4.073660714285714385e-02,-3.962053571428571230e-02,-3.850446428571428770e-02,-3.794642857142856845e-02,-4.045758928571428770e-02,-4.017857142857143155e-02,-4.101562500000000000e-02,-2.985491071428571577e-02,-3.557477678571428770e-02,-3.766741071428571230e-02,-3.836495535714285615e-02,-3.822544642857143155e-02,-3.710937500000000000e-02,-3.850446428571428770e-02,-3.669084821428571230e-02,-3.696986607142856845e-02,-3.989955357142856845e-02,-3.892299107142856845e-02,-4.129464285714285615e-02,-3.794642857142856845e-02,-3.934151785714285615e-02,-4.101562500000000000e-02,-4.003906250000000000e-02,-4.101562500000000000e-02,-3.724888392857143155e-02,-3.808593750000000000e-02,-4.073660714285714385e-02,-4.213169642857143155e-02,-4.129464285714285615e-02,-3.864397321428571230e-02,-3.962053571428571230e-02,-3.920200892857143155e-02
6.682477678571428770e-02,6.752232142857142461e-02,6.668526785714286309e-02,6.710379464285713691e-02,6.654575892857142461e-02,6.808035714285713691e-02,6.598772321428571230e-02,6.682477678571428770e-02,6.570870535714286309e-02,6.794084821428571230e-02,6.556919642857142461e-02,6.529017857142857539e-02,6.682477678571428770e-02,6.696428571428571230e-02,6.570870535714286309e-02,6.473214285714286309e-02,6.473214285714286309e-02,7.519531250000000000e-02,6.933593750000000000e-02,6.780133928571428770e-02,6.640625000000000000e-02,6.808035714285713691e-02,6.905691964285713691e-02,6.766183035714286309e-02,6.975446428571428770e-02,7.003348214285713691e-02,6.584821428571428770e-02,6.808035714285713691e-02,6.696428571428571230e-02,6.821986607142857539e-02,6.682477678571428770e-02,6.584821428571428770e-02,6.808035714285713691e-02,6.626674107142857539e-02,6.835937500000000000e-02,6.724330357142857539e-02,6.696428571428571230e-02,6.389508928571428770e-02,6.668526785714286309e-02,6.891741071428571230e-02,6.710379464285713691e-02,6.710379464285713691e-02
1.230468750000000000e-01,1.215122767857142877e-01,1.206752232142857123e-01,1.201171875000000000e-01,1.199776785714285754e-01,1.212332589285714246e-01,1.201171875000000000e-01,1.209542410714285754e-01,1.203962053571428631e-01,1.210937500000000000e-01,1.203962053571428631e-01,1.203962053571428631e-01,1.212332589285714246e-01,1.210937500000000000e-01,1.198381696428571369e-01,1.190011160714285754e-01,1.196986607142857123e-01,1.266741071428571508e-01,1.215122767857142877e-01,1.208147321428571369e-01,1.191406250000000000e-01,1.223493303571428631e-01,1.229073660714285754e-01,1.210937500000000000e-01,1.233258928571428631e-01,1.261160714285714246e-01,1.190011160714285754e-01,1.229073660714285754e-01,1.213727678571428631e-01,1.220703125000000000e-01,1.199776785714285754e-01,1.206752232142857123e-01,1.241629464285714246e-01,1.215122767857142877e-01,1.231863839285714246e-01,1.202566964285714246e-01,1.227678571428571369e-01,1.184430803571428631e-01,1.233258928571428631e-01,1.243024553571428631e-01,1.216517857142857123e-01,1.223493303571428631e-01
6.975446428571428770e-02,7.073102678571428770e-02,6.989397321428571230e-02,6.961495535714286309e-02,6.905691964285713691e-02,7.198660714285713691e-02,6.835937500000000000e-02,6.849888392857142461e-02,6.738281250000000000e-02,7.031250000000000000e-02,6.877790178571428770e-02,6.724330357142857539e-02,7.017299107142857539e-02,7.003348214285713691e-02,6.668526785714286309e-02,6.835937500000000000e-02,6.766183035714286309e-02,7.463727678571428770e-02,7.226562500000000000e-02,7.212611607142857539e-02,6.961495535714286309e-02,7.114955357142857539e-02,7.268415178571428770e-02,7.059151785714286309e-02,7.114955357142857539e-02,7.212611607142857539e-02,6.863839285714286309e-02,7.142857142857142461e-02,6.863839285714286309e-02,7.156808035714286309e-02,6.961495535714286309e-02,6.835937500000000000e-02,6.989397321428571230e-02,6.989397321428571230e-02,7.073102678571428770e-02,7.017299107142857539e-02,6.933593750000000000e-02,6.752232142857142461e-02,6.877790178571428770e-02,7.045200892857142461e-02,6.989397321428571230e-02,6.780133928571428770e-02
-2.943638392857142808e-02,-2.566964285714285615e-02,-2.678571428571428423e-02,-2.650669642857142808e-02,-2.720424107142857192e-02,-2.413504464285714385e-02,-2.790178571428571577e-02,-2.636718750000000000e-02,-2.901785714285714385e-02,-2.566964285714285615e-02,-2.845982142857142808e-02,-2.762276785714285615e-02,-2.692522321428571577e-02,-2.441406250000000000e-02,-3.069196428571428423e-02,-2.832031250000000000e-02,-3.013392857142857192e-02,-1.632254464285714385e-02,-2.497209821428571577e-02,-2.525111607142857192e-02,-2.804129464285714385e-02,-2.580915178571428423e-02,-2.441406250000000000e-02,-2.678571428571428423e-02,-2.553013392857142808e-02,-2.539062500000000000e-02,-2.762276785714285615e-02,-2.678571428571428423e-02,-2.915736607142857192e-02,-2.525111607142857192e-02,-2.734375000000000000e-02,-2.804129464285714385e-02,-2.790178571428571577e-02,-2.845982142857142808e-02,-2.553013392857142808e-02,-2.692522321428571577e-02,-2.999441964285714385e-02,-3.027343750000000000e-02,-2.957589285714285615e-02,-2.608816964285714385e-02,-2.804129464285714385e-02,-2.818080357142857192e-02
7.366071428571428770e-02,7.421875000000000000e-02,7.254464285714286309e-02,7.226562500000000000e-02,7.254464285714286309e-02,7.491629464285713691e-02,7.170758928571428770e-02,7.282366071428571230e-02,7.142857142857142461e-02,7.393973214285713691e-02,7.212611607142857539e-02,7.184709821428571230e-02,7.296316964285713691e-02,7.421875000000000000e-02,6.989397321428571230e-02,7.128906250000000000e-02,7.128906250000000000e-02,8.342633928571428770e-02,7.477678571428571230e-02,7.505580357142857539e-02,7.142857142857142461e-02,7.380022321428571230e-02,7.561383928571428770e-02,7.366071428571428770e-02,7.435825892857142461e-02,7.561383928571428770e-02,7.226562500000000000e-02,7.393973214285713691e-02,7.212611607142857539e-02,7.435825892857142461e-02,7.184709821428571230e-02,7.156808035714286309e-02,7.393973214285713691e-02,7.212611607142857539e-02,7.380022321428571230e-02,7.212611607142857539e-02,7.324218750000000000e-02,7.017299107142857539e-02,7.338169642857142461e-02,7.380022321428571230e-02,7.352120535714286309e-02,7.212611607142857539e-02
1.276506696428571508e-01,1.265345982142857262e-01,1.265345982142857262e-01,1.247209821428571369e-01,1.254185267857142738e-01,1.270926339285714246e-01,1.252790178571428492e-01,1.263950892857142738e-01,1.252790178571428492e-01,1.266741071428571508e-01,1.251395089285714246e-01,1.251395089285714246e-01,1.254185267857142738e-01,1.263950892857142738e-01,1.236049107142857123e-01,1.231863839285714246e-01,1.240234375000000000e-01,1.349051339285714246e-01,1.265345982142857262e-01,1.270926339285714246e-01,1.233258928571428631e-01,1.270926339285714246e-01,1.280691964285714246e-01,1.258370535714285754e-01,1.270926339285714246e-01,1.289062500000000000e-01,1.244419642857142877e-01,1.272321428571428492e-01,1.263950892857142738e-01,1.269531250000000000e-01,1.244419642857142877e-01,1.254185267857142738e-01,1.290457589285714246e-01,1.269531250000000000e-01,1.276506696428571508e-01,1.251395089285714246e-01,1.283482142857142738e-01,1.241629464285714246e-01,1.282087053571428492e-01,1.277901785714285754e-01,1.272321428571428492e-01,1.265345982142857262e-01
7.324218750000000000e-02,7.519531250000000000e-02,7.352120535714286309e-02,7.282366071428571230e-02,7.240513392857142461e-02,7.533482142857142461e-02,7.254464285714286309e-02,7.254464285714286309e-02,7.156808035714286309e-02,7.352120535714286309e-02,7.268415178571428770e-02,7.156808035714286309e-02,7.310267857142857539e-02,7.463727678571428770e-02,6.919642857142857539e-02,7.184709821428571230e-02,7.045200892857142461e-02,7.952008928571428770e-02,7.463727678571428770e-02,7.631138392857142461e-02,7.282366071428571230e-02,7.407924107142857539e-02,7.686941964285713691e-02,7.449776785714286309e-02,7.380022321428571230e-02,7.533482142857142461e-02,7.198660714285713691e-02,7.463727678571428770e-02,7.212611607142857539e-02,7.519531250000000000e-02,7.282366071428571230e-02,7.254464285714286309e-02,7.226562500000000000e-02,7.296316964285713691e-02,7.380022321428571230e-02,7.324218750000000000e-02,7.324218750000000000e-02,7.156808035714286309e-02,7.198660714285713691e-02,7.393973214285713691e-02,7.282366071428571230e-02,7.059151785714286309e-02
-5.831473214285714385e-02,-5.510602678571428770e-02,-5.454799107142856845e-02,-5.510602678571428770e-02,-5.552455357142856845e-02,-5.343191964285714385e-02,-5.761718750000000000e-02,-5.398995535714285615e-02,-5.901227678571428770e-02,-5.440848214285714385e-02,-5.789620535714285615e-02,-5.426897321428571230e-02,-5.440848214285714385e-02,-5.301339285714285615e-02,-4.673549107142856845e-02,-5.636160714285714385e-02,-5.678013392857143155e-02,-4.645647321428571230e-02,-5.468750000000000000e-02,-5.678013392857143155e-02,-5.622209821428571230e-02,-5.454799107142856845e-02,-5.482700892857143155e-02,-5.594308035714285615e-02,-5.287388392857143155e-02,-5.357142857142856845e-02,-5.719866071428571230e-02,-5.496651785714285615e-02,-5.915178571428571230e-02,-5.524553571428571230e-02,-5.719866071428571230e-02,-5.705915178571428770e-02,-5.705915178571428770e-02,-5.705915178571428770e-02,-5.315290178571428770e-02,-5.761718750000000000e-02,-5.733816964285714385e-02,-5.678013392857143155e-02,-5.831473214285714385e-02,-5.329241071428571230e-02,-5.636160714285714385e-02,-4.520089285714285615e-02
4.631696428571428770e-02,4.687500000000000000e-02,4.687500000000000000e-02,4.589843750000000000e-02,4.575892857142856845e-02,4.687500000000000000e-02,4.324776785714285615e-02,4.645647321428571230e-02,4.380580357142856845e-02,4.589843750000000000e-02,4.436383928571428770e-02,4.520089285714285615e-02,4.701450892857143155e-02,4.659598214285714385e-02,5.468750000000000000e-02,4.464285714285714385e-02,4.422433035714285615e-02,5.329241071428571230e-02,4.617745535714285615e-02,4.520089285714285615e-02,4.534040178571428770e-02,4.729352678571428770e-02,4.673549107142856845e-02,4.547991071428571230e-02,4.896763392857143155e-02,4.854910714285714385e-02,4.338727678571428770e-02,4.771205357142856845e-02,4.352678571428571230e-02,4.534040178571428770e-02,4.394531250000000000e-02,4.506138392857143155e-02,4.617745535714285615e-02,4.520089285714285615e-02,4.715401785714285615e-02,4.324776785714285615e-02,4.729352678571428770e-02,4.492187500000000000e-02,4.547991071428571230e-02,4.785156250000000000e-02,4.561941964285714385e-02,5.705915178571428770e-02
1.036551339285714246e-01,1.015625000000000000e-01,1.022600446428571369e-01,1.005859375000000000e-01,1.004464285714285754e-01,1.005859375000000000e-01,9.974888392857142461e-02,1.023995535714285754e-01,9.919084821428571230e-02,1.008649553571428631e-01,9.988839285714286309e-02,1.007254464285714246e-01,1.028180803571428631e-01,1.019810267857142877e-01,1.096540178571428631e-01,9.891183035714286309e-02,9.960937500000000000e-02,1.075613839285714246e-01,1.014229910714285754e-01,1.004464285714285754e-01,9.960937500000000000e-02,1.035156250000000000e-01,1.018415178571428631e-01,1.005859375000000000e-01,1.035156250000000000e-01,1.042131696428571369e-01,9.891183035714286309e-02,1.026785714285714246e-01,1.014229910714285754e-01,1.005859375000000000e-01,9.988839285714286309e-02,1.008649553571428631e-01,1.026785714285714246e-01,1.015625000000000000e-01,1.025390625000000000e-01,9.807477678571428770e-02,1.036551339285714246e-01,1.005859375000000000e-01,1.025390625000000000e-01,1.046316964285714246e-01,1.021205357142857123e-01,1.111886160714285754e-01
5.315290178571428770e-02,5.482700892857143155e-02,5.426897321428571230e-02,5.329241071428571230e-02,5.203683035714285615e-02,5.566406250000000000e-02,5.203683035714285615e-02,5.301339285714285615e-02,5.119977678571428770e-02,5.287388392857143155e-02,5.231584821428571230e-02,5.147879464285714385e-02,5.371093750000000000e-02,5.468750000000000000e-02,5.747767857142856845e-02,5.245535714285714385e-02,5.133928571428571230e-02,5.733816964285714385e-02,5.454799107142856845e-02,5.426897321428571230e-02,5.315290178571428770e-02,5.440848214285714385e-02,5.468750000000000000e-02,5.412946428571428770e-02,5.496651785714285615e-02,5.510602678571428770e-02,5.161830357142856845e-02,5.510602678571428770e-02,5.147879464285714385e-02,5.412946428571428770e-02,5.287388392857143155e-02,5.189732142857143155e-02,5.203683035714285615e-02,5.273437500000000000e-02,5.468750000000000000e-02,5.119977678571428770e-02,5.385044642857143155e-02,5.259486607142856845e-02,5.133928571428571230e-02,5.440848214285714385e-02,5.343191964285714385e-02,5.915178571428571230e-02
-9.012276785714286309e-02,-8.761160714285713691e-02,-8.844866071428571230e-02,-8.844866071428571230e-02,-8.803013392857142461e-02,-8.621651785714286309e-02,-8.803013392857142461e-02,-8.663504464285713691e-02,-9.068080357142857539e-02,-8.733258928571428770e-02,-8.984375000000000000e-02,-8.956473214285713691e-02,-8.496093750000000000e-02,-8.565848214285713691e-02,-8.175223214285713691e-02,-8.789062500000000000e-02,-8.816964285714286309e-02,-8.816964285714286309e-02,-8.789062500000000000e-02,-9.012276785714286309e-02,-8.747209821428571230e-02,-8.872767857142857539e-02,-8.830915178571428770e-02,-8.998325892857142461e-02,-8.593750000000000000e-02,-8.635602678571428770e-02,-9.040178571428571230e-02,-8.649553571428571230e-02,-9.012276785714286309e-02,-8.747209821428571230e-02,-8.858816964285713691e-02,-8.998325892857142461e-02,-8.928571428571428770e-02,-8.984375000000000000e-02,-8.621651785714286309e-02,-8.803013392857142461e-02,-8.886718750000000000e-02,-8.914620535714286309e-02,-9.054129464285713691e-02,-8.537946428571428770e-02,-8.844866071428571230e-02,-8.063616071428571230e-02
-4.757254464285714385e-02,-4.603794642857143155e-02,-4.631696428571428770e-02,-4.701450892857143155e-02,-4.715401785714285615e-02,-4.589843750000000000e-02,-4.659598214285714385e-02,-4.603794642857143155e-02,-4.799107142857143155e-02,-4.617745535714285615e-02,-4.715401785714285615e-02,-4.743303571428571230e-02,-4.310825892857143155e-02,-4.506138392857143155e-02,-4.115513392857143155e-02,-4.729352678571428770e-02,-4.631696428571428770e-02,-4.729352678571428770e-02,-4.659598214285714385e-02,-4.785156250000000000e-02,-4.701450892857143155e-02,-4.631696428571428770e-02,-4.645647321428571230e-02,-4.854910714285714385e-02,-4.534040178571428770e-02,-4.450334821428571230e-02,-4.910714285714285615e-02,-4.506138392857143155e-02,-4.757254464285714385e-02,-4.589843750000000000e-02,-4.715401785714285615e-02,-4.729352678571428770e-02,-4.659598214285714385e-02,-4.799107142857143155e-02,-4.547991071428571230e-02,-4.701450892857143155e-02,-4.575892857142856845e-02,-4.715401785714285615e-02,-4.757254464285714385e-02,-4.352678571428571230e-02,-4.603794642857143155e-02,-3.906250000000000000e-02
1.409040178571428596e-02,1.311383928571428596e-02,1.311383928571428596e-02,1.130022321428571404e-02,1.171875000000000000e-02,1.241629464285714211e-02,1.143973214285714211e-02,1.311383928571428596e-02,1.060267857142857192e-02,1.311383928571428596e-02,1.157924107142857192e-02,1.130022321428571404e-02,1.646205357142857192e-02,1.339285714285714211e-02,1.757812500000000000e-02,1.088169642857142808e-02,1.227678571428571404e-02,1.143973214285714211e-02,1.185825892857142808e-02,1.143973214285714211e-02,1.185825892857142808e-02,1.395089285714285789e-02,1.367187500000000000e-02,1.046316964285714211e-02,1.381138392857142808e-02,1.436941964285714211e-02,1.004464285714285789e-02,1.381138392857142808e-02,1.283482142857142808e-02,1.353236607142857192e-02,1.255580357142857192e-02,1.213727678571428596e-02,1.422991071428571404e-02,1.213727678571428596e-02,1.395089285714285789e-02,1.213727678571428596e-02,1.534598214285714211e-02,1.255580357142857192e-02,1.339285714285714211e-02,1.590401785714285615e-02,1.409040178571428596e-02,1.869419642857142808e-02
-2.580915178571428423e-02,-2.371651785714285615e-02,-2.399553571428571577e-02,-2.580915178571428423e-02,-2.483258928571428423e-02,-2.315848214285714385e-02,-2.441406250000000000e-02,-2.566964285714285615e-02,-2.650669642857142808e-02,-2.483258928571428423e-02,-2.483258928571428423e-02,-2.608816964285714385e-02,-2.357700892857142808e-02,-2.246093750000000000e-02,-2.343750000000000000e-02,-2.469308035714285615e-02,-2.511160714285714385e-02,-2.776227678571428423e-02,-2.511160714285714385e-02,-2.427455357142857192e-02,-2.553013392857142808e-02,-2.525111607142857192e-02,-2.273995535714285615e-02,-2.539062500000000000e-02,-2.385602678571428423e-02,-2.357700892857142808e-02,-2.706473214285714385e-02,-2.357700892857142808e-02,-2.580915178571428423e-02,-2.287946428571428423e-02,-2.497209821428571577e-02,-2.566964285714285615e-02,-2.594866071428571577e-02,-2.594866071428571577e-02,-2.413504464285714385e-02,-2.483258928571428423e-02,-2.497209821428571577e-02,-2.594866071428571577e-02,-2.706473214285714385e-02,-2.343750000000000000e-02,-2.539062500000000000e-02,-2.260044642857142808e-02
-2.043805803571428492e-01,-2.008928571428571508e-01,-2.022879464285714246e-01,-2.028459821428571508e-01,-2.017299107142857262e-01,-1.999162946428571508e-01,-1.993582589285714246e-01,-2.004743303571428492e-01,-2.036830357142857262e-01,-2.000558035714285754e-01,-2.027064732142857262e-01,-2.031250000000000000e-01,-1.968470982142857262e-01,-1.978236607142857262e-01,-2.031250000000000000e-01,-2.010323660714285754e-01,-2.029854910714285754e-01,-2.082868303571428492e-01,-2.010323660714285754e-01,-2.036830357142857262e-01,-2.008928571428571508e-01,-2.024274553571428492e-01,-2.017299107142857262e-01,-2.050781250000000000e-01,-2.007533482142857262e-01,-1.999162946428571508e-01,-2.032645089285714246e-01,-2.015904017857142738e-01,-2.043805803571428492e-01,-2.004743303571428492e-01,-2.018694196428571508e-01,-2.035435267857142738e-01,-2.038225446428571508e-01,-2.032645089285714246e-01,-1.992187500000000000e-01,-2.010323660714285754e-01,-2.041015625000000000e-01,-2.041015625000000000e-01,-2.057756696428571508e-01,-1.996372767857142738e-01,-2.007533482142857262e-01,-2.001953125000000000e-01
-7.352120535714286309e-02,-7.101004464285713691e-02,-7.254464285714286309e-02,-7.477678571428571230e-02,-7.254464285714286309e-02,-7.142857142857142461e-02,-7.114955357142857539e-02,-7.184709821428571230e-02,-7.338169642857142461e-02,-7.142857142857142461e-02,-7.366071428571428770e-02,-7.310267857142857539e-02,-6.905691964285713691e-02,-7.031250000000000000e-02,-7.449776785714286309e-02,-7.282366071428571230e-02,-7.352120535714286309e-02,-7.770647321428571230e-02,-7.184709821428571230e-02,-7.198660714285713691e-02,-7.212611607142857539e-02,-7.226562500000000000e-02,-7.073102678571428770e-02,-7.477678571428571230e-02,-7.003348214285713691e-02,-7.017299107142857539e-02,-7.366071428571428770e-02,-7.128906250000000000e-02,-7.268415178571428770e-02,-7.045200892857142461e-02,-7.184709821428571230e-02,-7.198660714285713691e-02,-7.212611607142857539e-02,-7.310267857142857539e-02,-7.059151785714286309e-02,-7.240513392857142461e-02,-7.226562500000000000e-02,-7.338169642857142461e-02,-7.366071428571428770e-02,-7.031250000000000000e-02,-7.114955357142857539e-02,-7.073102678571428770e-02
4.743303571428571057e-03,3.766741071428571491e-03,3.208705357142857019e-03,4.185267857142856911e-04,1.674107142857142764e-03,2.929687500000000000e-03,2.232142857142857019e-03,2.232142857142857019e-03,2.371651785714285528e-03,3.348214285714285528e-03,2.511160714285714472e-03,1.534598214285714255e-03,6.138392857142857019e-03,4.324776785714285962e-03,1.395089285714285745e-03,6.975446428571428726e-04,2.511160714285714472e-03,-1.674107142857142764e-03,3.208705357142857019e-03,2.929687500000000000e-03,1.953125000000000000e-03,4.464285714285714038e-03,3.627232142857142981e-03,9.765625000000000000e-04,3.766741071428571491e-03,5.580357142857142981e-03,1.674107142857142764e-03,3.627232142857142981e-03,3.348214285714285528e-03,4.603794642857142981e-03,3.766741071428571491e-03,3.208705357142857019e-03,4.324776785714285962e-03,1.813616071428571491e-03,5.301339285714285962e-03,3.069196428571428509e-03,4.882812500000000000e-03,1.813616071428571491e-03,3.069196428571428509e-03,4.882812500000000000e-03,5.301339285714285962e-03,3.766741071428571491e-03
-2.232142857142857192e-02,-2.078683035714285615e-02,-2.120535714285714385e-02,-2.371651785714285615e-02,-2.162388392857142808e-02,-2.022879464285714385e-02,-2.120535714285714385e-02,-2.246093750000000000e-02,-2.343750000000000000e-02,-2.134486607142857192e-02,-2.246093750000000000e-02,-2.413504464285714385e-02,-1.981026785714285615e-02,-1.953125000000000000e-02,-2.553013392857142808e-02,-2.218191964285714385e-02,-2.301897321428571577e-02,-2.692522321428571577e-02,-2.064732142857142808e-02,-2.008928571428571577e-02,-2.120535714285714385e-02,-2.176339285714285615e-02,-1.939174107142857192e-02,-2.204241071428571577e-02,-2.092633928571428423e-02,-2.008928571428571577e-02,-2.260044642857142808e-02,-2.078683035714285615e-02,-2.246093750000000000e-02,-1.925223214285714385e-02,-2.148437500000000000e-02,-2.190290178571428423e-02,-2.287946428571428423e-02,-2.148437500000000000e-02,-2.064732142857142808e-02,-2.162388392857142808e-02,-2.246093750000000000e-02,-2.287946428571428423e-02,-2.357700892857142808e-02,-2.092633928571428423e-02,-2.106584821428571577e-02,-2.399553571428571577e-02
-1.420200892857142738e-01,-1.406250000000000000e-01,-1.407645089285714246e-01,-1.418805803571428492e-01,-1.404854910714285754e-01,-1.385323660714285754e-01,-1.389508928571428492e-01,-1.404854910714285754e-01,-1.417410714285714246e-01,-1.395089285714285754e-01,-1.413225446428571508e-01,-1.424386160714285754e-01,-1.369977678571428492e-01,-1.376953125000000000e-01,-1.442522321428571508e-01,-1.399274553571428492e-01,-1.410435267857142738e-01,-1.501116071428571508e-01,-1.406250000000000000e-01,-1.413225446428571508e-01,-1.414620535714285754e-01,-1.417410714285714246e-01,-1.402064732142857262e-01,-1.431361607142857262e-01,-1.414620535714285754e-01,-1.390904017857142738e-01,-1.417410714285714246e-01,-1.410435267857142738e-01,-1.420200892857142738e-01,-1.385323660714285754e-01,-1.403459821428571508e-01,-1.416015625000000000e-01,-1.424386160714285754e-01,-1.414620535714285754e-01,-1.386718750000000000e-01,-1.402064732142857262e-01,-1.422991071428571508e-01,-1.425781250000000000e-01,-1.438337053571428492e-01,-1.396484375000000000e-01,-1.396484375000000000e-01,-1.422991071428571508e-01
-9.584263392857142461e-02,-9.416852678571428770e-02,-9.500558035714286309e-02,-9.709821428571428770e-02,-9.486607142857142461e-02,-9.347098214285713691e-02,-9.388950892857142461e-02,-9.458705357142857539e-02,-9.584263392857142461e-02,-9.388950892857142461e-02,-9.584263392857142461e-02,-9.654017857142857539e-02,-9.151785714285713691e-02,-9.263392857142857539e-02,-9.751674107142857539e-02,-9.472656250000000000e-02,-9.500558035714286309e-02,-1.032366071428571369e-01,-9.556361607142857539e-02,-9.598214285714286309e-02,-9.626116071428571230e-02,-9.598214285714286309e-02,-9.402901785714286309e-02,-9.779575892857142461e-02,-9.584263392857142461e-02,-9.444754464285713691e-02,-9.626116071428571230e-02,-9.430803571428571230e-02,-9.528459821428571230e-02,-9.291294642857142461e-02,-9.444754464285713691e-02,-9.542410714285713691e-02,-9.514508928571428770e-02,-9.500558035714286309e-02,-9.319196428571428770e-02,-9.458705357142857539e-02,-9.458705357142857539e-02,-9.598214285714286309e-02,-9.626116071428571230e-02,-9.263392857142857539e-02,-9.305245535714286309e-02,-9.598214285714286309e-02
-2.692522321428571577e-02,-2.720424107142857192e-02,-2.776227678571428423e-02,-2.943638392857142808e-02,-2.818080357142857192e-02,-2.664620535714285615e-02,-2.818080357142857192e-02,-2.776227678571428423e-02,-2.790178571428571577e-02,-2.790178571428571577e-02,-2.776227678571428423e-02,-2.985491071428571577e-02,-2.427455357142857192e-02,-2.622767857142857192e-02,-3.027343750000000000e-02,-2.832031250000000000e-02,-2.845982142857142808e-02,-3.431919642857143155e-02,-2.901785714285714385e-02,-2.804129464285714385e-02,-2.887834821428571577e-02,-2.790178571428571577e-02,-2.832031250000000000e-02,-2.999441964285714385e-02,-2.901785714285714385e-02,-2.664620535714285615e-02,-2.873883928571428423e-02,-2.748325892857142808e-02,-2.748325892857142808e-02,-2.553013392857142808e-02,-2.734375000000000000e-02,-2.804129464285714385e-02,-2.622767857142857192e-02,-2.804129464285714385e-02,-2.650669642857142808e-02,-2.678571428571428423e-02,-2.553013392857142808e-02,-2.859933035714285615e-02,-2.720424107142857192e-02,-2.525111607142857192e-02,-2.483258928571428423e-02,-2.859933035714285615e-02
-5.357142857142856845e-02,-5.203683035714285615e-02,-5.301339285714285615e-02,-5.510602678571428770e-02,-5.343191964285714385e-02,-5.092075892857143155e-02,-5.245535714285714385e-02,-5.454799107142856845e-02,-5.468750000000000000e-02,-5.245535714285714385e-02,-5.343191964285714385e-02,-5.594308035714285615e-02,-5.119977678571428770e-02,-5.106026785714285615e-02,-5.733816964285714385e-02,-5.301339285714285615e-02,-5.371093750000000000e-02,-6.054687500000000000e-02,-5.329241071428571230e-02,-5.245535714285714385e-02,-5.398995535714285615e-02,-5.385044642857143155e-02,-5.189732142857143155e-02,-5.454799107142856845e-02,-5.385044642857143155e-02,-5.259486607142856845e-02,-5.454799107142856845e-02,-5.259486607142856845e-02,-5.440848214285714385e-02,-5.092075892857143155e-02,-5.371093750000000000e-02,-5.412946428571428770e-02,-5.440848214285714385e-02,-5.301339285714285615e-02,-5.273437500000000000e-02,-5.329241071428571230e-02,-5.343191964285714385e-02,-5.454799107142856845e-02,-5.622209821428571230e-02,-5.217633928571428770e-02,-5.245535714285714385e-02,-5.719866071428571230e-02
-2.025669642857142738e-01,-1.999162946428571508e-01,-1.990792410714285754e-01,-2.007533482142857262e-01,-1.989397321428571508e-01,-1.971261160714285754e-01,-1.964285714285714246e-01,-1.989397321428571508e-01,-2.010323660714285754e-01,-1.981026785714285754e-01,-1.994977678571428492e-01,-2.020089285714285754e-01,-1.944754464285714246e-01,-1.957310267857142738e-01,-2.039620535714285754e-01,-1.978236607142857262e-01,-1.988002232142857262e-01,-2.116350446428571508e-01,-1.985212053571428492e-01,-1.997767857142857262e-01,-1.993582589285714246e-01,-2.006138392857142738e-01,-1.993582589285714246e-01,-2.022879464285714246e-01,-1.996372767857142738e-01,-1.986607142857142738e-01,-2.008928571428571508e-01,-1.993582589285714246e-01,-1.999162946428571508e-01,-1.967075892857142738e-01,-1.988002232142857262e-01,-2.001953125000000000e-01,-2.007533482142857262e-01,-2.008928571428571508e-01,-1.979631696428571508e-01,-1.979631696428571508e-01,-2.011718750000000000e-01,-2.007533482142857262e-01,-2.024274553571428492e-01,-1.979631696428571508e-01,-1.983816964285714246e-01,-2.022879464285714246e-01
-1.100725446428571369e-01,-1.081194196428571369e-01,-1.093750000000000000e-01,-1.104910714285714246e-01,-1.085379464285714246e-01,-1.078404017857142877e-01,-1.074218750000000000e-01,-1.088169642857142877e-01,-1.090959821428571369e-01,-1.083984375000000000e-01,-1.089564732142857123e-01,-1.113281250000000000e-01,-1.049107142857142877e-01,-1.065848214285714246e-01,-1.118861607142857123e-01,-1.088169642857142877e-01,-1.082589285714285754e-01,-1.184430803571428631e-01,-1.095145089285714246e-01,-1.092354910714285754e-01,-1.092354910714285754e-01,-1.099330357142857123e-01,-1.092354910714285754e-01,-1.110491071428571369e-01,-1.088169642857142877e-01,-1.082589285714285754e-01,-1.109095982142857123e-01,-1.090959821428571369e-01,-1.090959821428571369e-01,-1.064453125000000000e-01,-1.081194196428571369e-01,-1.096540178571428631e-01,-1.092354910714285754e-01,-1.100725446428571369e-01,-1.078404017857142877e-01,-1.072823660714285754e-01,-1.090959821428571369e-01,-1.099330357142857123e-01,-1.099330357142857123e-01,-1.070033482142857123e-01,-1.074218750000000000e-01,-1.120256696428571369e-01
-3.920200892857143155e-02,-3.892299107142856845e-02,-3.962053571428571230e-02,-4.115513392857143155e-02,-3.892299107142856845e-02,-3.934151785714285615e-02,-3.808593750000000000e-02,-3.948102678571428770e-02,-3.920200892857143155e-02,-3.892299107142856845e-02,-3.864397321428571230e-02,-4.045758928571428770e-02,-3.557477678571428770e-02,-3.780691964285714385e-02,-4.171316964285714385e-02,-3.934151785714285615e-02,-3.864397321428571230e-02,-4.799107142857143155e-02,-4.031808035714285615e-02,-3.864397321428571230e-02,-3.989955357142856845e-02,-4.031808035714285615e-02,-4.031808035714285615e-02,-4.199218750000000000e-02,-3.906250000000000000e-02,-3.850446428571428770e-02,-4.171316964285714385e-02,-3.906250000000000000e-02,-3.780691964285714385e-02,-3.669084821428571230e-02,-3.724888392857143155e-02,-3.934151785714285615e-02,-3.794642857142856845e-02,-3.976004464285714385e-02,-3.962053571428571230e-02,-3.850446428571428770e-02,-3.738839285714285615e-02,-4.003906250000000000e-02,-3.836495535714285615e-02,-3.710937500000000000e-02,-3.683035714285714385e-02,-4.087611607142856845e-02
-6.166294642857143155e-02,-6.026785714285714385e-02,-6.110491071428571230e-02,-6.291852678571428770e-02,-6.166294642857143155e-02,-5.887276785714285615e-02,-6.054687500000000000e-02,-6.250000000000000000e-02,-6.222098214285714385e-02,-6.082589285714285615e-02,-6.124441964285714385e-02,-6.501116071428571230e-02,-5.984933035714285615e-02,-5.901227678571428770e-02,-6.570870535714286309e-02,-6.082589285714285615e-02,-6.222098214285714385e-02,-7.031250000000000000e-02,-6.138392857142856845e-02,-6.040736607142856845e-02,-6.236049107142856845e-02,-6.138392857142856845e-02,-5.970982142857143155e-02,-6.152343750000000000e-02,-6.194196428571428770e-02,-6.040736607142856845e-02,-6.236049107142856845e-02,-6.124441964285714385e-02,-6.180245535714285615e-02,-5.873325892857143155e-02,-6.096540178571428770e-02,-6.236049107142856845e-02,-6.236049107142856845e-02,-6.194196428571428770e-02,-6.068638392857143155e-02,-6.040736607142856845e-02,-6.152343750000000000e-02,-6.236049107142856845e-02,-6.291852678571428770e-02,-6.040736607142856845e-02,-6.054687500000000000e-02,-6.570870535714286309e-02
-2.272600446428571508e-01,-2.240513392857142738e-01,-2.240513392857142738e-01,-2.258649553571428492e-01,-2.227957589285714246e-01,-2.209821428571428492e-01,-2.188895089285714246e-01,-2.216796875000000000e-01,-2.243303571428571508e-01,-2.211216517857142738e-01,-2.247488839285714246e-01,-2.264229910714285754e-01,-2.174944196428571508e-01,-2.208426339285714246e-01,-2.285156250000000000e-01,-2.222377232142857262e-01,-2.236328125000000000e-01,-2.395368303571428492e-01,-2.237723214285714246e-01,-2.257254464285714246e-01,-2.222377232142857262e-01,-2.243303571428571508e-01,-2.234933035714285754e-01,-2.271205357142857262e-01,-2.225167410714285754e-01,-2.222377232142857262e-01,-2.248883928571428492e-01,-2.239118303571428492e-01,-2.236328125000000000e-01,-2.207031250000000000e-01,-2.215401785714285754e-01,-2.246093750000000000e-01,-2.248883928571428492e-01,-2.262834821428571508e-01,-2.225167410714285754e-01,-2.211216517857142738e-01,-2.254464285714285754e-01,-2.244698660714285754e-01,-2.265625000000000000e-01,-2.208426339285714246e-01,-2.227957589285714246e-01,-2.264229910714285754e-01
-8.928571428571428770e-02,-8.775111607142857539e-02,-8.886718750000000000e-02,-8.928571428571428770e-02,-8.705357142857142461e-02,-8.705357142857142461e-02,-8.579799107142857539e-02,-8.803013392857142461e-02,-8.844866071428571230e-02,-8.677455357142857539e-02,-8.844866071428571230e-02,-9.137834821428571230e-02,-8.328683035714286309e-02,-8.663504464285713691e-02,-9.207589285714286309e-02,-8.858816964285713691e-02,-8.830915178571428770e-02,-1.000279017857142877e-01,-8.761160714285713691e-02,-8.803013392857142461e-02,-8.719308035714286309e-02,-8.872767857142857539e-02,-8.803013392857142461e-02,-9.068080357142857539e-02,-8.761160714285713691e-02,-8.677455357142857539e-02,-8.914620535714286309e-02,-8.705357142857142461e-02,-8.719308035714286309e-02,-8.537946428571428770e-02,-8.593750000000000000e-02,-8.816964285714286309e-02,-8.761160714285713691e-02,-8.970424107142857539e-02,-8.747209821428571230e-02,-8.537946428571428770e-02,-8.803013392857142461e-02,-8.900669642857142461e-02,-8.956473214285713691e-02,-8.551897321428571230e-02,-8.677455357142857539e-02,-9.095982142857142461e-02
-6.835937500000000000e-03,-6.556919642857142981e-03,-7.114955357142857019e-03,-9.486607142857142114e-03,-6.417410714285714038e-03,-6.975446428571428943e-03,-6.277901785714285962e-03,-6.556919642857142981e-03,-8.231026785714285962e-03,-6.277901785714285962e-03,-7.254464285714285962e-03,-9.207589285714285962e-03,-3.069196428571428509e-03,-5.998883928571428943e-03,-1.004464285714285789e-02,-7.952008928571428076e-03,-7.672991071428571057e-03,-1.576450892857142808e-02,-7.533482142857142981e-03,-5.440848214285714038e-03,-6.138392857142857019e-03,-6.835937500000000000e-03,-5.859375000000000000e-03,-9.347098214285714038e-03,-5.580357142857142981e-03,-6.417410714285714038e-03,-7.952008928571428076e-03,-5.301339285714285962e-03,-4.324776785714285962e-03,-4.185267857142857019e-03,-4.464285714285714038e-03,-5.719866071428571057e-03,-5.301339285714285962e-03,-7.533482142857142981e-03,-6.277901785714285962e-03,-4.882812500000000000e-03,-5.440848214285714038e-03,-7.812500000000000000e-03,-6.975446428571428943e-03,-3.627232142857142981e-03,-4.045758928571428943e-03,-8.510044642857142114e-03
-2.776227678571428423e-02,-2.622767857142857192e-02,-2.706473214285714385e-02,-2.915736607142857192e-02,-2.748325892857142808e-02,-2.525111607142857192e-02,-2.594866071428571577e-02,-2.818080357142857192e-02,-2.832031250000000000e-02,-2.720424107142857192e-02,-2.748325892857142808e-02,-3.138950892857143155e-02,-2.483258928571428423e-02,-2.594866071428571577e-02,-3.180803571428571230e-02,-2.720424107142857192e-02,-2.845982142857142808e-02,-3.529575892857143155e-02,-2.594866071428571577e-02,-2.539062500000000000e-02,-2.720424107142857192e-02,-2.790178571428571577e-02,-2.580915178571428423e-02,-2.720424107142857192e-02,-2.706473214285714385e-02,-2.566964285714285615e-02,-2.832031250000000000e-02,-2.650669642857142808e-02,-2.734375000000000000e-02,-2.371651785714285615e-02,-2.608816964285714385e-02,-2.762276785714285615e-02,-2.832031250000000000e-02,-2.776227678571428423e-02,-2.692522321428571577e-02,-2.608816964285714385e-02,-2.748325892857142808e-02,-2.748325892857142808e-02,-2.901785714285714385e-02,-2.622767857142857192e-02,-2.678571428571428423e-02,-3.138950892857143155e-02
-1.566685267857142738e-01,-1.538783482142857262e-01,-1.542968750000000000e-01,-1.549944196428571508e-01,-1.523437500000000000e-01,-1.516462053571428492e-01,-1.496930803571428492e-01,-1.531808035714285754e-01,-1.548549107142857262e-01,-1.516462053571428492e-01,-1.555524553571428492e-01,-1.577845982142857262e-01,-1.478794642857142738e-01,-1.526227678571428492e-01,-1.577845982142857262e-01,-1.533203125000000000e-01,-1.540178571428571508e-01,-1.662946428571428492e-01,-1.509486607142857262e-01,-1.541573660714285754e-01,-1.498325892857142738e-01,-1.530412946428571508e-01,-1.510881696428571508e-01,-1.555524553571428492e-01,-1.524832589285714246e-01,-1.513671875000000000e-01,-1.540178571428571508e-01,-1.522042410714285754e-01,-1.526227678571428492e-01,-1.509486607142857262e-01,-1.496930803571428492e-01,-1.549944196428571508e-01,-1.552734375000000000e-01,-1.542968750000000000e-01,-1.510881696428571508e-01,-1.501116071428571508e-01,-1.549944196428571508e-01,-1.538783482142857262e-01,-1.570870535714285754e-01,-1.517857142857142738e-01,-1.537388392857142738e-01,-1.569475446428571508e-01
-2.985491071428571577e-02,-2.887834821428571577e-02,-2.999441964285714385e-02,-3.097098214285714385e-02,-2.887834821428571577e-02,-2.790178571428571577e-02,-2.762276785714285615e-02,-3.069196428571428423e-02,-3.055245535714285615e-02,-2.915736607142857192e-02,-3.097098214285714385e-02,-3.334263392857143155e-02,-2.525111607142857192e-02,-2.957589285714285615e-02,-3.404017857142856845e-02,-2.957589285714285615e-02,-3.069196428571428423e-02,-3.892299107142856845e-02,-2.818080357142857192e-02,-2.790178571428571577e-02,-2.650669642857142808e-02,-2.832031250000000000e-02,-2.818080357142857192e-02,-3.083147321428571577e-02,-2.845982142857142808e-02,-2.734375000000000000e-02,-2.971540178571428423e-02,-2.734375000000000000e-02,-2.832031250000000000e-02,-2.594866071428571577e-02,-2.664620535714285615e-02,-2.943638392857142808e-02,-2.887834821428571577e-02,-3.138950892857143155e-02,-2.776227678571428423e-02,-2.650669642857142808e-02,-2.873883928571428423e-02,-2.985491071428571577e-02,-3.083147321428571577e-02,-2.762276785714285615e-02,-2.873883928571428423e-02,-3.292410714285714385e-02
4.171316964285714385e-02,4.241071428571428770e-02,4.171316964285714385e-02,3.920200892857143155e-02,4.241071428571428770e-02,4.185267857142856845e-02,4.227120535714285615e-02,4.101562500000000000e-02,4.017857142857143155e-02,4.157366071428571230e-02,4.073660714285714385e-02,3.822544642857143155e-02,4.422433035714285615e-02,4.129464285714285615e-02,3.822544642857143155e-02,4.115513392857143155e-02,4.045758928571428770e-02,3.445870535714285615e-02,4.227120535714285615e-02,4.338727678571428770e-02,4.296875000000000000e-02,4.366629464285714385e-02,4.436383928571428770e-02,3.962053571428571230e-02,4.227120535714285615e-02,4.241071428571428770e-02,4.157366071428571230e-02,4.408482142857143155e-02,4.506138392857143155e-02,4.492187500000000000e-02,4.422433035714285615e-02,4.227120535714285615e-02,4.324776785714285615e-02,4.031808035714285615e-02,4.310825892857143155e-02,4.366629464285714385e-02,4.352678571428571230e-02,4.143415178571428770e-02,4.115513392857143155e-02,4.394531250000000000e-02,4.282924107142856845e-02,3.934151785714285615e-02
1.004464285714285789e-02,1.074218750000000000e-02,9.765625000000000000e-03,8.510044642857142114e-03,9.626116071428571924e-03,1.241629464285714211e-02,1.157924107142857192e-02,8.510044642857142114e-03,8.649553571428571924e-03,9.626116071428571924e-03,9.626116071428571924e-03,5.859375000000000000e-03,1.157924107142857192e-02,1.074218750000000000e-02,5.022321428571428943e-03,9.486607142857142114e-03,8.370535714285714038e-03,2.929687500000000000e-03,1.185825892857142808e-02,1.213727678571428596e-02,1.185825892857142808e-02,1.074218750000000000e-02,1.283482142857142808e-02,1.032366071428571404e-02,1.074218750000000000e-02,1.199776785714285789e-02,9.486607142857142114e-03,1.157924107142857192e-02,1.046316964285714211e-02,1.325334821428571404e-02,1.185825892857142808e-02,9.347098214285714038e-03,9.626116071428571924e-03,9.905133928571428076e-03,1.060267857142857192e-02,1.171875000000000000e-02,1.004464285714285789e-02,8.789062500000000000e-03,7.812500000000000000e-03,1.060267857142857192e-02,9.905133928571428076e-03,5.998883928571428943e-03
-7.505580357142857539e-02,-7.380022321428571230e-02,-7.505580357142857539e-02,-7.547433035714286309e-02,-7.449776785714286309e-02,-7.101004464285713691e-02,-7.184709821428571230e-02,-7.519531250000000000e-02,-7.547433035714286309e-02,-7.366071428571428770e-02,-7.505580357142857539e-02,-7.826450892857142461e-02,-7.170758928571428770e-02,-7.296316964285713691e-02,-7.826450892857142461e-02,-7.393973214285713691e-02,-7.547433035714286309e-02,-8.300781250000000000e-02,-7.128906250000000000e-02,-7.366071428571428770e-02,-7.128906250000000000e-02,-7.324218750000000000e-02,-7.114955357142857539e-02,-7.380022321428571230e-02,-7.449776785714286309e-02,-7.142857142857142461e-02,-7.463727678571428770e-02,-7.268415178571428770e-02,-7.463727678571428770e-02,-7.128906250000000000e-02,-7.282366071428571230e-02,-7.449776785714286309e-02,-7.561383928571428770e-02,-7.421875000000000000e-02,-7.226562500000000000e-02,-7.128906250000000000e-02,-7.547433035714286309e-02,-7.421875000000000000e-02,-7.784598214285713691e-02,-7.324218750000000000e-02,-7.463727678571428770e-02,-7.882254464285713691e-02
3.724888392857143155e-02,3.780691964285714385e-02,3.669084821428571230e-02,3.459821428571428770e-02,3.641183035714285615e-02,3.808593750000000000e-02,3.738839285714285615e-02,3.543526785714285615e-02,3.543526785714285615e-02,3.655133928571428770e-02,3.613281250000000000e-02,3.306361607142856845e-02,3.822544642857143155e-02,3.683035714285714385e-02,3.222656250000000000e-02,3.599330357142856845e-02,3.571428571428571230e-02,3.013392857142857192e-02,3.780691964285714385e-02,3.920200892857143155e-02,3.822544642857143155e-02,3.766741071428571230e-02,3.934151785714285615e-02,3.655133928571428770e-02,3.794642857142856845e-02,3.850446428571428770e-02,3.627232142857143155e-02,3.850446428571428770e-02,3.864397321428571230e-02,4.031808035714285615e-02,3.892299107142856845e-02,3.738839285714285615e-02,3.724888392857143155e-02,3.627232142857143155e-02,3.724888392857143155e-02,3.850446428571428770e-02,3.710937500000000000e-02,3.585379464285714385e-02,3.487723214285714385e-02,3.696986607142856845e-02,3.683035714285714385e-02,3.334263392857143155e-02
9.709821428571428770e-02,9.779575892857142461e-02,9.709821428571428770e-02,9.486607142857142461e-02,9.667968750000000000e-02,9.709821428571428770e-02,9.556361607142857539e-02,9.542410714285713691e-02,9.514508928571428770e-02,9.528459821428571230e-02,9.528459821428571230e-02,9.207589285714286309e-02,9.737723214285713691e-02,9.556361607142857539e-02,9.277343750000000000e-02,9.626116071428571230e-02,9.528459821428571230e-02,9.137834821428571230e-02,9.640066964285713691e-02,9.960937500000000000e-02,9.695870535714286309e-02,9.779575892857142461e-02,9.919084821428571230e-02,9.612165178571428770e-02,9.737723214285713691e-02,9.709821428571428770e-02,9.542410714285713691e-02,9.849330357142857539e-02,9.974888392857142461e-02,1.005859375000000000e-01,9.863281250000000000e-02,9.681919642857142461e-02,9.821428571428571230e-02,9.612165178571428770e-02,9.765625000000000000e-02,9.793526785714286309e-02,9.821428571428571230e-02,9.542410714285713691e-02,9.612165178571428770e-02,9.793526785714286309e-02,9.779575892857142461e-02,9.375000000000000000e-02
5.147879464285714385e-02,5.301339285714285615e-02,5.203683035714285615e-02,5.008370535714285615e-02,5.092075892857143155e-02,5.398995535714285615e-02,5.231584821428571230e-02,4.980468750000000000e-02,5.008370535714285615e-02,5.133928571428571230e-02,5.203683035714285615e-02,4.771205357142856845e-02,5.217633928571428770e-02,5.245535714285714385e-02,4.743303571428571230e-02,5.147879464285714385e-02,5.022321428571428770e-02,4.603794642857143155e-02,5.385044642857143155e-02,5.496651785714285615e-02,5.273437500000000000e-02,5.245535714285714385e-02,5.538504464285714385e-02,5.343191964285714385e-02,5.231584821428571230e-02,5.301339285714285615e-02,5.119977678571428770e-02,5.343191964285714385e-02,5.287388392857143155e-02,5.482700892857143155e-02,5.273437500000000000e-02,5.203683035714285615e-02,5.133928571428571230e-02,5.301339285714285615e-02,5.245535714285714385e-02,5.273437500000000000e-02,5.217633928571428770e-02,5.147879464285714385e-02,5.008370535714285615e-02,5.301339285714285615e-02,5.203683035714285615e-02,4.687500000000000000e-02
-6.682477678571428770e-02,-6.515066964285713691e-02,-6.654575892857142461e-02,-6.598772321428571230e-02,-6.556919642857142461e-02,-6.277901785714286309e-02,-6.194196428571428770e-02,-6.529017857142857539e-02,-6.626674107142857539e-02,-6.445312500000000000e-02,-6.724330357142857539e-02,-6.905691964285713691e-02,-6.110491071428571230e-02,-6.487165178571428770e-02,-7.156808035714286309e-02,-6.654575892857142461e-02,-6.682477678571428770e-02,-7.589285714285713691e-02,-6.222098214285714385e-02,-6.417410714285713691e-02,-6.096540178571428770e-02,-6.361607142857142461e-02,-6.263950892857142461e-02,-6.598772321428571230e-02,-6.361607142857142461e-02,-6.180245535714285615e-02,-6.529017857142857539e-02,-6.319754464285713691e-02,-6.417410714285713691e-02,-6.250000000000000000e-02,-6.222098214285714385e-02,-6.570870535714286309e-02,-6.654575892857142461e-02,-6.682477678571428770e-02,-6.333705357142857539e-02,-6.180245535714285615e-02,-6.654575892857142461e-02,-6.556919642857142461e-02,-6.863839285714286309e-02,-6.361607142857142461e-02,-6.570870535714286309e-02,-6.905691964285713691e-02
3.892299107142856845e-02,3.989955357142856845e-02,3.934151785714285615e-02,3.710937500000000000e-02,3.989955357142856845e-02,4.045758928571428770e-02,4.199218750000000000e-02,3.920200892857143155e-02,3.892299107142856845e-02,4.045758928571428770e-02,3.752790178571428770e-02,3.585379464285714385e-02,4.282924107142856845e-02,3.892299107142856845e-02,3.445870535714285615e-02,3.836495535714285615e-02,3.794642857142856845e-02,3.152901785714285615e-02,4.199218750000000000e-02,4.199218750000000000e-02,4.352678571428571230e-02,4.171316964285714385e-02,4.185267857142856845e-02,3.878348214285714385e-02,4.213169642857143155e-02,4.101562500000000000e-02,3.962053571428571230e-02,4.171316964285714385e-02,4.255022321428571230e-02,4.296875000000000000e-02,4.241071428571428770e-02,3.989955357142856845e-02,4.059709821428571230e-02,3.780691964285714385e-02,4.115513392857143155e-02,4.255022321428571230e-02,3.920200892857143155e-02,3.850446428571428770e-02,3.780691964285714385e-02,4.129464285714285615e-02,3.962053571428571230e-02,3.683035714285714385e-02
1.007254464285714246e-01,1.011439732142857123e-01,1.011439732142857123e-01,9.849330357142857539e-02,1.015625000000000000e-01,1.004464285714285754e-01,1.011439732142857123e-01,1.000279017857142877e-01,9.946986607142857539e-02,1.004464285714285754e-01,9.863281250000000000e-02,9.626116071428571230e-02,1.035156250000000000e-01,9.933035714285713691e-02,9.681919642857142461e-02,1.001674107142857123e-01,9.974888392857142461e-02,9.444754464285713691e-02,1.015625000000000000e-01,1.037946428571428631e-01,1.040736607142857123e-01,1.021205357142857123e-01,1.028180803571428631e-01,1.001674107142857123e-01,1.026785714285714246e-01,1.014229910714285754e-01,1.015625000000000000e-01,1.036551339285714246e-01,1.036551339285714246e-01,1.042131696428571369e-01,1.030970982142857123e-01,1.014229910714285754e-01,1.028180803571428631e-01,9.835379464285713691e-02,1.022600446428571369e-01,1.026785714285714246e-01,1.021205357142857123e-01,1.000279017857142877e-01,9.988839285714286309e-02,1.023995535714285754e-01,1.022600446428571369e-01,9.793526785714286309e-02
5.468750000000000000e-02,5.538504464285714385e-02,5.538504464285714385e-02,5.287388392857143155e-02,5.482700892857143155e-02,5.678013392857143155e-02,5.636160714285714385e-02,5.329241071428571230e-02,5.398995535714285615e-02,5.496651785714285615e-02,5.343191964285714385e-02,5.064174107142856845e-02,5.622209821428571230e-02,5.524553571428571230e-02,4.938616071428571230e-02,5.385044642857143155e-02,5.287388392857143155e-02,4.827008928571428770e-02,5.664062500000000000e-02,5.747767857142856845e-02,5.733816964285714385e-02,5.636160714285714385e-02,5.817522321428571230e-02,5.566406250000000000e-02,5.622209821428571230e-02,5.733816964285714385e-02,5.426897321428571230e-02,5.775669642857143155e-02,5.636160714285714385e-02,5.775669642857143155e-02,5.733816964285714385e-02,5.496651785714285615e-02,5.482700892857143155e-02,5.468750000000000000e-02,5.622209821428571230e-02,5.691964285714285615e-02,5.482700892857143155e-02,5.385044642857143155e-02,5.259486607142856845e-02,5.524553571428571230e-02,5.454799107142856845e-02,5.106026785714285615e-02
-1.702008928571428423e-02,-1.632254464285714385e-02,-1.883370535714285615e-02,-1.855468750000000000e-02,-1.813616071428571577e-02,-1.534598214285714211e-02,-1.464843750000000000e-02,-1.855468750000000000e-02,-1.757812500000000000e-02,-1.632254464285714385e-02,-1.785714285714285615e-02,-2.036830357142857192e-02,-1.506696428571428596e-02,-1.562500000000000000e-02,-2.525111607142857192e-02,-1.869419642857142808e-02,-1.953125000000000000e-02,-2.566964285714285615e-02,-1.422991071428571404e-02,-1.548549107142857192e-02,-1.381138392857142808e-02,-1.548549107142857192e-02,-1.450892857142857192e-02,-1.771763392857142808e-02,-1.534598214285714211e-02,-1.395089285714285789e-02,-1.743861607142857192e-02,-1.604352678571428423e-02,-1.799665178571428423e-02,-1.590401785714285615e-02,-1.618303571428571577e-02,-1.743861607142857192e-02,-1.827566964285714385e-02,-1.827566964285714385e-02,-1.632254464285714385e-02,-1.576450892857142808e-02,-1.841517857142857192e-02,-1.827566964285714385e-02,-2.036830357142857192e-02,-1.674107142857142808e-02,-1.618303571428571577e-02,-2.204241071428571577e-02
8.663504464285713691e-02,8.719308035714286309e-02,8.607700892857142461e-02,8.370535714285713691e-02,8.607700892857142461e-02,8.705357142857142461e-02,8.705357142857142461e-02,8.510044642857142461e-02,8.579799107142857539e-02,8.705357142857142461e-02,8.510044642857142461e-02,8.314732142857142461e-02,8.830915178571428770e-02,8.649553571428571230e-02,8.063616071428571230e-02,8.482142857142857539e-02,8.440290178571428770e-02,8.049665178571428770e-02,8.816964285714286309e-02,8.928571428571428770e-02,8.928571428571428770e-02,8.775111607142857539e-02,8.872767857142857539e-02,8.663504464285713691e-02,8.844866071428571230e-02,8.900669642857142461e-02,8.705357142857142461e-02,8.844866071428571230e-02,8.789062500000000000e-02,8.928571428571428770e-02,8.775111607142857539e-02,8.691406250000000000e-02,8.775111607142857539e-02,8.510044642857142461e-02,8.705357142857142461e-02,8.775111607142857539e-02,8.649553571428571230e-02,8.565848214285713691e-02,8.496093750000000000e-02,8.705357142857142461e-02,8.705357142857142461e-02,8.231026785714286309e-02
1.413225446428571508e-01,1.420200892857142738e-01,1.413225446428571508e-01,1.375558035714285754e-01,1.413225446428571508e-01,1.411830357142857262e-01,1.399274553571428492e-01,1.393694196428571508e-01,1.390904017857142738e-01,1.409040178571428492e-01,1.399274553571428492e-01,1.371372767857142738e-01,1.425781250000000000e-01,1.402064732142857262e-01,1.358816964285714246e-01,1.397879464285714246e-01,1.399274553571428492e-01,1.367187500000000000e-01,1.420200892857142738e-01,1.443917410714285754e-01,1.431361607142857262e-01,1.427176339285714246e-01,1.434151785714285754e-01,1.416015625000000000e-01,1.432756696428571508e-01,1.425781250000000000e-01,1.409040178571428492e-01,1.428571428571428492e-01,1.436941964285714246e-01,1.442522321428571508e-01,1.421595982142857262e-01,1.417410714285714246e-01,1.434151785714285754e-01,1.399274553571428492e-01,1.417410714285714246e-01,1.416015625000000000e-01,1.424386160714285754e-01,1.400669642857142738e-01,1.402064732142857262e-01,1.417410714285714246e-01,1.422991071428571508e-01,1.374162946428571508e-01
8.649553571428571230e-02,8.733258928571428770e-02,8.621651785714286309e-02,8.426339285714286309e-02,8.551897321428571230e-02,8.719308035714286309e-02,8.747209821428571230e-02,8.468191964285713691e-02,8.565848214285713691e-02,8.593750000000000000e-02,8.565848214285713691e-02,8.258928571428571230e-02,8.733258928571428770e-02,8.635602678571428770e-02,7.979910714285713691e-02,8.482142857142857539e-02,8.426339285714286309e-02,8.119419642857142461e-02,8.872767857142857539e-02,8.914620535714286309e-02,8.816964285714286309e-02,8.789062500000000000e-02,8.914620535714286309e-02,8.761160714285713691e-02,8.747209821428571230e-02,8.844866071428571230e-02,8.621651785714286309e-02,8.803013392857142461e-02,8.649553571428571230e-02,8.858816964285713691e-02,8.719308035714286309e-02,8.621651785714286309e-02,8.635602678571428770e-02,8.635602678571428770e-02,8.705357142857142461e-02,8.719308035714286309e-02,8.565848214285713691e-02,8.523995535714286309e-02,8.426339285714286309e-02,8.705357142857142461e-02,8.719308035714286309e-02,8.175223214285713691e-02
1.646205357142857192e-02,1.715959821428571577e-02,1.618303571428571577e-02,1.450892857142857192e-02,1.436941964285714211e-02,1.883370535714285615e-02,1.855468750000000000e-02,1.422991071428571404e-02,1.646205357142857192e-02,1.743861607142857192e-02,1.688058035714285615e-02,1.353236607142857192e-02,1.715959821428571577e-02,1.799665178571428423e-02,8.091517857142857886e-03,1.478794642857142808e-02,1.367187500000000000e-02,9.626116071428571924e-03,1.925223214285714385e-02,1.841517857142857192e-02,1.869419642857142808e-02,1.757812500000000000e-02,1.841517857142857192e-02,1.674107142857142808e-02,1.827566964285714385e-02,2.008928571428571577e-02,1.506696428571428596e-02,1.674107142857142808e-02,1.534598214285714211e-02,1.827566964285714385e-02,1.646205357142857192e-02,1.688058035714285615e-02,1.548549107142857192e-02,1.632254464285714385e-02,1.729910714285714385e-02,1.604352678571428423e-02,1.464843750000000000e-02,1.548549107142857192e-02,1.339285714285714211e-02,1.674107142857142808e-02,1.715959821428571577e-02,1.157924107142857192e-02
1.152343750000000000e-01,1.170479910714285754e-01,1.152343750000000000e-01,1.128627232142857123e-01,1.146763392857142877e-01,1.156529017857142877e-01,1.153738839285714246e-01,1.135602678571428631e-01,1.142578125000000000e-01,1.148158482142857123e-01,1.143973214285714246e-01,1.117466517857142877e-01,1.150948660714285754e-01,1.160714285714285754e-01,1.079799107142857123e-01,1.136997767857142877e-01,1.130022321428571369e-01,1.106305803571428631e-01,1.170479910714285754e-01,1.180245535714285754e-01,1.167689732142857123e-01,1.162109375000000000e-01,1.174665178571428631e-01,1.155133928571428631e-01,1.170479910714285754e-01,1.173270089285714246e-01,1.149553571428571369e-01,1.166294642857142877e-01,1.156529017857142877e-01,1.170479910714285754e-01,1.156529017857142877e-01,1.150948660714285754e-01,1.159319196428571369e-01,1.146763392857142877e-01,1.156529017857142877e-01,1.153738839285714246e-01,1.149553571428571369e-01,1.138392857142857123e-01,1.135602678571428631e-01,1.157924107142857123e-01,1.163504464285714246e-01,1.104910714285714246e-01
1.665736607142857262e-01,1.683872767857142738e-01,1.665736607142857262e-01,1.630859375000000000e-01,1.657366071428571508e-01,1.665736607142857262e-01,1.647600446428571508e-01,1.646205357142857262e-01,1.646205357142857262e-01,1.650390625000000000e-01,1.651785714285714246e-01,1.639229910714285754e-01,1.658761160714285754e-01,1.667131696428571508e-01,1.611328125000000000e-01,1.650390625000000000e-01,1.643415178571428492e-01,1.632254464285714246e-01,1.665736607142857262e-01,1.702008928571428492e-01,1.672712053571428492e-01,1.669921875000000000e-01,1.690848214285714246e-01,1.667131696428571508e-01,1.682477678571428492e-01,1.679687500000000000e-01,1.662946428571428492e-01,1.678292410714285754e-01,1.675502232142857262e-01,1.685267857142857262e-01,1.671316964285714246e-01,1.667131696428571508e-01,1.683872767857142738e-01,1.657366071428571508e-01,1.672712053571428492e-01,1.655970982142857262e-01,1.672712053571428492e-01,1.646205357142857262e-01,1.650390625000000000e-01,1.674107142857142738e-01,1.681082589285714246e-01,1.623883928571428492e-01
1.067243303571428631e-01,1.075613839285714246e-01,1.060267857142857123e-01,1.042131696428571369e-01,1.046316964285714246e-01,1.074218750000000000e-01,1.058872767857142877e-01,1.042131696428571369e-01,1.051897321428571369e-01,1.053292410714285754e-01,1.057477678571428631e-01,1.025390625000000000e-01,1.056082589285714246e-01,1.065848214285714246e-01,9.960937500000000000e-02,1.037946428571428631e-01,1.035156250000000000e-01,1.021205357142857123e-01,1.079799107142857123e-01,1.089564732142857123e-01,1.065848214285714246e-01,1.072823660714285754e-01,1.088169642857142877e-01,1.072823660714285754e-01,1.065848214285714246e-01,1.079799107142857123e-01,1.051897321428571369e-01,1.068638392857142877e-01,1.057477678571428631e-01,1.082589285714285754e-01,1.057477678571428631e-01,1.063058035714285754e-01,1.054687500000000000e-01,1.064453125000000000e-01,1.060267857142857123e-01,1.057477678571428631e-01,1.051897321428571369e-01,1.044921875000000000e-01,1.039341517857142877e-01,1.056082589285714246e-01,1.070033482142857123e-01,1.008649553571428631e-01
5.440848214285714038e-03,6.696428571428571057e-03,5.440848214285714038e-03,3.627232142857142981e-03,4.464285714285714038e-03,7.812500000000000000e-03,6.835937500000000000e-03,4.882812500000000000e-03,5.580357142857142981e-03,6.975446428571428943e-03,7.114955357142857019e-03,4.185267857142857019e-03,6.138392857142857019e-03,8.789062500000000000e-03,-2.232142857142857019e-03,4.464285714285714038e-03,4.045758928571428943e-03,-4.185267857142856911e-04,6.277901785714285962e-03,6.975446428571428943e-03,5.301339285714285962e-03,5.719866071428571057e-03,7.254464285714285962e-03,6.138392857142857019e-03,6.138392857142857019e-03,7.672991071428571057e-03,3.766741071428571491e-03,5.580357142857142981e-03,4.324776785714285962e-03,7.114955357142857019e-03,5.161830357142857019e-03,6.138392857142857019e-03,5.440848214285714038e-03,5.998883928571428943e-03,6.277901785714285962e-03,4.743303571428571057e-03,4.324776785714285962e-03,4.603794642857142981e-03,4.045758928571428943e-03,6.556919642857142981e-03,7.393973214285714038e-03,1.534598214285714255e-03
4.701450892857143155e-02,4.840959821428571230e-02,4.687500000000000000e-02,4.450334821428571230e-02,4.617745535714285615e-02,4.771205357142856845e-02,4.701450892857143155e-02,4.575892857142856845e-02,4.715401785714285615e-02,4.645647321428571230e-02,4.729352678571428770e-02,4.547991071428571230e-02,4.785156250000000000e-02,4.938616071428571230e-02,4.003906250000000000e-02,4.617745535714285615e-02,4.575892857142856845e-02,4.115513392857143155e-02,4.673549107142856845e-02,4.854910714285714385e-02,4.603794642857143155e-02,4.617745535714285615e-02,4.729352678571428770e-02,4.603794642857143155e-02,4.687500000000000000e-02,4.827008928571428770e-02,4.547991071428571230e-02,4.743303571428571230e-02,4.659598214285714385e-02,4.813058035714285615e-02,4.561941964285714385e-02,4.687500000000000000e-02,4.715401785714285615e-02,4.659598214285714385e-02,4.715401785714285615e-02,4.617745535714285615e-02,4.617745535714285615e-02,4.561941964285714385e-02,4.561941964285714385e-02,4.785156250000000000e-02,4.952566964285714385e-02,4.213169642857143155e-02
9.165736607142857539e-02,9.416852678571428770e-02,9.375000000000000000e-02,8.886718750000000000e-02,9.193638392857142461e-02,9.333147321428571230e-02,9.165736607142857539e-02,9.221540178571428770e-02,9.235491071428571230e-02,9.179687500000000000e-02,9.235491071428571230e-02,9.193638392857142461e-02,9.291294642857142461e-02,9.430803571428571230e-02,8.789062500000000000e-02,9.305245535714286309e-02,9.179687500000000000e-02,8.803013392857142461e-02,9.193638392857142461e-02,9.542410714285713691e-02,9.123883928571428770e-02,9.137834821428571230e-02,9.375000000000000000e-02,9.221540178571428770e-02,9.305245535714286309e-02,9.333147321428571230e-02,9.221540178571428770e-02,9.347098214285713691e-02,9.305245535714286309e-02,9.444754464285713691e-02,9.291294642857142461e-02,9.291294642857142461e-02,9.430803571428571230e-02,9.249441964285713691e-02,9.249441964285713691e-02,9.207589285714286309e-02,9.347098214285713691e-02,9.137834821428571230e-02,9.193638392857142461e-02,9.361049107142857539e-02,9.584263392857142461e-02,8.886718750000000000e-02
3.920200892857143155e-02,3.948102678571428770e-02,3.780691964285714385e-02,3.669084821428571230e-02,3.738839285714285615e-02,4.031808035714285615e-02,3.822544642857143155e-02,3.627232142857143155e-02,3.780691964285714385e-02,3.836495535714285615e-02,3.906250000000000000e-02,3.613281250000000000e-02,3.934151785714285615e-02,4.087611607142856845e-02,3.194754464285714385e-02,3.738839285714285615e-02,3.710937500000000000e-02,3.320312500000000000e-02,3.808593750000000000e-02,3.976004464285714385e-02,3.696986607142856845e-02,3.794642857142856845e-02,3.976004464285714385e-02,3.892299107142856845e-02,3.752790178571428770e-02,3.948102678571428770e-02,3.655133928571428770e-02,3.822544642857143155e-02,3.710937500000000000e-02,3.976004464285714385e-02,3.752790178571428770e-02,3.864397321428571230e-02,3.780691964285714385e-02,3.822544642857143155e-02,3.822544642857143155e-02,3.724888392857143155e-02,3.780691964285714385e-02,3.752790178571428770e-02,3.669084821428571230e-02,3.808593750000000000e-02,3.934151785714285615e-02,3.334263392857143155e-02
-7.938058035714286309e-02,-7.812500000000000000e-02,-7.868303571428571230e-02,-8.161272321428571230e-02,-7.965959821428571230e-02,-7.672991071428571230e-02,-7.672991071428571230e-02,-7.826450892857142461e-02,-7.812500000000000000e-02,-7.575334821428571230e-02,-7.686941964285713691e-02,-7.993861607142857539e-02,-7.770647321428571230e-02,-7.407924107142857539e-02,-8.719308035714286309e-02,-7.854352678571428770e-02,-7.896205357142857539e-02,-8.551897321428571230e-02,-7.882254464285713691e-02,-7.938058035714286309e-02,-8.035714285714286309e-02,-7.993861607142857539e-02,-7.882254464285713691e-02,-7.952008928571428770e-02,-7.965959821428571230e-02,-7.659040178571428770e-02,-8.133370535714286309e-02,-7.979910714285713691e-02,-8.063616071428571230e-02,-7.770647321428571230e-02,-7.938058035714286309e-02,-7.910156250000000000e-02,-7.979910714285713691e-02,-7.770647321428571230e-02,-7.868303571428571230e-02,-8.147321428571428770e-02,-8.021763392857142461e-02,-7.952008928571428770e-02,-8.063616071428571230e-02,-7.714843750000000000e-02,-7.561383928571428770e-02,-8.342633928571428770e-02
-5.440848214285714038e-03,-3.627232142857142981e-03,-5.580357142857142981e-03,-8.649553571428571924e-03,-7.393973214285714038e-03,-4.464285714285714038e-03,-5.440848214285714038e-03,-6.138392857142857019e-03,-5.161830357142857019e-03,-5.022321428571428943e-03,-4.324776785714285962e-03,-6.696428571428571057e-03,-4.882812500000000000e-03,-2.092633928571428509e-03,-1.311383928571428596e-02,-5.301339285714285962e-03,-6.277901785714285962e-03,-1.171875000000000000e-02,-7.393973214285714038e-03,-4.882812500000000000e-03,-7.533482142857142981e-03,-7.533482142857142981e-03,-6.556919642857142981e-03,-7.533482142857142981e-03,-6.417410714285714038e-03,-5.022321428571428943e-03,-7.254464285714285962e-03,-6.835937500000000000e-03,-6.696428571428571057e-03,-5.161830357142857019e-03,-7.393973214285714038e-03,-6.277901785714285962e-03,-5.580357142857142981e-03,-6.138392857142857019e-03,-6.696428571428571057e-03,-7.812500000000000000e-03,-6.696428571428571057e-03,-6.835937500000000000e-03,-7.114955357142857019e-03,-4.882812500000000000e-03,-3.208705357142857019e-03,-1.018415178571428596e-02
4.603794642857143155e-02,4.743303571428571230e-02,4.673549107142856845e-02,4.310825892857143155e-02,4.464285714285714385e-02,4.673549107142856845e-02,4.561941964285714385e-02,4.617745535714285615e-02,4.645647321428571230e-02,4.617745535714285615e-02,4.589843750000000000e-02,4.506138392857143155e-02,4.673549107142856845e-02,4.924665178571428770e-02,4.115513392857143155e-02,4.561941964285714385e-02,4.436383928571428770e-02,4.129464285714285615e-02,4.408482142857143155e-02,4.757254464285714385e-02,4.394531250000000000e-02,4.450334821428571230e-02,4.464285714285714385e-02,4.422433035714285615e-02,4.589843750000000000e-02,4.631696428571428770e-02,4.506138392857143155e-02,4.603794642857143155e-02,4.631696428571428770e-02,4.701450892857143155e-02,4.478236607142856845e-02,4.506138392857143155e-02,4.715401785714285615e-02,4.575892857142856845e-02,4.506138392857143155e-02,4.422433035714285615e-02,4.603794642857143155e-02,4.464285714285714385e-02,4.520089285714285615e-02,4.701450892857143155e-02,4.896763392857143155e-02,4.171316964285714385e-02
1.534598214285714255e-03,3.208705357142857019e-03,1.116071428571428509e-03,-6.975446428571428726e-04,-4.185267857142856911e-04,3.627232142857142981e-03,1.953125000000000000e-03,5.580357142857142547e-04,1.534598214285714255e-03,2.092633928571428509e-03,2.650669642857142981e-03,-6.975446428571428726e-04,1.255580357142857236e-03,4.185267857142857019e-03,-5.161830357142857019e-03,1.395089285714285745e-03,5.580357142857142547e-04,-4.045758928571428943e-03,1.255580357142857236e-03,2.371651785714285528e-03,-6.975446428571428726e-04,5.580357142857142547e-04,1.953125000000000000e-03,8.370535714285713821e-04,2.790178571428571274e-04,2.650669642857142981e-03,-1.116071428571428509e-03,9.765625000000000000e-04,-6.975446428571428726e-04,2.232142857142857019e-03,6.975446428571428726e-04,1.395089285714285745e-03,1.255580357142857236e-03,1.255580357142857236e-03,1.116071428571428509e-03,-5.580357142857142547e-04,6.975446428571428726e-04,6.975446428571428726e-04,5.580357142857142547e-04,1.953125000000000000e-03,3.627232142857142981e-03,-2.929687500000000000e-03
-1.067243303571428631e-01,-1.046316964285714246e-01,-1.067243303571428631e-01,-1.099330357142857123e-01,-1.086774553571428631e-01,-1.043526785714285754e-01,-1.049107142857142877e-01,-1.061662946428571369e-01,-1.054687500000000000e-01,-1.029575892857142877e-01,-1.042131696428571369e-01,-1.065848214285714246e-01,-1.053292410714285754e-01,-1.017020089285714246e-01,-1.162109375000000000e-01,-1.067243303571428631e-01,-1.071428571428571369e-01,-1.136997767857142877e-01,-1.072823660714285754e-01,-1.075613839285714246e-01,-1.088169642857142877e-01,-1.079799107142857123e-01,-1.077008928571428631e-01,-1.067243303571428631e-01,-1.074218750000000000e-01,-1.047712053571428631e-01,-1.092354910714285754e-01,-1.088169642857142877e-01,-1.102120535714285754e-01,-1.058872767857142877e-01,-1.077008928571428631e-01,-1.067243303571428631e-01,-1.068638392857142877e-01,-1.050502232142857123e-01,-1.070033482142857123e-01,-1.093750000000000000e-01,-1.088169642857142877e-01,-1.072823660714285754e-01,-1.075613839285714246e-01,-1.044921875000000000e-01,-1.043526785714285754e-01,-1.117466517857142877e-01
-2.622767857142857192e-02,-2.469308035714285615e-02,-2.580915178571428423e-02,-2.971540178571428423e-02,-2.748325892857142808e-02,-2.525111607142857192e-02,-2.553013392857142808e-02,-2.566964285714285615e-02,-2.539062500000000000e-02,-2.385602678571428423e-02,-2.483258928571428423e-02,-2.664620535714285615e-02,-2.539062500000000000e-02,-2.190290178571428423e-02,-3.348214285714285615e-02,-2.608816964285714385e-02,-2.664620535714285615e-02,-3.166852678571428770e-02,-2.692522321428571577e-02,-2.553013392857142808e-02,-2.804129464285714385e-02,-2.790178571428571577e-02,-2.776227678571428423e-02,-2.776227678571428423e-02,-2.636718750000000000e-02,-2.511160714285714385e-02,-2.776227678571428423e-02,-2.748325892857142808e-02,-2.748325892857142808e-02,-2.566964285714285615e-02,-2.734375000000000000e-02,-2.622767857142857192e-02,-2.553013392857142808e-02,-2.553013392857142808e-02,-2.692522321428571577e-02,-2.887834821428571577e-02,-2.706473214285714385e-02,-2.664620535714285615e-02,-2.762276785714285615e-02,-2.427455357142857192e-02,-2.287946428571428423e-02,-3.083147321428571577e-02
2.873883928571428423e-02,3.055245535714285615e-02,2.929687500000000000e-02,2.566964285714285615e-02,2.692522321428571577e-02,2.985491071428571577e-02,2.845982142857142808e-02,2.873883928571428423e-02,2.859933035714285615e-02,2.943638392857142808e-02,2.929687500000000000e-02,2.790178571428571577e-02,2.985491071428571577e-02,3.250558035714285615e-02,2.483258928571428423e-02,2.859933035714285615e-02,2.832031250000000000e-02,2.413504464285714385e-02,2.608816964285714385e-02,3.013392857142857192e-02,2.622767857142857192e-02,2.678571428571428423e-02,2.804129464285714385e-02,2.636718750000000000e-02,2.859933035714285615e-02,2.859933035714285615e-02,2.636718750000000000e-02,2.887834821428571577e-02,2.845982142857142808e-02,2.943638392857142808e-02,2.734375000000000000e-02,2.859933035714285615e-02,2.985491071428571577e-02,2.804129464285714385e-02,2.790178571428571577e-02,2.706473214285714385e-02,2.804129464285714385e-02,2.762276785714285615e-02,2.762276785714285615e-02,3.027343750000000000e-02,3.250558035714285615e-02,2.399553571428571577e-02
-1.269531250000000000e-02,-1.143973214285714211e-02,-1.213727678571428596e-02,-1.548549107142857192e-02,-1.381138392857142808e-02,-1.102120535714285789e-02,-1.241629464285714211e-02,-1.367187500000000000e-02,-1.227678571428571404e-02,-1.116071428571428596e-02,-1.074218750000000000e-02,-1.325334821428571404e-02,-1.241629464285714211e-02,-9.068080357142857886e-03,-1.967075892857142808e-02,-1.311383928571428596e-02,-1.353236607142857192e-02,-1.813616071428571577e-02,-1.395089285714285789e-02,-1.143973214285714211e-02,-1.506696428571428596e-02,-1.339285714285714211e-02,-1.241629464285714211e-02,-1.255580357142857192e-02,-1.367187500000000000e-02,-1.269531250000000000e-02,-1.478794642857142808e-02,-1.325334821428571404e-02,-1.409040178571428596e-02,-1.171875000000000000e-02,-1.353236607142857192e-02,-1.283482142857142808e-02,-1.339285714285714211e-02,-1.185825892857142808e-02,-1.339285714285714211e-02,-1.506696428571428596e-02,-1.381138392857142808e-02,-1.283482142857142808e-02,-1.367187500000000000e-02,-1.185825892857142808e-02,-1.074218750000000000e-02,-1.688058035714285615e-02
-1.266741071428571508e-01,-1.250000000000000000e-01,-1.276506696428571508e-01,-1.326729910714285754e-01,-1.296037946428571508e-01,-1.254185267857142738e-01,-1.254185267857142738e-01,-1.261160714285714246e-01,-1.256975446428571508e-01,-1.220703125000000000e-01,-1.244419642857142877e-01,-1.273716517857142738e-01,-1.258370535714285754e-01,-1.199776785714285754e-01,-1.428571428571428492e-01,-1.282087053571428492e-01,-1.283482142857142738e-01,-1.356026785714285754e-01,-1.262555803571428492e-01,-1.282087053571428492e-01,-1.287667410714285754e-01,-1.277901785714285754e-01,-1.312779017857142738e-01,-1.291852678571428492e-01,-1.266741071428571508e-01,-1.233258928571428631e-01,-1.290457589285714246e-01,-1.303013392857142738e-01,-1.312779017857142738e-01,-1.265345982142857262e-01,-1.297433035714285754e-01,-1.269531250000000000e-01,-1.272321428571428492e-01,-1.259765625000000000e-01,-1.283482142857142738e-01,-1.315569196428571508e-01,-1.305803571428571508e-01,-1.279296875000000000e-01,-1.296037946428571508e-01,-1.248604910714285754e-01,-1.234654017857142877e-01,-1.350446428571428492e-01
-9.905133928571428076e-03,-7.812500000000000000e-03,-9.207589285714285962e-03,-1.506696428571428596e-02,-1.199776785714285789e-02,-8.789062500000000000e-03,-8.510044642857142114e-03,-8.789062500000000000e-03,-9.068080357142857886e-03,-6.696428571428571057e-03,-9.486607142857142114e-03,-1.018415178571428596e-02,-8.231026785714285962e-03,-4.324776785714285962e-03,-2.148437500000000000e-02,-1.102120535714285789e-02,-1.199776785714285789e-02,-1.492745535714285789e-02,-9.905133928571428076e-03,-8.649553571428571924e-03,-1.185825892857142808e-02,-1.018415178571428596e-02,-1.185825892857142808e-02,-1.213727678571428596e-02,-8.789062500000000000e-03,-7.254464285714285962e-03,-1.143973214285714211e-02,-1.185825892857142808e-02,-1.157924107142857192e-02,-8.928571428571428076e-03,-1.213727678571428596e-02,-8.789062500000000000e-03,-8.370535714285714038e-03,-9.207589285714285962e-03,-1.046316964285714211e-02,-1.325334821428571404e-02,-1.143973214285714211e-02,-1.088169642857142808e-02,-1.143973214285714211e-02,-7.533482142857142981e-03,-5.859375000000000000e-03,-1.604352678571428423e-02
5.510602678571428770e-02,5.691964285714285615e-02,5.426897321428571230e-02,5.036272321428571230e-02,5.245535714285714385e-02,5.440848214285714385e-02,5.482700892857143155e-02,5.454799107142856845e-02,5.468750000000000000e-02,5.496651785714285615e-02,5.412946428571428770e-02,5.371093750000000000e-02,5.510602678571428770e-02,5.831473214285714385e-02,4.492187500000000000e-02,5.329241071428571230e-02,5.203683035714285615e-02,5.064174107142856845e-02,5.259486607142856845e-02,5.691964285714285615e-02,5.203683035714285615e-02,5.329241071428571230e-02,5.315290178571428770e-02,5.189732142857143155e-02,5.594308035714285615e-02,5.608258928571428770e-02,5.357142857142856845e-02,5.343191964285714385e-02,5.315290178571428770e-02,5.524553571428571230e-02,5.217633928571428770e-02,5.524553571428571230e-02,5.664062500000000000e-02,5.245535714285714385e-02,5.468750000000000000e-02,5.147879464285714385e-02,5.412946428571428770e-02,5.287388392857143155e-02,5.273437500000000000e-02,5.580357142857143155e-02,5.831473214285714385e-02,4.729352678571428770e-02
1.702008928571428423e-02,1.813616071428571577e-02,1.702008928571428423e-02,1.311383928571428596e-02,1.478794642857142808e-02,1.771763392857142808e-02,1.688058035714285615e-02,1.632254464285714385e-02,1.646205357142857192e-02,1.855468750000000000e-02,1.771763392857142808e-02,1.492745535714285789e-02,1.590401785714285615e-02,2.022879464285714385e-02,7.254464285714285962e-03,1.492745535714285789e-02,1.436941964285714211e-02,1.255580357142857192e-02,1.702008928571428423e-02,1.841517857142857192e-02,1.506696428571428596e-02,1.632254464285714385e-02,1.702008928571428423e-02,1.646205357142857192e-02,1.688058035714285615e-02,1.813616071428571577e-02,1.548549107142857192e-02,1.576450892857142808e-02,1.492745535714285789e-02,1.799665178571428423e-02,1.576450892857142808e-02,1.632254464285714385e-02,1.688058035714285615e-02,1.799665178571428423e-02,1.618303571428571577e-02,1.395089285714285789e-02,1.520647321428571404e-02,1.604352678571428423e-02,1.534598214285714211e-02,1.771763392857142808e-02,1.799665178571428423e-02,1.032366071428571404e-02
-5.608258928571428770e-02,-5.622209821428571230e-02,-5.747767857142856845e-02,-6.236049107142856845e-02,-5.873325892857143155e-02,-5.650111607142856845e-02,-5.580357142857143155e-02,-5.664062500000000000e-02,-5.650111607142856845e-02,-5.343191964285714385e-02,-5.580357142857143155e-02,-5.761718750000000000e-02,-5.566406250000000000e-02,-5.259486607142856845e-02,-6.877790178571428770e-02,-5.859375000000000000e-02,-5.859375000000000000e-02,-6.263950892857142461e-02,-5.398995535714285615e-02,-5.580357142857143155e-02,-5.817522321428571230e-02,-5.552455357142856845e-02,-5.789620535714285615e-02,-5.901227678571428770e-02,-5.622209821428571230e-02,-5.189732142857143155e-02,-5.845424107142856845e-02,-5.873325892857143155e-02,-5.970982142857143155e-02,-5.468750000000000000e-02,-5.761718750000000000e-02,-5.678013392857143155e-02,-5.691964285714285615e-02,-5.524553571428571230e-02,-5.747767857142856845e-02,-5.998883928571428770e-02,-5.984933035714285615e-02,-5.803571428571428770e-02,-5.873325892857143155e-02,-5.594308035714285615e-02,-5.510602678571428770e-02,-6.333705357142857539e-02
5.273437500000000000e-02,5.273437500000000000e-02,5.259486607142856845e-02,4.659598214285714385e-02,5.106026785714285615e-02,5.203683035714285615e-02,5.287388392857143155e-02,5.217633928571428770e-02,5.175781250000000000e-02,5.398995535714285615e-02,5.161830357142856845e-02,4.994419642857143155e-02,5.329241071428571230e-02,5.454799107142856845e-02,4.241071428571428770e-02,4.980468750000000000e-02,4.924665178571428770e-02,4.827008928571428770e-02,5.315290178571428770e-02,5.385044642857143155e-02,5.078125000000000000e-02,5.259486607142856845e-02,5.217633928571428770e-02,4.994419642857143155e-02,5.301339285714285615e-02,5.496651785714285615e-02,5.161830357142856845e-02,5.078125000000000000e-02,5.147879464285714385e-02,5.385044642857143155e-02,5.092075892857143155e-02,5.217633928571428770e-02,5.301339285714285615e-02,5.287388392857143155e-02,5.133928571428571230e-02,4.896763392857143155e-02,5.050223214285714385e-02,5.147879464285714385e-02,5.064174107142856845e-02,5.245535714285714385e-02,5.426897321428571230e-02,4.687500000000000000e-02
1.100725446428571369e-01,1.102120535714285754e-01,1.106305803571428631e-01,1.051897321428571369e-01,1.081194196428571369e-01,1.097935267857142877e-01,1.097935267857142877e-01,1.093750000000000000e-01,1.088169642857142877e-01,1.097935267857142877e-01,1.081194196428571369e-01,1.078404017857142877e-01,1.111886160714285754e-01,1.117466517857142877e-01,1.026785714285714246e-01,1.083984375000000000e-01,1.074218750000000000e-01,1.065848214285714246e-01,1.090959821428571369e-01,1.127232142857142877e-01,1.077008928571428631e-01,1.100725446428571369e-01,1.090959821428571369e-01,1.071428571428571369e-01,1.107700892857142877e-01,1.111886160714285754e-01,1.097935267857142877e-01,1.088169642857142877e-01,1.095145089285714246e-01,1.116071428571428631e-01,1.092354910714285754e-01,1.097935267857142877e-01,1.114676339285714246e-01,1.085379464285714246e-01,1.093750000000000000e-01,1.074218750000000000e-01,1.095145089285714246e-01,1.088169642857142877e-01,1.078404017857142877e-01,1.097935267857142877e-01,1.124441964285714246e-01,1.040736607142857123e-01
6.096540178571428770e-02,6.096540178571428770e-02,6.040736607142856845e-02,5.678013392857143155e-02,5.929129464285714385e-02,6.068638392857143155e-02,5.998883928571428770e-02,5.943080357142856845e-02,5.901227678571428770e-02,6.152343750000000000e-02,6.068638392857143155e-02,5.803571428571428770e-02,6.040736607142856845e-02,6.208147321428571230e-02,5.189732142857143155e-02,5.887276785714285615e-02,5.803571428571428770e-02,5.691964285714285615e-02,6.180245535714285615e-02,6.222098214285714385e-02,5.859375000000000000e-02,6.124441964285714385e-02,6.124441964285714385e-02,5.998883928571428770e-02,6.082589285714285615e-02,6.319754464285713691e-02,5.943080357142856845e-02,5.970982142857143155e-02,5.901227678571428770e-02,6.222098214285714385e-02,6.026785714285714385e-02,6.054687500000000000e-02,6.026785714285714385e-02,6.166294642857143155e-02,5.873325892857143155e-02,5.761718750000000000e-02,5.957031250000000000e-02,5.915178571428571230e-02,5.929129464285714385e-02,6.054687500000000000e-02,6.110491071428571230e-02,5.510602678571428770e-02
-2.385602678571428423e-02,-2.385602678571428423e-02,-2.413504464285714385e-02,-2.873883928571428423e-02,-2.608816964285714385e-02,-2.385602678571428423e-02,-2.357700892857142808e-02,-2.427455357142857192e-02,-2.525111607142857192e-02,-2.120535714285714385e-02,-2.273995535714285615e-02,-2.636718750000000000e-02,-2.329799107142857192e-02,-2.092633928571428423e-02,-3.515625000000000000e-02,-2.636718750000000000e-02,-2.608816964285714385e-02,-3.041294642857142808e-02,-2.078683035714285615e-02,-2.357700892857142808e-02,-2.580915178571428423e-02,-2.315848214285714385e-02,-2.343750000000000000e-02,-2.594866071428571577e-02,-2.427455357142857192e-02,-1.925223214285714385e-02,-2.497209821428571577e-02,-2.636718750000000000e-02,-2.553013392857142808e-02,-2.148437500000000000e-02,-2.511160714285714385e-02,-2.385602678571428423e-02,-2.483258928571428423e-02,-2.232142857142857192e-02,-2.525111607142857192e-02,-2.734375000000000000e-02,-2.706473214285714385e-02,-2.580915178571428423e-02,-2.636718750000000000e-02,-2.385602678571428423e-02,-2.399553571428571577e-02,-2.901785714285714385e-02
7.910156250000000000e-02,7.952008928571428770e-02,7.910156250000000000e-02,7.477678571428571230e-02,7.770647321428571230e-02,7.979910714285713691e-02,7.784598214285713691e-02,7.840401785714286309e-02,7.742745535714286309e-02,8.007812500000000000e-02,7.812500000000000000e-02,7.631138392857142461e-02,8.021763392857142461e-02,8.091517857142857539e-02,7.114955357142857539e-02,7.728794642857142461e-02,7.603236607142857539e-02,7.477678571428571230e-02,7.993861607142857539e-02,8.049665178571428770e-02,7.742745535714286309e-02,7.979910714285713691e-02,8.049665178571428770e-02,7.700892857142857539e-02,7.993861607142857539e-02,8.189174107142857539e-02,7.882254464285713691e-02,7.784598214285713691e-02,7.854352678571428770e-02,8.175223214285713691e-02,7.840401785714286309e-02,7.840401785714286309e-02,7.896205357142857539e-02,7.965959821428571230e-02,7.798549107142857539e-02,7.700892857142857539e-02,7.784598214285713691e-02,7.784598214285713691e-02,7.686941964285713691e-02,7.882254464285713691e-02,8.077566964285713691e-02,7.435825892857142461e-02
1.303013392857142738e-01,1.319754464285714246e-01,1.311383928571428492e-01,1.269531250000000000e-01,1.298828125000000000e-01,1.308593750000000000e-01,1.304408482142857262e-01,1.314174107142857262e-01,1.293247767857142738e-01,1.303013392857142738e-01,1.296037946428571508e-01,1.293247767857142738e-01,1.326729910714285754e-01,1.329520089285714246e-01,1.256975446428571508e-01,1.301618303571428492e-01,1.286272321428571508e-01,1.277901785714285754e-01,1.305803571428571508e-01,1.337890625000000000e-01,1.301618303571428492e-01,1.314174107142857262e-01,1.321149553571428492e-01,1.290457589285714246e-01,1.319754464285714246e-01,1.322544642857142738e-01,1.308593750000000000e-01,1.308593750000000000e-01,1.314174107142857262e-01,1.330915178571428492e-01,1.305803571428571508e-01,1.312779017857142738e-01,1.325334821428571508e-01,1.301618303571428492e-01,1.304408482142857262e-01,1.291852678571428492e-01,1.304408482142857262e-01,1.304408482142857262e-01,1.300223214285714246e-01,1.308593750000000000e-01,1.333705357142857262e-01,1.277901785714285754e-01
7.798549107142857539e-02,7.770647321428571230e-02,7.714843750000000000e-02,7.407924107142857539e-02,7.603236607142857539e-02,7.728794642857142461e-02,7.631138392857142461e-02,7.561383928571428770e-02,7.533482142857142461e-02,7.756696428571428770e-02,7.742745535714286309e-02,7.449776785714286309e-02,7.645089285714286309e-02,7.854352678571428770e-02,6.961495535714286309e-02,7.561383928571428770e-02,7.491629464285713691e-02,7.338169642857142461e-02,7.896205357142857539e-02,7.965959821428571230e-02,7.589285714285713691e-02,7.798549107142857539e-02,7.910156250000000000e-02,7.645089285714286309e-02,7.742745535714286309e-02,7.938058035714286309e-02,7.645089285714286309e-02,7.617187500000000000e-02,7.617187500000000000e-02,7.938058035714286309e-02,7.672991071428571230e-02,7.700892857142857539e-02,7.700892857142857539e-02,7.798549107142857539e-02,7.561383928571428770e-02,7.477678571428571230e-02,7.547433035714286309e-02,7.575334821428571230e-02,7.533482142857142461e-02,7.603236607142857539e-02,7.742745535714286309e-02,7.156808035714286309e-02
-2.246093750000000000e-02,-2.357700892857142808e-02,-2.329799107142857192e-02,-2.859933035714285615e-02,-2.539062500000000000e-02,-2.315848214285714385e-02,-2.301897321428571577e-02,-2.371651785714285615e-02,-2.539062500000000000e-02,-2.064732142857142808e-02,-2.176339285714285615e-02,-2.664620535714285615e-02,-2.218191964285714385e-02,-2.064732142857142808e-02,-3.250558035714285615e-02,-2.427455357142857192e-02,-2.525111607142857192e-02,-2.999441964285714385e-02,-2.162388392857142808e-02,-2.315848214285714385e-02,-2.580915178571428423e-02,-2.273995535714285615e-02,-2.148437500000000000e-02,-2.580915178571428423e-02,-2.301897321428571577e-02,-1.855468750000000000e-02,-2.580915178571428423e-02,-2.483258928571428423e-02,-2.483258928571428423e-02,-2.036830357142857192e-02,-2.399553571428571577e-02,-2.371651785714285615e-02,-2.497209821428571577e-02,-2.273995535714285615e-02,-2.553013392857142808e-02,-2.664620535714285615e-02,-2.650669642857142808e-02,-2.399553571428571577e-02,-2.497209821428571577e-02,-2.343750000000000000e-02,-2.385602678571428423e-02,-2.748325892857142808e-02
7.561383928571428770e-02,7.449776785714286309e-02,7.393973214285713691e-02,7.114955357142857539e-02,7.282366071428571230e-02,7.463727678571428770e-02,7.366071428571428770e-02,7.435825892857142461e-02,7.282366071428571230e-02,7.561383928571428770e-02,7.463727678571428770e-02,7.101004464285713691e-02,7.714843750000000000e-02,7.659040178571428770e-02,6.863839285714286309e-02,7.324218750000000000e-02,7.198660714285713691e-02,7.017299107142857539e-02,7.533482142857142461e-02,7.645089285714286309e-02,7.338169642857142461e-02,7.659040178571428770e-02,7.631138392857142461e-02,7.268415178571428770e-02,7.533482142857142461e-02,7.826450892857142461e-02,7.366071428571428770e-02,7.463727678571428770e-02,7.407924107142857539e-02,7.784598214285713691e-02,7.449776785714286309e-02,7.463727678571428770e-02,7.393973214285713691e-02,7.393973214285713691e-02,7.380022321428571230e-02,7.296316964285713691e-02,7.393973214285713691e-02,7.449776785714286309e-02,7.226562500000000000e-02,7.407924107142857539e-02,7.449776785714286309e-02,7.017299107142857539e-02
1.265345982142857262e-01,1.266741071428571508e-01,1.266741071428571508e-01,1.222098214285714246e-01,1.244419642857142877e-01,1.263950892857142738e-01,1.252790178571428492e-01,1.266741071428571508e-01,1.240234375000000000e-01,1.259765625000000000e-01,1.250000000000000000e-01,1.240234375000000000e-01,1.290457589285714246e-01,1.282087053571428492e-01,1.229073660714285754e-01,1.251395089285714246e-01,1.233258928571428631e-01,1.230468750000000000e-01,1.255580357142857262e-01,1.291852678571428492e-01,1.254185267857142738e-01,1.282087053571428492e-01,1.293247767857142738e-01,1.245814732142857123e-01,1.277901785714285754e-01,1.280691964285714246e-01,1.259765625000000000e-01,1.270926339285714246e-01,1.254185267857142738e-01,1.283482142857142738e-01,1.259765625000000000e-01,1.269531250000000000e-01,1.268136160714285754e-01,1.256975446428571508e-01,1.259765625000000000e-01,1.251395089285714246e-01,1.268136160714285754e-01,1.255580357142857262e-01,1.244419642857142877e-01,1.266741071428571508e-01,1.279296875000000000e-01,1.230468750000000000e-01
7.352120535714286309e-02,7.282366071428571230e-02,7.310267857142857539e-02,6.947544642857142461e-02,7.184709821428571230e-02,7.324218750000000000e-02,7.184709821428571230e-02,7.114955357142857539e-02,7.031250000000000000e-02,7.296316964285713691e-02,7.393973214285713691e-02,6.891741071428571230e-02,7.282366071428571230e-02,7.366071428571428770e-02,6.710379464285713691e-02,7.156808035714286309e-02,6.989397321428571230e-02,6.835937500000000000e-02,7.393973214285713691e-02,7.435825892857142461e-02,7.087053571428571230e-02,7.338169642857142461e-02,7.477678571428571230e-02,7.198660714285713691e-02,7.296316964285713691e-02,7.561383928571428770e-02,7.156808035714286309e-02,7.226562500000000000e-02,7.212611607142857539e-02,7.533482142857142461e-02,7.240513392857142461e-02,7.240513392857142461e-02,7.156808035714286309e-02,7.352120535714286309e-02,7.184709821428571230e-02,7.059151785714286309e-02,7.142857142857142461e-02,7.226562500000000000e-02,7.128906250000000000e-02,7.156808035714286309e-02,7.212611607142857539e-02,6.863839285714286309e-02
-3.222656250000000000e-02,-3.390066964285714385e-02,-3.417968750000000000e-02,-3.850446428571428770e-02,-3.473772321428571230e-02,-3.487723214285714385e-02,-3.404017857142856845e-02,-3.459821428571428770e-02,-3.599330357142856845e-02,-3.208705357142856845e-02,-3.194754464285714385e-02,-3.613281250000000000e-02,-3.362165178571428770e-02,-3.138950892857143155e-02,-3.976004464285714385e-02,-3.431919642857143155e-02,-3.501674107142856845e-02,-3.766741071428571230e-02,-3.362165178571428770e-02,-3.557477678571428770e-02,-3.683035714285714385e-02,-3.306361607142856845e-02,-3.264508928571428770e-02,-3.683035714285714385e-02,-3.459821428571428770e-02,-2.957589285714285615e-02,-3.515625000000000000e-02,-3.557477678571428770e-02,-3.669084821428571230e-02,-3.208705357142856845e-02,-3.306361607142856845e-02,-3.362165178571428770e-02,-3.710937500000000000e-02,-3.208705357142856845e-02,-3.404017857142856845e-02,-3.780691964285714385e-02,-3.724888392857143155e-02,-3.348214285714285615e-02,-3.599330357142856845e-02,-3.585379464285714385e-02,-3.390066964285714385e-02,-3.752790178571428770e-02
6.710379464285713691e-02,6.529017857142857539e-02,6.403459821428571230e-02,6.138392857142856845e-02,6.319754464285713691e-02,6.347656250000000000e-02,6.347656250000000000e-02,6.291852678571428770e-02,6.305803571428571230e-02,6.347656250000000000e-02,6.515066964285713691e-02,6.291852678571428770e-02,6.445312500000000000e-02,6.542968750000000000e-02,6.166294642857143155e-02,6.347656250000000000e-02,6.305803571428571230e-02,6.305803571428571230e-02,6.389508928571428770e-02,6.487165178571428770e-02,6.208147321428571230e-02,6.570870535714286309e-02,6.542968750000000000e-02,6.180245535714285615e-02,6.375558035714286309e-02,6.682477678571428770e-02,6.403459821428571230e-02,6.417410714285713691e-02,6.291852678571428770e-02,6.570870535714286309e-02,6.445312500000000000e-02,6.501116071428571230e-02,6.277901785714286309e-02,6.473214285714286309e-02,6.445312500000000000e-02,6.110491071428571230e-02,6.291852678571428770e-02,6.459263392857142461e-02,6.208147321428571230e-02,6.180245535714285615e-02,6.529017857142857539e-02,6.110491071428571230e-02
1.217912946428571369e-01,1.213727678571428631e-01,1.203962053571428631e-01,1.160714285714285754e-01,1.188616071428571369e-01,1.196986607142857123e-01,1.178850446428571369e-01,1.192801339285714246e-01,1.185825892857142877e-01,1.184430803571428631e-01,1.190011160714285754e-01,1.184430803571428631e-01,1.203962053571428631e-01,1.206752232142857123e-01,1.195591517857142877e-01,1.195591517857142877e-01,1.177455357142857123e-01,1.195591517857142877e-01,1.187220982142857123e-01,1.212332589285714246e-01,1.181640625000000000e-01,1.213727678571428631e-01,1.223493303571428631e-01,1.173270089285714246e-01,1.195591517857142877e-01,1.209542410714285754e-01,1.199776785714285754e-01,1.195591517857142877e-01,1.191406250000000000e-01,1.206752232142857123e-01,1.201171875000000000e-01,1.198381696428571369e-01,1.194196428571428631e-01,1.203962053571428631e-01,1.208147321428571369e-01,1.174665178571428631e-01,1.206752232142857123e-01,1.203962053571428631e-01,1.171875000000000000e-01,1.173270089285714246e-01,1.213727678571428631e-01,1.167689732142857123e-01
6.835937500000000000e-02,6.780133928571428770e-02,6.696428571428571230e-02,6.417410714285713691e-02,6.598772321428571230e-02,6.682477678571428770e-02,6.626674107142857539e-02,6.515066964285713691e-02,6.556919642857142461e-02,6.598772321428571230e-02,6.808035714285713691e-02,6.473214285714286309e-02,6.584821428571428770e-02,6.766183035714286309e-02,6.305803571428571230e-02,6.626674107142857539e-02,6.487165178571428770e-02,6.626674107142857539e-02,6.780133928571428770e-02,6.794084821428571230e-02,6.501116071428571230e-02,6.794084821428571230e-02,6.891741071428571230e-02,6.570870535714286309e-02,6.612723214285713691e-02,6.961495535714286309e-02,6.626674107142857539e-02,6.710379464285713691e-02,6.626674107142857539e-02,6.849888392857142461e-02,6.724330357142857539e-02,6.738281250000000000e-02,6.529017857142857539e-02,6.780133928571428770e-02,6.640625000000000000e-02,6.431361607142857539e-02,6.584821428571428770e-02,6.752232142857142461e-02,6.515066964285713691e-02,6.473214285714286309e-02,6.738281250000000000e-02,6.375558035714286309e-02
-5.050223214285714385e-02,-5.287388392857143155e-02,-5.398995535714285615e-02,-5.636160714285714385e-02,-5.510602678571428770e-02,-5.664062500000000000e-02,-5.412946428571428770e-02,-5.664062500000000000e-02,-5.691964285714285615e-02,-5.496651785714285615e-02,-5.217633928571428770e-02,-5.622209821428571230e-02,-5.678013392857143155e-02,-5.343191964285714385e-02,-5.538504464285714385e-02,-5.426897321428571230e-02,-5.426897321428571230e-02,-5.510602678571428770e-02,-5.315290178571428770e-02,-5.719866071428571230e-02,-5.901227678571428770e-02,-5.343191964285714385e-02,-5.357142857142856845e-02,-5.789620535714285615e-02,-5.608258928571428770e-02,-5.245535714285714385e-02,-5.510602678571428770e-02,-5.552455357142856845e-02,-5.803571428571428770e-02,-5.524553571428571230e-02,-5.440848214285714385e-02,-5.315290178571428770e-02,-5.859375000000000000e-02,-5.203683035714285615e-02,-5.371093750000000000e-02,-5.984933035714285615e-02,-5.887276785714285615e-02,-5.468750000000000000e-02,-5.761718750000000000e-02,-5.817522321428571230e-02,-5.287388392857143155e-02,-5.719866071428571230e-02
5.036272321428571230e-02,4.938616071428571230e-02,4.715401785714285615e-02,4.520089285714285615e-02,4.715401785714285615e-02,4.506138392857143155e-02,4.715401785714285615e-02,4.450334821428571230e-02,4.561941964285714385e-02,4.478236607142856845e-02,4.729352678571428770e-02,4.575892857142856845e-02,4.534040178571428770e-02,4.799107142857143155e-02,4.729352678571428770e-02,4.687500000000000000e-02,4.701450892857143155e-02,4.757254464285714385e-02,4.645647321428571230e-02,4.729352678571428770e-02,4.366629464285714385e-02,4.813058035714285615e-02,4.854910714285714385e-02,4.422433035714285615e-02,4.617745535714285615e-02,4.827008928571428770e-02,4.687500000000000000e-02,4.701450892857143155e-02,4.520089285714285615e-02,4.673549107142856845e-02,4.771205357142856845e-02,4.785156250000000000e-02,4.492187500000000000e-02,4.840959821428571230e-02,4.799107142857143155e-02,4.282924107142856845e-02,4.436383928571428770e-02,4.771205357142856845e-02,4.380580357142856845e-02,4.296875000000000000e-02,4.882812500000000000e-02,4.492187500000000000e-02
1.074218750000000000e-01,1.049107142857142877e-01,1.037946428571428631e-01,1.008649553571428631e-01,1.032366071428571369e-01,1.019810267857142877e-01,1.015625000000000000e-01,1.012834821428571369e-01,1.018415178571428631e-01,9.974888392857142461e-02,1.022600446428571369e-01,1.019810267857142877e-01,1.028180803571428631e-01,1.030970982142857123e-01,1.056082589285714246e-01,1.040736607142857123e-01,1.025390625000000000e-01,1.046316964285714246e-01,1.015625000000000000e-01,1.043526785714285754e-01,1.005859375000000000e-01,1.043526785714285754e-01,1.047712053571428631e-01,1.012834821428571369e-01,1.015625000000000000e-01,1.032366071428571369e-01,1.035156250000000000e-01,1.036551339285714246e-01,1.018415178571428631e-01,1.028180803571428631e-01,1.040736607142857123e-01,1.037946428571428631e-01,1.025390625000000000e-01,1.037946428571428631e-01,1.053292410714285754e-01,1.010044642857142877e-01,1.029575892857142877e-01,1.029575892857142877e-01,9.988839285714286309e-02,1.000279017857142877e-01,1.061662946428571369e-01,1.007254464285714246e-01
5.650111607142856845e-02,5.468750000000000000e-02,5.426897321428571230e-02,5.217633928571428770e-02,5.329241071428571230e-02,5.259486607142856845e-02,5.301339285714285615e-02,5.064174107142856845e-02,5.189732142857143155e-02,5.217633928571428770e-02,5.371093750000000000e-02,5.092075892857143155e-02,5.161830357142856845e-02,5.426897321428571230e-02,5.231584821428571230e-02,5.301339285714285615e-02,5.245535714285714385e-02,5.329241071428571230e-02,5.385044642857143155e-02,5.412946428571428770e-02,5.050223214285714385e-02,5.412946428571428770e-02,5.580357142857143155e-02,5.259486607142856845e-02,5.259486607142856845e-02,5.426897321428571230e-02,5.245535714285714385e-02,5.371093750000000000e-02,5.203683035714285615e-02,5.412946428571428770e-02,5.371093750000000000e-02,5.398995535714285615e-02,5.147879464285714385e-02,5.552455357142856845e-02,5.426897321428571230e-02,5.022321428571428770e-02,5.189732142857143155e-02,5.315290178571428770e-02,5.092075892857143155e-02,5.050223214285714385e-02,5.454799107142856845e-02,5.119977678571428770e-02
-1.618303571428571577e-02,-1.827566964285714385e-02,-1.939174107142857192e-02,-1.994977678571428423e-02,-2.050781250000000000e-02,-2.204241071428571577e-02,-1.939174107142857192e-02,-2.343750000000000000e-02,-2.232142857142857192e-02,-2.036830357142857192e-02,-1.939174107142857192e-02,-2.260044642857142808e-02,-2.232142857142857192e-02,-2.036830357142857192e-02,-2.134486607142857192e-02,-2.078683035714285615e-02,-1.967075892857142808e-02,-2.064732142857142808e-02,-1.799665178571428423e-02,-2.148437500000000000e-02,-2.385602678571428423e-02,-1.897321428571428423e-02,-1.841517857142857192e-02,-2.050781250000000000e-02,-2.092633928571428423e-02,-1.981026785714285615e-02,-2.050781250000000000e-02,-1.967075892857142808e-02,-2.260044642857142808e-02,-2.064732142857142808e-02,-1.911272321428571577e-02,-1.855468750000000000e-02,-2.315848214285714385e-02,-1.702008928571428423e-02,-1.883370535714285615e-02,-2.413504464285714385e-02,-2.385602678571428423e-02,-2.064732142857142808e-02,-2.371651785714285615e-02,-2.273995535714285615e-02,-1.771763392857142808e-02,-2.301897321428571577e-02
8.551897321428571230e-02,8.314732142857142461e-02,8.147321428571428770e-02,8.035714285714286309e-02,8.119419642857142461e-02,7.965959821428571230e-02,8.119419642857142461e-02,7.784598214285713691e-02,7.965959821428571230e-02,7.924107142857142461e-02,8.021763392857142461e-02,7.965959821428571230e-02,7.965959821428571230e-02,8.077566964285713691e-02,8.189174107142857539e-02,8.161272321428571230e-02,8.133370535714286309e-02,8.203125000000000000e-02,8.189174107142857539e-02,8.272879464285713691e-02,7.840401785714286309e-02,8.175223214285713691e-02,8.384486607142857539e-02,8.077566964285713691e-02,8.133370535714286309e-02,8.077566964285713691e-02,8.147321428571428770e-02,8.189174107142857539e-02,7.993861607142857539e-02,8.035714285714286309e-02,8.175223214285713691e-02,8.203125000000000000e-02,7.979910714285713691e-02,8.356584821428571230e-02,8.286830357142857539e-02,7.840401785714286309e-02,7.965959821428571230e-02,8.063616071428571230e-02,7.938058035714286309e-02,7.812500000000000000e-02,8.342633928571428770e-02,7.854352678571428770e-02
1.378348214285714246e-01,1.354631696428571508e-01,1.346261160714285754e-01,1.322544642857142738e-01,1.332310267857142738e-01,1.328125000000000000e-01,1.321149553571428492e-01,1.309988839285714246e-01,1.326729910714285754e-01,1.300223214285714246e-01,1.322544642857142738e-01,1.322544642857142738e-01,1.332310267857142738e-01,1.332310267857142738e-01,1.368582589285714246e-01,1.342075892857142738e-01,1.340680803571428492e-01,1.360212053571428492e-01,1.325334821428571508e-01,1.365792410714285754e-01,1.314174107142857262e-01,1.336495535714285754e-01,1.364397321428571508e-01,1.333705357142857262e-01,1.332310267857142738e-01,1.319754464285714246e-01,1.344866071428571508e-01,1.347656250000000000e-01,1.330915178571428492e-01,1.335100446428571508e-01,1.350446428571428492e-01,1.340680803571428492e-01,1.340680803571428492e-01,1.351841517857142738e-01,1.356026785714285754e-01,1.315569196428571508e-01,1.343470982142857262e-01,1.330915178571428492e-01,1.322544642857142738e-01,1.300223214285714246e-01,1.363002232142857262e-01,1.305803571428571508e-01
8.035714285714286309e-02,7.924107142857142461e-02,7.826450892857142461e-02,7.686941964285713691e-02,7.714843750000000000e-02,7.645089285714286309e-02,7.672991071428571230e-02,7.435825892857142461e-02,7.575334821428571230e-02,7.686941964285713691e-02,7.784598214285713691e-02,7.463727678571428770e-02,7.505580357142857539e-02,7.686941964285713691e-02,7.631138392857142461e-02,7.672991071428571230e-02,7.742745535714286309e-02,7.700892857142857539e-02,7.840401785714286309e-02,7.882254464285713691e-02,7.491629464285713691e-02,7.756696428571428770e-02,8.105468750000000000e-02,7.770647321428571230e-02,7.672991071428571230e-02,7.700892857142857539e-02,7.700892857142857539e-02,7.798549107142857539e-02,7.617187500000000000e-02,7.756696428571428770e-02,7.812500000000000000e-02,7.812500000000000000e-02,7.589285714285713691e-02,7.924107142857142461e-02,7.840401785714286309e-02,7.449776785714286309e-02,7.589285714285713691e-02,7.603236607142857539e-02,7.547433035714286309e-02,7.505580357142857539e-02,7.826450892857142461e-02,7.435825892857142461e-02
-4.073660714285714385e-02,-4.255022321428571230e-02,-4.450334821428571230e-02,-4.464285714285714385e-02,-4.450334821428571230e-02,-4.645647321428571230e-02,-4.394531250000000000e-02,-4.840959821428571230e-02,-4.603794642857143155e-02,-4.464285714285714385e-02,-4.352678571428571230e-02,-4.575892857142856845e-02,-4.589843750000000000e-02,-4.408482142857143155e-02,-4.394531250000000000e-02,-4.422433035714285615e-02,-4.310825892857143155e-02,-4.715401785714285615e-02,-4.492187500000000000e-02,-4.631696428571428770e-02,-4.896763392857143155e-02,-4.450334821428571230e-02,-4.296875000000000000e-02,-4.561941964285714385e-02,-4.547991071428571230e-02,-4.631696428571428770e-02,-4.561941964285714385e-02,-4.492187500000000000e-02,-4.813058035714285615e-02,-4.589843750000000000e-02,-4.506138392857143155e-02,-4.478236607142856845e-02,-4.771205357142856845e-02,-4.324776785714285615e-02,-4.408482142857143155e-02,-4.813058035714285615e-02,-4.701450892857143155e-02,-4.520089285714285615e-02,-4.757254464285714385e-02,-4.715401785714285615e-02,-4.171316964285714385e-02,-4.785156250000000000e-02
-3.627232142857142981e-03,-4.464285714285714038e-03,-4.882812500000000000e-03,-7.254464285714285962e-03,-6.277901785714285962e-03,-7.533482142857142981e-03,-6.277901785714285962e-03,-9.486607142857142114e-03,-7.952008928571428076e-03,-7.533482142857142981e-03,-6.835937500000000000e-03,-8.370535714285714038e-03,-6.975446428571428943e-03,-5.998883928571428943e-03,-4.743303571428571057e-03,-5.719866071428571057e-03,-5.719866071428571057e-03,-7.952008928571428076e-03,-8.510044642857142114e-03,-7.114955357142857019e-03,-1.032366071428571404e-02,-7.533482142857142981e-03,-5.301339285714285962e-03,-8.231026785714285962e-03,-7.393973214285714038e-03,-9.486607142857142114e-03,-7.393973214285714038e-03,-6.835937500000000000e-03,-8.928571428571428076e-03,-8.231026785714285962e-03,-6.138392857142857019e-03,-6.975446428571428943e-03,-8.510044642857142114e-03,-5.022321428571428943e-03,-5.580357142857142981e-03,-9.626116071428571924e-03,-8.370535714285714038e-03,-6.835937500000000000e-03,-8.510044642857142114e-03,-9.486607142857142114e-03,-3.348214285714285528e-03,-9.486607142857142114e-03
4.617745535714285615e-02,4.408482142857143155e-02,4.394531250000000000e-02,4.031808035714285615e-02,4.045758928571428770e-02,4.115513392857143155e-02,4.129464285714285615e-02,3.920200892857143155e-02,4.059709821428571230e-02,3.948102678571428770e-02,4.157366071428571230e-02,4.157366071428571230e-02,4.227120535714285615e-02,4.227120535714285615e-02,4.534040178571428770e-02,4.380580357142856845e-02,4.268973214285714385e-02,4.171316964285714385e-02,3.864397321428571230e-02,4.268973214285714385e-02,3.822544642857143155e-02,4.171316964285714385e-02,4.324776785714285615e-02,4.115513392857143155e-02,4.045758928571428770e-02,3.934151785714285615e-02,4.185267857142856845e-02,4.185267857142856845e-02,3.934151785714285615e-02,4.073660714285714385e-02,4.199218750000000000e-02,4.185267857142856845e-02,4.171316964285714385e-02,4.310825892857143155e-02,4.380580357142856845e-02,4.017857142857143155e-02,4.185267857142856845e-02,4.087611607142856845e-02,4.059709821428571230e-02,3.850446428571428770e-02,4.478236607142856845e-02,3.920200892857143155e-02
-2.371651785714285528e-03,-2.092633928571428509e-03,-2.790178571428571491e-03,-4.324776785714285962e-03,-4.324776785714285962e-03,-4.743303571428571057e-03,-3.627232142857142981e-03,-6.835937500000000000e-03,-4.743303571428571057e-03,-4.603794642857142981e-03,-4.185267857142857019e-03,-5.998883928571428943e-03,-5.301339285714285962e-03,-4.185267857142857019e-03,-4.603794642857142981e-03,-3.906250000000000000e-03,-3.348214285714285528e-03,-6.556919642857142981e-03,-4.185267857142857019e-03,-3.906250000000000000e-03,-7.952008928571428076e-03,-4.743303571428571057e-03,-2.650669642857142981e-03,-4.464285714285714038e-03,-5.719866071428571057e-03,-5.859375000000000000e-03,-5.440848214285714038e-03,-4.185267857142857019e-03,-5.859375000000000000e-03,-4.882812500000000000e-03,-4.185267857142857019e-03,-4.743303571428571057e-03,-6.277901785714285962e-03,-2.790178571428571491e-03,-3.487723214285714472e-03,-6.975446428571428943e-03,-5.161830357142857019e-03,-4.882812500000000000e-03,-6.417410714285714038e-03,-5.580357142857142981e-03,-2.092633928571428509e-03,-7.393973214285714038e-03
-1.554129464285714246e-01,-1.565290178571428492e-01,-1.570870535714285754e-01,-1.586216517857142738e-01,-1.563895089285714246e-01,-1.572265625000000000e-01,-1.559709821428571508e-01,-1.589006696428571508e-01,-1.577845982142857262e-01,-1.544363839285714246e-01,-1.541573660714285754e-01,-1.586216517857142738e-01,-1.552734375000000000e-01,-1.535993303571428492e-01,-1.573660714285714246e-01,-1.555524553571428492e-01,-1.552734375000000000e-01,-1.644810267857142738e-01,-1.573660714285714246e-01,-1.595982142857142738e-01,-1.612723214285714246e-01,-1.572265625000000000e-01,-1.556919642857142738e-01,-1.609933035714285754e-01,-1.583426339285714246e-01,-1.559709821428571508e-01,-1.607142857142857262e-01,-1.577845982142857262e-01,-1.597377232142857262e-01,-1.558314732142857262e-01,-1.572265625000000000e-01,-1.576450892857142738e-01,-1.594587053571428492e-01,-1.563895089285714246e-01,-1.573660714285714246e-01,-1.591796875000000000e-01,-1.602957589285714246e-01,-1.561104910714285754e-01,-1.590401785714285754e-01,-1.580636160714285754e-01,-1.551339285714285754e-01,-1.579241071428571508e-01
-7.407924107142857539e-02,-7.393973214285713691e-02,-7.435825892857142461e-02,-7.784598214285713691e-02,-7.589285714285713691e-02,-7.603236607142857539e-02,-7.505580357142857539e-02,-7.756696428571428770e-02,-7.575334821428571230e-02,-7.477678571428571230e-02,-7.407924107142857539e-02,-7.798549107142857539e-02,-7.310267857142857539e-02,-7.310267857142857539e-02,-7.393973214285713691e-02,-7.380022321428571230e-02,-7.435825892857142461e-02,-8.021763392857142461e-02,-7.700892857142857539e-02,-7.631138392857142461e-02,-7.938058035714286309e-02,-7.477678571428571230e-02,-7.268415178571428770e-02,-7.882254464285713691e-02,-7.672991071428571230e-02,-7.519531250000000000e-02,-7.798549107142857539e-02,-7.547433035714286309e-02,-7.770647321428571230e-02,-7.366071428571428770e-02,-7.533482142857142461e-02,-7.547433035714286309e-02,-7.700892857142857539e-02,-7.477678571428571230e-02,-7.561383928571428770e-02,-7.728794642857142461e-02,-7.645089285714286309e-02,-7.491629464285713691e-02,-7.756696428571428770e-02,-7.603236607142857539e-02,-7.352120535714286309e-02,-7.686941964285713691e-02
-1.227678571428571404e-02,-1.227678571428571404e-02,-1.185825892857142808e-02,-1.729910714285714385e-02,-1.478794642857142808e-02,-1.339285714285714211e-02,-1.422991071428571404e-02,-1.548549107142857192e-02,-1.381138392857142808e-02,-1.325334821428571404e-02,-1.283482142857142808e-02,-1.464843750000000000e-02,-9.905133928571428076e-03,-1.004464285714285789e-02,-1.088169642857142808e-02,-1.116071428571428596e-02,-1.199776785714285789e-02,-1.632254464285714385e-02,-1.715959821428571577e-02,-1.269531250000000000e-02,-1.715959821428571577e-02,-1.199776785714285789e-02,-1.116071428571428596e-02,-1.506696428571428596e-02,-1.422991071428571404e-02,-1.367187500000000000e-02,-1.464843750000000000e-02,-1.283482142857142808e-02,-1.478794642857142808e-02,-1.171875000000000000e-02,-1.311383928571428596e-02,-1.339285714285714211e-02,-1.325334821428571404e-02,-1.283482142857142808e-02,-1.297433035714285789e-02,-1.436941964285714211e-02,-1.255580357142857192e-02,-1.241629464285714211e-02,-1.450892857142857192e-02,-1.464843750000000000e-02,-1.116071428571428596e-02,-1.409040178571428596e-02
-4.506138392857143155e-02,-4.534040178571428770e-02,-4.575892857142856845e-02,-4.771205357142856845e-02,-4.687500000000000000e-02,-4.547991071428571230e-02,-4.659598214285714385e-02,-4.785156250000000000e-02,-4.743303571428571230e-02,-4.575892857142856845e-02,-4.547991071428571230e-02,-4.924665178571428770e-02,-4.547991071428571230e-02,-4.506138392857143155e-02,-4.701450892857143155e-02,-4.547991071428571230e-02,-4.617745535714285615e-02,-5.078125000000000000e-02,-4.673549107142856845e-02,-4.757254464285714385e-02,-5.022321428571428770e-02,-4.659598214285714385e-02,-4.464285714285714385e-02,-4.785156250000000000e-02,-4.771205357142856845e-02,-4.617745535714285615e-02,-4.868861607142856845e-02,-4.547991071428571230e-02,-4.827008928571428770e-02,-4.520089285714285615e-02,-4.687500000000000000e-02,-4.715401785714285615e-02,-4.827008928571428770e-02,-4.575892857142856845e-02,-4.659598214285714385e-02,-4.701450892857143155e-02,-4.729352678571428770e-02,-4.645647321428571230e-02,-4.743303571428571230e-02,-4.687500000000000000e-02,-4.506138392857143155e-02,-4.868861607142856845e-02
-2.448381696428571508e-01,-2.446986607142857262e-01,-2.342354910714285754e-01,-2.445591517857142738e-01,-2.370256696428571508e-01,-2.363281250000000000e-01,-2.396763392857142738e-01,-2.352120535714285754e-01,-2.417689732142857262e-01,-2.306082589285714246e-01,-2.324218750000000000e-01,-2.424665178571428492e-01,-2.286551339285714246e-01,-2.279575892857142738e-01,-2.364676339285714246e-01,-2.402343750000000000e-01,-2.359095982142857262e-01,-2.541852678571428492e-01,-2.377232142857142738e-01,-2.424665178571428492e-01,-2.417689732142857262e-01,-2.400948660714285754e-01,-2.328404017857142738e-01,-2.493024553571428492e-01,-2.357700892857142738e-01,-2.324218750000000000e-01,-2.444196428571428492e-01,-2.446986607142857262e-01,-2.412109375000000000e-01,-2.315848214285714246e-01,-2.356305803571428492e-01,-2.367466517857142738e-01,-2.380022321428571508e-01,-2.469308035714285754e-01,-2.405133928571428492e-01,-2.406529017857142738e-01,-2.406529017857142738e-01,-2.391183035714285754e-01,-2.393973214285714246e-01,-2.377232142857142738e-01,-2.391183035714285754e-01,-2.381417410714285754e-01
-1.063058035714285754e-01,-1.053292410714285754e-01,-9.751674107142857539e-02,-1.061662946428571369e-01,-1.008649553571428631e-01,-9.863281250000000000e-02,-1.032366071428571369e-01,-9.933035714285713691e-02,-1.037946428571428631e-01,-9.751674107142857539e-02,-9.765625000000000000e-02,-1.053292410714285754e-01,-9.305245535714286309e-02,-9.361049107142857539e-02,-9.877232142857142461e-02,-1.017020089285714246e-01,-9.974888392857142461e-02,-1.120256696428571369e-01,-1.010044642857142877e-01,-1.021205357142857123e-01,-1.037946428571428631e-01,-1.022600446428571369e-01,-9.598214285714286309e-02,-1.079799107142857123e-01,-9.974888392857142461e-02,-9.626116071428571230e-02,-1.037946428571428631e-01,-1.044921875000000000e-01,-1.036551339285714246e-01,-9.556361607142857539e-02,-9.807477678571428770e-02,-1.004464285714285754e-01,-1.001674107142857123e-01,-1.081194196428571369e-01,-1.036551339285714246e-01,-1.019810267857142877e-01,-1.008649553571428631e-01,-1.025390625000000000e-01,-1.012834821428571369e-01,-1.018415178571428631e-01,-1.019810267857142877e-01,-1.015625000000000000e-01
-2.636718750000000000e-02,-2.594866071428571577e-02,-1.729910714285714385e-02,-2.790178571428571577e-02,-2.287946428571428423e-02,-2.008928571428571577e-02,-2.399553571428571577e-02,-2.106584821428571577e-02,-2.441406250000000000e-02,-2.064732142857142808e-02,-2.078683035714285615e-02,-2.511160714285714385e-02,-1.548549107142857192e-02,-1.618303571428571577e-02,-1.883370535714285615e-02,-2.162388392857142808e-02,-2.022879464285714385e-02,-2.943638392857142808e-02,-2.301897321428571577e-02,-2.162388392857142808e-02,-2.399553571428571577e-02,-2.218191964285714385e-02,-1.813616071428571577e-02,-2.608816964285714385e-02,-2.092633928571428423e-02,-1.869419642857142808e-02,-2.343750000000000000e-02,-2.455357142857142808e-02,-2.357700892857142808e-02,-1.771763392857142808e-02,-1.939174107142857192e-02,-2.106584821428571577e-02,-2.050781250000000000e-02,-2.776227678571428423e-02,-2.357700892857142808e-02,-2.329799107142857192e-02,-2.106584821428571577e-02,-2.357700892857142808e-02,-2.134486607142857192e-02,-2.273995535714285615e-02,-2.176339285714285615e-02,-2.218191964285714385e-02
-4.464285714285714385e-02,-4.450334821428571230e-02,-4.129464285714285615e-02,-4.534040178571428770e-02,-4.255022321428571230e-02,-4.045758928571428770e-02,-4.408482142857143155e-02,-4.241071428571428770e-02,-4.492187500000000000e-02,-4.045758928571428770e-02,-3.934151785714285615e-02,-4.589843750000000000e-02,-3.836495535714285615e-02,-3.850446428571428770e-02,-4.310825892857143155e-02,-4.296875000000000000e-02,-4.199218750000000000e-02,-4.952566964285714385e-02,-4.171316964285714385e-02,-4.171316964285714385e-02,-4.394531250000000000e-02,-4.310825892857143155e-02,-3.850446428571428770e-02,-4.506138392857143155e-02,-4.143415178571428770e-02,-3.878348214285714385e-02,-4.436383928571428770e-02,-4.422433035714285615e-02,-4.338727678571428770e-02,-3.850446428571428770e-02,-4.157366071428571230e-02,-4.255022321428571230e-02,-4.213169642857143155e-02,-4.617745535714285615e-02,-4.352678571428571230e-02,-4.324776785714285615e-02,-4.241071428571428770e-02,-4.352678571428571230e-02,-4.268973214285714385e-02,-4.241071428571428770e-02,-4.324776785714285615e-02,-4.436383928571428770e-02
-1.742466517857142738e-01,-1.729910714285714246e-01,-1.629464285714285754e-01,-1.773158482142857262e-01,-1.732700892857142738e-01,-1.711774553571428492e-01,-1.674107142857142738e-01,-1.678292410714285754e-01,-1.731305803571428492e-01,-1.584821428571428492e-01,-1.683872767857142738e-01,-1.794084821428571508e-01,-1.580636160714285754e-01,-1.586216517857142738e-01,-1.650390625000000000e-01,-1.760602678571428492e-01,-1.657366071428571508e-01,-1.806640625000000000e-01,-1.685267857142857262e-01,-1.746651785714285754e-01,-1.732700892857142738e-01,-1.664341517857142738e-01,-1.615513392857142738e-01,-1.796875000000000000e-01,-1.628069196428571508e-01,-1.660156250000000000e-01,-1.768973214285714246e-01,-1.763392857142857262e-01,-1.753627232142857262e-01,-1.682477678571428492e-01,-1.629464285714285754e-01,-1.682477678571428492e-01,-1.710379464285714246e-01,-1.742466517857142738e-01,-1.714564732142857262e-01,-1.741071428571428492e-01,-1.746651785714285754e-01,-1.661551339285714246e-01,-1.704799107142857262e-01,-1.708984375000000000e-01,-1.655970982142857262e-01,-1.699218750000000000e-01
-4.799107142857143155e-02,-4.813058035714285615e-02,-3.906250000000000000e-02,-5.189732142857143155e-02,-4.910714285714285615e-02,-4.645647321428571230e-02,-4.436383928571428770e-02,-4.575892857142856845e-02,-4.715401785714285615e-02,-3.808593750000000000e-02,-4.478236607142856845e-02,-5.426897321428571230e-02,-3.501674107142856845e-02,-3.710937500000000000e-02,-4.031808035714285615e-02,-5.022321428571428770e-02,-4.241071428571428770e-02,-5.231584821428571230e-02,-4.589843750000000000e-02,-4.799107142857143155e-02,-4.840959821428571230e-02,-4.115513392857143155e-02,-3.906250000000000000e-02,-5.217633928571428770e-02,-3.892299107142856845e-02,-4.268973214285714385e-02,-5.106026785714285615e-02,-5.036272321428571230e-02,-5.036272321428571230e-02,-4.478236607142856845e-02,-3.920200892857143155e-02,-4.464285714285714385e-02,-4.645647321428571230e-02,-4.952566964285714385e-02,-4.701450892857143155e-02,-4.882812500000000000e-02,-4.785156250000000000e-02,-4.310825892857143155e-02,-4.575892857142856845e-02,-4.771205357142856845e-02,-4.157366071428571230e-02,-4.701450892857143155e-02
2.287946428571428423e-02,2.273995535714285615e-02,3.222656250000000000e-02,1.813616071428571577e-02,2.064732142857142808e-02,2.469308035714285615e-02,2.525111607142857192e-02,2.371651785714285615e-02,2.273995535714285615e-02,3.027343750000000000e-02,2.343750000000000000e-02,1.618303571428571577e-02,3.417968750000000000e-02,3.152901785714285615e-02,3.027343750000000000e-02,2.162388392857142808e-02,2.734375000000000000e-02,1.994977678571428423e-02,2.287946428571428423e-02,2.273995535714285615e-02,2.315848214285714385e-02,2.915736607142857192e-02,2.999441964285714385e-02,2.008928571428571577e-02,2.985491071428571577e-02,2.566964285714285615e-02,2.078683035714285615e-02,2.106584821428571577e-02,2.022879464285714385e-02,2.427455357142857192e-02,3.083147321428571577e-02,2.566964285714285615e-02,2.469308035714285615e-02,2.204241071428571577e-02,2.287946428571428423e-02,2.092633928571428423e-02,2.343750000000000000e-02,2.706473214285714385e-02,2.413504464285714385e-02,2.260044642857142808e-02,2.859933035714285615e-02,2.371651785714285615e-02
-7.812500000000000000e-03,-7.952008928571428076e-03,-3.208705357142857019e-03,-1.032366071428571404e-02,-9.207589285714285962e-03,-6.556919642857142981e-03,-6.138392857142857019e-03,-7.672991071428571057e-03,-8.370535714285714038e-03,-2.371651785714285528e-03,-5.580357142857142981e-03,-1.311383928571428596e-02,-1.255580357142857236e-03,-1.813616071428571491e-03,-4.882812500000000000e-03,-1.074218750000000000e-02,-5.440848214285714038e-03,-1.143973214285714211e-02,-5.998883928571428943e-03,-7.533482142857142981e-03,-7.952008928571428076e-03,-4.603794642857142981e-03,-6.975446428571428726e-04,-9.765625000000000000e-03,-3.348214285714285528e-03,-4.464285714285714038e-03,-1.060267857142857192e-02,-9.765625000000000000e-03,-9.068080357142857886e-03,-5.440848214285714038e-03,-2.929687500000000000e-03,-5.998883928571428943e-03,-7.533482142857142981e-03,-8.789062500000000000e-03,-8.091517857142857886e-03,-9.347098214285714038e-03,-8.789062500000000000e-03,-5.719866071428571057e-03,-7.393973214285714038e-03,-7.952008928571428076e-03,-4.045758928571428943e-03,-8.231026785714285962e-03
-1.681082589285714246e-01,-1.676897321428571508e-01,-1.633649553571428492e-01,-1.742466517857142738e-01,-1.692243303571428492e-01,-1.671316964285714246e-01,-1.671316964285714246e-01,-1.675502232142857262e-01,-1.685267857142857262e-01,-1.602957589285714246e-01,-1.647600446428571508e-01,-1.746651785714285754e-01,-1.565290178571428492e-01,-1.558314732142857262e-01,-1.635044642857142738e-01,-1.700613839285714246e-01,-1.637834821428571508e-01,-1.755022321428571508e-01,-1.661551339285714246e-01,-1.711774553571428492e-01,-1.697823660714285754e-01,-1.646205357142857262e-01,-1.605747767857142738e-01,-1.755022321428571508e-01,-1.623883928571428492e-01,-1.629464285714285754e-01,-1.739676339285714246e-01,-1.714564732142857262e-01,-1.706194196428571508e-01,-1.640625000000000000e-01,-1.639229910714285754e-01,-1.678292410714285754e-01,-1.692243303571428492e-01,-1.692243303571428492e-01,-1.690848214285714246e-01,-1.700613839285714246e-01,-1.708984375000000000e-01,-1.628069196428571508e-01,-1.665736607142857262e-01,-1.674107142857142738e-01,-1.642020089285714246e-01,-1.661551339285714246e-01
-1.222098214285714246e-01,-1.216517857142857123e-01,-1.171875000000000000e-01,-1.282087053571428492e-01,-1.230468750000000000e-01,-1.210937500000000000e-01,-1.219308035714285754e-01,-1.230468750000000000e-01,-1.224888392857142877e-01,-1.159319196428571369e-01,-1.198381696428571369e-01,-1.280691964285714246e-01,-1.120256696428571369e-01,-1.113281250000000000e-01,-1.174665178571428631e-01,-1.237444196428571369e-01,-1.188616071428571369e-01,-1.280691964285714246e-01,-1.203962053571428631e-01,-1.245814732142857123e-01,-1.237444196428571369e-01,-1.192801339285714246e-01,-1.159319196428571369e-01,-1.283482142857142738e-01,-1.164899553571428631e-01,-1.178850446428571369e-01,-1.265345982142857262e-01,-1.248604910714285754e-01,-1.247209821428571369e-01,-1.194196428571428631e-01,-1.184430803571428631e-01,-1.208147321428571369e-01,-1.227678571428571369e-01,-1.226283482142857123e-01,-1.231863839285714246e-01,-1.245814732142857123e-01,-1.245814732142857123e-01,-1.180245535714285754e-01,-1.209542410714285754e-01,-1.230468750000000000e-01,-1.190011160714285754e-01,-1.199776785714285754e-01
-4.603794642857143155e-02,-4.645647321428571230e-02,-4.394531250000000000e-02,-5.412946428571428770e-02,-4.938616071428571230e-02,-4.631696428571428770e-02,-4.910714285714285615e-02,-4.980468750000000000e-02,-4.827008928571428770e-02,-4.338727678571428770e-02,-4.701450892857143155e-02,-5.287388392857143155e-02,-3.836495535714285615e-02,-3.934151785714285615e-02,-4.255022321428571230e-02,-4.827008928571428770e-02,-4.492187500000000000e-02,-5.119977678571428770e-02,-4.799107142857143155e-02,-4.896763392857143155e-02,-4.868861607142856845e-02,-4.534040178571428770e-02,-4.213169642857143155e-02,-5.147879464285714385e-02,-4.282924107142856845e-02,-4.478236607142856845e-02,-5.119977678571428770e-02,-4.882812500000000000e-02,-4.994419642857143155e-02,-4.589843750000000000e-02,-4.422433035714285615e-02,-4.771205357142856845e-02,-4.827008928571428770e-02,-4.771205357142856845e-02,-4.854910714285714385e-02,-5.008370535714285615e-02,-4.785156250000000000e-02,-4.547991071428571230e-02,-4.617745535714285615e-02,-4.854910714285714385e-02,-4.436383928571428770e-02,-4.617745535714285615e-02
-7.059151785714286309e-02,-7.003348214285713691e-02,-6.780133928571428770e-02,-7.366071428571428770e-02,-7.114955357142857539e-02,-6.975446428571428770e-02,-7.017299107142857539e-02,-7.128906250000000000e-02,-7.156808035714286309e-02,-6.710379464285713691e-02,-6.794084821428571230e-02,-7.477678571428571230e-02,-6.542968750000000000e-02,-6.403459821428571230e-02,-6.947544642857142461e-02,-7.170758928571428770e-02,-6.989397321428571230e-02,-7.449776785714286309e-02,-6.947544642857142461e-02,-7.031250000000000000e-02,-7.184709821428571230e-02,-6.835937500000000000e-02,-6.612723214285713691e-02,-7.282366071428571230e-02,-6.738281250000000000e-02,-6.821986607142857539e-02,-7.393973214285713691e-02,-7.226562500000000000e-02,-7.128906250000000000e-02,-6.710379464285713691e-02,-6.821986607142857539e-02,-7.003348214285713691e-02,-7.101004464285713691e-02,-7.059151785714286309e-02,-7.156808035714286309e-02,-7.198660714285713691e-02,-7.268415178571428770e-02,-6.835937500000000000e-02,-6.933593750000000000e-02,-7.101004464285713691e-02,-6.863839285714286309e-02,-7.087053571428571230e-02
-2.063337053571428492e-01,-2.039620535714285754e-01,-2.041015625000000000e-01,-2.180524553571428492e-01,-2.170758928571428492e-01,-2.148437500000000000e-01,-2.057756696428571508e-01,-2.142857142857142738e-01,-2.184709821428571508e-01,-2.003348214285714246e-01,-2.145647321428571508e-01,-2.184709821428571508e-01,-2.020089285714285754e-01,-1.972656250000000000e-01,-2.080078125000000000e-01,-2.194475446428571508e-01,-2.052176339285714246e-01,-1.823381696428571508e-01,-2.156808035714285754e-01,-2.202845982142857262e-01,-2.200055803571428492e-01,-2.036830357142857262e-01,-2.000558035714285754e-01,-2.239118303571428492e-01,-2.036830357142857262e-01,-2.099609375000000000e-01,-2.216796875000000000e-01,-2.186104910714285754e-01,-2.218191964285714246e-01,-2.147042410714285754e-01,-2.060546875000000000e-01,-2.177734375000000000e-01,-2.165178571428571508e-01,-2.081473214285714246e-01,-2.064732142857142738e-01,-2.181919642857142738e-01,-2.198660714285714246e-01,-2.027064732142857262e-01,-2.147042410714285754e-01,-2.152622767857142738e-01,-2.043805803571428492e-01,-2.165178571428571508e-01
-7.142857142857142461e-02,-6.919642857142857539e-02,-6.905691964285713691e-02,-8.342633928571428770e-02,-8.077566964285713691e-02,-7.840401785714286309e-02,-7.170758928571428770e-02,-7.910156250000000000e-02,-8.175223214285713691e-02,-6.710379464285713691e-02,-8.007812500000000000e-02,-8.203125000000000000e-02,-6.821986607142857539e-02,-6.542968750000000000e-02,-7.170758928571428770e-02,-8.203125000000000000e-02,-7.114955357142857539e-02,-5.106026785714285615e-02,-8.077566964285713691e-02,-8.063616071428571230e-02,-8.286830357142857539e-02,-6.849888392857142461e-02,-6.584821428571428770e-02,-8.426339285714286309e-02,-6.794084821428571230e-02,-7.589285714285713691e-02,-8.314732142857142461e-02,-8.035714285714286309e-02,-8.356584821428571230e-02,-7.924107142857142461e-02,-7.101004464285713691e-02,-8.049665178571428770e-02,-8.007812500000000000e-02,-7.282366071428571230e-02,-7.142857142857142461e-02,-8.189174107142857539e-02,-8.161272321428571230e-02,-6.919642857142857539e-02,-7.826450892857142461e-02,-7.965959821428571230e-02,-6.961495535714286309e-02,-7.979910714285713691e-02
4.882812500000000000e-03,6.556919642857142981e-03,5.998883928571428943e-03,-6.417410714285714038e-03,-5.580357142857142981e-03,-1.255580357142857236e-03,2.650669642857142981e-03,-4.882812500000000000e-03,-4.882812500000000000e-03,5.301339285714285962e-03,-5.301339285714285962e-03,-5.440848214285714038e-03,6.835937500000000000e-03,7.812500000000000000e-03,4.603794642857142981e-03,-5.022321428571428943e-03,4.045758928571428943e-03,2.120535714285714385e-02,-5.301339285714285962e-03,-4.045758928571428943e-03,-5.440848214285714038e-03,6.556919642857142981e-03,8.091517857142857886e-03,-5.580357142857142981e-03,5.859375000000000000e-03,9.765625000000000000e-04,-4.743303571428571057e-03,-2.371651785714285528e-03,-6.138392857142857019e-03,-3.487723214285714472e-03,3.069196428571428509e-03,-4.603794642857142981e-03,-2.650669642857142981e-03,2.092633928571428509e-03,4.045758928571428943e-03,-4.743303571428571057e-03,-3.766741071428571491e-03,4.882812500000000000e-03,-2.511160714285714472e-03,-3.069196428571428509e-03,5.440848214285714038e-03,-4.603794642857142981e-03
-2.134486607142857192e-02,-2.022879464285714385e-02,-2.064732142857142808e-02,-2.859933035714285615e-02,-2.790178571428571577e-02,-2.566964285714285615e-02,-2.246093750000000000e-02,-2.692522321428571577e-02,-2.845982142857142808e-02,-1.967075892857142808e-02,-2.678571428571428423e-02,-2.859933035714285615e-02,-2.148437500000000000e-02,-1.869419642857142808e-02,-2.371651785714285615e-02,-2.915736607142857192e-02,-2.260044642857142808e-02,-9.765625000000000000e-03,-2.692522321428571577e-02,-2.664620535714285615e-02,-2.887834821428571577e-02,-2.064732142857142808e-02,-1.771763392857142808e-02,-2.845982142857142808e-02,-2.036830357142857192e-02,-2.427455357142857192e-02,-2.929687500000000000e-02,-2.734375000000000000e-02,-2.901785714285714385e-02,-2.511160714285714385e-02,-2.190290178571428423e-02,-2.776227678571428423e-02,-2.720424107142857192e-02,-2.162388392857142808e-02,-2.232142857142857192e-02,-2.776227678571428423e-02,-2.818080357142857192e-02,-2.120535714285714385e-02,-2.664620535714285615e-02,-2.664620535714285615e-02,-2.120535714285714385e-02,-2.859933035714285615e-02
-9.835379464285713691e-02,-9.681919642857142461e-02,-9.863281250000000000e-02,-1.088169642857142877e-01,-1.083984375000000000e-01,-1.061662946428571369e-01,-9.793526785714286309e-02,-1.079799107142857123e-01,-1.102120535714285754e-01,-9.640066964285713691e-02,-1.058872767857142877e-01,-1.097935267857142877e-01,-9.905133928571428770e-02,-9.528459821428571230e-02,-1.028180803571428631e-01,-1.104910714285714246e-01,-9.919084821428571230e-02,-8.035714285714286309e-02,-1.065848214285714246e-01,-1.097935267857142877e-01,-1.092354910714285754e-01,-9.751674107142857539e-02,-9.528459821428571230e-02,-1.110491071428571369e-01,-9.877232142857142461e-02,-1.037946428571428631e-01,-1.114676339285714246e-01,-1.081194196428571369e-01,-1.106305803571428631e-01,-1.058872767857142877e-01,-1.005859375000000000e-01,-1.086774553571428631e-01,-1.097935267857142877e-01,-9.988839285714286309e-02,-9.877232142857142461e-02,-1.093750000000000000e-01,-1.096540178571428631e-01,-9.779575892857142461e-02,-1.078404017857142877e-01,-1.075613839285714246e-01,-9.807477678571428770e-02,-1.097935267857142877e-01
1.757812500000000000e-02,1.994977678571428423e-02,1.869419642857142808e-02,7.952008928571428076e-03,9.207589285714285962e-03,1.157924107142857192e-02,1.660156250000000000e-02,8.928571428571428076e-03,8.091517857142857886e-03,1.911272321428571577e-02,9.347098214285714038e-03,7.393973214285714038e-03,1.771763392857142808e-02,1.953125000000000000e-02,1.576450892857142808e-02,8.370535714285714038e-03,1.562500000000000000e-02,3.417968750000000000e-02,9.905133928571428076e-03,1.018415178571428596e-02,8.928571428571428076e-03,1.911272321428571577e-02,2.120535714285714385e-02,9.068080357142857886e-03,1.799665178571428423e-02,1.325334821428571404e-02,7.812500000000000000e-03,1.004464285714285789e-02,8.231026785714285962e-03,1.116071428571428596e-02,1.729910714285714385e-02,9.626116071428571924e-03,9.905133928571428076e-03,1.743861607142857192e-02,1.743861607142857192e-02,8.649553571428571924e-03,8.928571428571428076e-03,1.827566964285714385e-02,1.032366071428571404e-02,1.018415178571428596e-02,1.813616071428571577e-02,8.091517857142857886e-03
7.910156250000000000e-02,8.175223214285713691e-02,8.049665178571428770e-02,7.017299107142857539e-02,7.003348214285713691e-02,7.449776785714286309e-02,7.631138392857142461e-02,7.087053571428571230e-02,7.059151785714286309e-02,7.840401785714286309e-02,7.059151785714286309e-02,7.017299107142857539e-02,7.993861607142857539e-02,7.965959821428571230e-02,7.840401785714286309e-02,7.240513392857142461e-02,7.756696428571428770e-02,9.305245535714286309e-02,7.170758928571428770e-02,7.352120535714286309e-02,7.142857142857142461e-02,7.993861607142857539e-02,8.147321428571428770e-02,7.198660714285713691e-02,7.910156250000000000e-02,7.477678571428571230e-02,7.101004464285713691e-02,7.380022321428571230e-02,7.142857142857142461e-02,7.198660714285713691e-02,7.728794642857142461e-02,7.142857142857142461e-02,7.254464285714286309e-02,7.840401785714286309e-02,7.868303571428571230e-02,7.087053571428571230e-02,7.296316964285713691e-02,7.868303571428571230e-02,7.198660714285713691e-02,7.198660714285713691e-02,7.938058035714286309e-02,7.045200892857142461e-02
3.641183035714285615e-02,3.752790178571428770e-02,3.613281250000000000e-02,2.999441964285714385e-02,3.027343750000000000e-02,3.250558035714285615e-02,3.557477678571428770e-02,2.971540178571428423e-02,2.929687500000000000e-02,3.543526785714285615e-02,3.083147321428571577e-02,2.859933035714285615e-02,3.445870535714285615e-02,3.669084821428571230e-02,3.250558035714285615e-02,2.971540178571428423e-02,3.390066964285714385e-02,4.659598214285714385e-02,3.125000000000000000e-02,3.208705357142856845e-02,2.985491071428571577e-02,3.710937500000000000e-02,3.948102678571428770e-02,3.097098214285714385e-02,3.557477678571428770e-02,3.278459821428571230e-02,2.901785714285714385e-02,3.097098214285714385e-02,2.999441964285714385e-02,3.278459821428571230e-02,3.501674107142856845e-02,3.013392857142857192e-02,2.971540178571428423e-02,3.571428571428571230e-02,3.529575892857143155e-02,2.999441964285714385e-02,3.027343750000000000e-02,3.599330357142856845e-02,3.138950892857143155e-02,3.097098214285714385e-02,3.557477678571428770e-02,2.845982142857142808e-02
-1.180245535714285754e-01,-1.142578125000000000e-01,-1.162109375000000000e-01,-1.223493303571428631e-01,-1.208147321428571369e-01,-1.192801339285714246e-01,-1.169084821428571369e-01,-1.222098214285714246e-01,-1.237444196428571369e-01,-1.135602678571428631e-01,-1.196986607142857123e-01,-1.230468750000000000e-01,-1.176060267857142877e-01,-1.135602678571428631e-01,-1.198381696428571369e-01,-1.219308035714285754e-01,-1.176060267857142877e-01,-8.635602678571428770e-02,-1.215122767857142877e-01,-1.237444196428571369e-01,-1.247209821428571369e-01,-1.155133928571428631e-01,-1.146763392857142877e-01,-1.258370535714285754e-01,-1.184430803571428631e-01,-1.198381696428571369e-01,-1.259765625000000000e-01,-1.234654017857142877e-01,-1.248604910714285754e-01,-1.202566964285714246e-01,-1.198381696428571369e-01,-1.236049107142857123e-01,-1.236049107142857123e-01,-1.194196428571428631e-01,-1.174665178571428631e-01,-1.240234375000000000e-01,-1.233258928571428631e-01,-1.162109375000000000e-01,-1.195591517857142877e-01,-1.212332589285714246e-01,-1.176060267857142877e-01,-1.212332589285714246e-01
-7.491629464285713691e-02,-7.156808035714286309e-02,-7.421875000000000000e-02,-7.979910714285713691e-02,-7.826450892857142461e-02,-7.603236607142857539e-02,-7.519531250000000000e-02,-7.952008928571428770e-02,-8.049665178571428770e-02,-7.226562500000000000e-02,-7.840401785714286309e-02,-7.965959821428571230e-02,-7.421875000000000000e-02,-7.226562500000000000e-02,-7.631138392857142461e-02,-7.826450892857142461e-02,-7.575334821428571230e-02,-4.282924107142856845e-02,-7.896205357142857539e-02,-8.049665178571428770e-02,-8.175223214285713691e-02,-7.296316964285713691e-02,-7.212611607142857539e-02,-8.175223214285713691e-02,-7.561383928571428770e-02,-7.714843750000000000e-02,-8.244977678571428770e-02,-8.035714285714286309e-02,-8.091517857142857539e-02,-7.798549107142857539e-02,-7.756696428571428770e-02,-8.063616071428571230e-02,-8.021763392857142461e-02,-7.645089285714286309e-02,-7.477678571428571230e-02,-8.077566964285713691e-02,-7.952008928571428770e-02,-7.366071428571428770e-02,-7.728794642857142461e-02,-7.770647321428571230e-02,-7.505580357142857539e-02,-7.868303571428571230e-02
-1.297433035714285789e-02,-1.004464285714285789e-02,-1.116071428571428596e-02,-1.771763392857142808e-02,-1.660156250000000000e-02,-1.339285714285714211e-02,-1.409040178571428596e-02,-1.743861607142857192e-02,-1.729910714285714385e-02,-1.199776785714285789e-02,-1.646205357142857192e-02,-1.562500000000000000e-02,-1.143973214285714211e-02,-1.060267857142857192e-02,-1.325334821428571404e-02,-1.506696428571428596e-02,-1.464843750000000000e-02,1.241629464285714211e-02,-1.674107142857142808e-02,-1.520647321428571404e-02,-1.813616071428571577e-02,-1.102120535714285789e-02,-1.074218750000000000e-02,-1.785714285714285615e-02,-1.269531250000000000e-02,-1.478794642857142808e-02,-1.702008928571428423e-02,-1.632254464285714385e-02,-1.688058035714285615e-02,-1.660156250000000000e-02,-1.562500000000000000e-02,-1.688058035714285615e-02,-1.604352678571428423e-02,-1.395089285714285789e-02,-1.311383928571428596e-02,-1.757812500000000000e-02,-1.548549107142857192e-02,-1.116071428571428596e-02,-1.367187500000000000e-02,-1.618303571428571577e-02,-1.269531250000000000e-02,-1.520647321428571404e-02
-4.282924107142856845e-02,-4.087611607142856845e-02,-4.310825892857143155e-02,-4.575892857142856845e-02,-4.506138392857143155e-02,-4.324776785714285615e-02,-4.310825892857143155e-02,-4.687500000000000000e-02,-4.701450892857143155e-02,-4.255022321428571230e-02,-4.478236607142856845e-02,-4.687500000000000000e-02,-4.450334821428571230e-02,-4.171316964285714385e-02,-4.645647321428571230e-02,-4.506138392857143155e-02,-4.450334821428571230e-02,-2.427455357142857192e-02,-4.520089285714285615e-02,-4.506138392857143155e-02,-4.757254464285714385e-02,-4.268973214285714385e-02,-4.045758928571428770e-02,-4.617745535714285615e-02,-4.464285714285714385e-02,-4.464285714285714385e-02,-4.840959821428571230e-02,-4.603794642857143155e-02,-4.715401785714285615e-02,-4.408482142857143155e-02,-4.492187500000000000e-02,-4.673549107142856845e-02,-4.729352678571428770e-02,-4.422433035714285615e-02,-4.338727678571428770e-02,-4.603794642857143155e-02,-4.603794642857143155e-02,-4.282924107142856845e-02,-4.394531250000000000e-02,-4.506138392857143155e-02,-4.394531250000000000e-02,-4.673549107142856845e-02
-2.088448660714285754e-01,-2.053571428571428492e-01,-2.087053571428571508e-01,-2.119140625000000000e-01,-2.087053571428571508e-01,-2.077287946428571508e-01,-2.101004464285714246e-01,-2.120535714285714246e-01,-2.137276785714285754e-01,-2.053571428571428492e-01,-2.085658482142857262e-01,-2.117745535714285754e-01,-2.095424107142857262e-01,-2.024274553571428492e-01,-2.124720982142857262e-01,-2.117745535714285754e-01,-2.077287946428571508e-01,-1.824776785714285754e-01,-2.087053571428571508e-01,-2.137276785714285754e-01,-2.142857142857142738e-01,-2.075892857142857262e-01,-2.043805803571428492e-01,-2.148437500000000000e-01,-2.085658482142857262e-01,-2.095424107142857262e-01,-2.159598214285714246e-01,-2.128906250000000000e-01,-2.133091517857142738e-01,-2.088448660714285754e-01,-2.114955357142857262e-01,-2.119140625000000000e-01,-2.145647321428571508e-01,-2.094029017857142738e-01,-2.092633928571428492e-01,-2.145647321428571508e-01,-2.128906250000000000e-01,-2.075892857142857262e-01,-2.075892857142857262e-01,-2.098214285714285754e-01,-2.075892857142857262e-01,-2.087053571428571508e-01
-7.700892857142857539e-02,-7.463727678571428770e-02,-7.812500000000000000e-02,-8.147321428571428770e-02,-7.910156250000000000e-02,-7.742745535714286309e-02,-8.077566964285713691e-02,-8.258928571428571230e-02,-8.161272321428571230e-02,-7.784598214285713691e-02,-7.924107142857142461e-02,-8.203125000000000000e-02,-7.840401785714286309e-02,-7.393973214285713691e-02,-8.091517857142857539e-02,-8.007812500000000000e-02,-7.910156250000000000e-02,-5.859375000000000000e-02,-7.826450892857142461e-02,-8.119419642857142461e-02,-8.231026785714286309e-02,-7.770647321428571230e-02,-7.533482142857142461e-02,-8.217075892857142461e-02,-7.756696428571428770e-02,-7.840401785714286309e-02,-8.328683035714286309e-02,-8.077566964285713691e-02,-8.189174107142857539e-02,-7.938058035714286309e-02,-8.049665178571428770e-02,-8.119419642857142461e-02,-8.314732142857142461e-02,-7.938058035714286309e-02,-7.868303571428571230e-02,-8.203125000000000000e-02,-8.091517857142857539e-02,-7.756696428571428770e-02,-7.756696428571428770e-02,-8.049665178571428770e-02,-7.826450892857142461e-02,-7.938058035714286309e-02
1.813616071428571491e-03,4.882812500000000000e-03,1.395089285714285745e-03,-2.232142857142857019e-03,-5.580357142857142547e-04,1.813616071428571491e-03,-1.534598214285714255e-03,-1.255580357142857236e-03,-1.255580357142857236e-03,1.395089285714285637e-04,-9.765625000000000000e-04,-9.765625000000000000e-04,2.092633928571428509e-03,3.627232142857142981e-03,4.185267857142856911e-04,5.580357142857142547e-04,-9.765625000000000000e-04,1.632254464285714385e-02,8.370535714285713821e-04,1.116071428571428509e-03,-6.975446428571428726e-04,1.953125000000000000e-03,3.208705357142857019e-03,-1.116071428571428509e-03,2.650669642857142981e-03,5.580357142857142547e-04,-1.953125000000000000e-03,-4.185267857142856911e-04,-6.975446428571428726e-04,-2.790178571428571274e-04,-5.580357142857142547e-04,-1.255580357142857236e-03,-1.395089285714285745e-03,4.185267857142856911e-04,8.370535714285713821e-04,-1.813616071428571491e-03,8.370535714285713821e-04,1.674107142857142764e-03,2.371651785714285528e-03,-1.395089285714285637e-04,1.395089285714285745e-03,-1.395089285714285637e-04
-2.092633928571428423e-02,-2.036830357142857192e-02,-2.260044642857142808e-02,-2.385602678571428423e-02,-2.260044642857142808e-02,-2.078683035714285615e-02,-2.427455357142857192e-02,-2.580915178571428423e-02,-2.497209821428571577e-02,-2.287946428571428423e-02,-2.218191964285714385e-02,-2.525111607142857192e-02,-2.371651785714285615e-02,-2.106584821428571577e-02,-2.525111607142857192e-02,-2.399553571428571577e-02,-2.385602678571428423e-02,-1.143973214285714211e-02,-2.232142857142857192e-02,-2.246093750000000000e-02,-2.483258928571428423e-02,-2.232142857142857192e-02,-1.939174107142857192e-02,-2.329799107142857192e-02,-2.315848214285714385e-02,-2.218191964285714385e-02,-2.553013392857142808e-02,-2.357700892857142808e-02,-2.371651785714285615e-02,-2.190290178571428423e-02,-2.371651785714285615e-02,-2.497209821428571577e-02,-2.483258928571428423e-02,-2.287946428571428423e-02,-2.357700892857142808e-02,-2.441406250000000000e-02,-2.399553571428571577e-02,-2.315848214285714385e-02,-2.204241071428571577e-02,-2.357700892857142808e-02,-2.301897321428571577e-02,-2.413504464285714385e-02
-1.569475446428571508e-01,-1.565290178571428492e-01,-1.575055803571428492e-01,-1.611328125000000000e-01,-1.568080357142857262e-01,-1.558314732142857262e-01,-1.579241071428571508e-01,-1.583426339285714246e-01,-1.605747767857142738e-01,-1.542968750000000000e-01,-1.558314732142857262e-01,-1.608537946428571508e-01,-1.559709821428571508e-01,-1.522042410714285754e-01,-1.600167410714285754e-01,-1.589006696428571508e-01,-1.580636160714285754e-01,-1.456473214285714246e-01,-1.555524553571428492e-01,-1.601562500000000000e-01,-1.602957589285714246e-01,-1.547154017857142738e-01,-1.523437500000000000e-01,-1.622488839285714246e-01,-1.577845982142857262e-01,-1.533203125000000000e-01,-1.621093750000000000e-01,-1.587611607142857262e-01,-1.591796875000000000e-01,-1.542968750000000000e-01,-1.591796875000000000e-01,-1.584821428571428492e-01,-1.611328125000000000e-01,-1.580636160714285754e-01,-1.582031250000000000e-01,-1.601562500000000000e-01,-1.600167410714285754e-01,-1.558314732142857262e-01,-1.563895089285714246e-01,-1.576450892857142738e-01,-1.586216517857142738e-01,-1.566685267857142738e-01
-3.208705357142856845e-02,-3.180803571428571230e-02,-3.417968750000000000e-02,-3.655133928571428770e-02,-3.445870535714285615e-02,-3.208705357142856845e-02,-3.557477678571428770e-02,-3.557477678571428770e-02,-3.571428571428571230e-02,-3.222656250000000000e-02,-3.320312500000000000e-02,-3.724888392857143155e-02,-3.097098214285714385e-02,-3.055245535714285615e-02,-3.557477678571428770e-02,-3.445870535714285615e-02,-3.571428571428571230e-02,-2.511160714285714385e-02,-3.236607142857143155e-02,-3.334263392857143155e-02,-3.515625000000000000e-02,-3.125000000000000000e-02,-3.083147321428571577e-02,-3.613281250000000000e-02,-3.250558035714285615e-02,-2.999441964285714385e-02,-3.599330357142856845e-02,-3.376116071428571230e-02,-3.501674107142856845e-02,-3.166852678571428770e-02,-3.473772321428571230e-02,-3.473772321428571230e-02,-3.543526785714285615e-02,-3.431919642857143155e-02,-3.417968750000000000e-02,-3.557477678571428770e-02,-3.376116071428571230e-02,-3.208705357142856845e-02,-3.278459821428571230e-02,-3.445870535714285615e-02,-3.431919642857143155e-02,-3.417968750000000000e-02
3.822544642857143155e-02,3.920200892857143155e-02,3.752790178571428770e-02,3.362165178571428770e-02,3.487723214285714385e-02,3.850446428571428770e-02,3.543526785714285615e-02,3.641183035714285615e-02,3.585379464285714385e-02,3.766741071428571230e-02,3.599330357142856845e-02,3.417968750000000000e-02,3.976004464285714385e-02,3.920200892857143155e-02,3.738839285714285615e-02,3.794642857142856845e-02,3.473772321428571230e-02,4.478236607142856845e-02,3.878348214285714385e-02,3.962053571428571230e-02,3.599330357142856845e-02,4.017857142857143155e-02,3.948102678571428770e-02,3.571428571428571230e-02,3.892299107142856845e-02,3.976004464285714385e-02,3.710937500000000000e-02,3.836495535714285615e-02,3.683035714285714385e-02,3.794642857142856845e-02,3.724888392857143155e-02,3.669084821428571230e-02,3.669084821428571230e-02,3.724888392857143155e-02,3.766741071428571230e-02,3.683035714285714385e-02,3.822544642857143155e-02,3.920200892857143155e-02,3.752790178571428770e-02,3.738839285714285615e-02,3.752790178571428770e-02,3.627232142857143155e-02
6.138392857142857019e-03,6.138392857142857019e-03,5.022321428571428943e-03,3.906250000000000000e-03,5.580357142857142981e-03,6.696428571428571057e-03,4.185267857142857019e-03,3.487723214285714472e-03,3.208705357142857019e-03,5.580357142857142981e-03,6.277901785714285962e-03,2.371651785714285528e-03,5.580357142857142981e-03,7.114955357142857019e-03,2.790178571428571491e-03,4.324776785714285962e-03,4.045758928571428943e-03,1.004464285714285789e-02,6.417410714285714038e-03,6.696428571428571057e-03,4.324776785714285962e-03,6.556919642857142981e-03,8.510044642857142114e-03,5.161830357142857019e-03,5.301339285714285962e-03,7.952008928571428076e-03,4.045758928571428943e-03,6.138392857142857019e-03,4.324776785714285962e-03,7.672991071428571057e-03,4.185267857142857019e-03,4.743303571428571057e-03,3.627232142857142981e-03,5.580357142857142981e-03,4.603794642857142981e-03,4.185267857142857019e-03,4.743303571428571057e-03,5.161830357142857019e-03,5.440848214285714038e-03,4.045758928571428943e-03,3.906250000000000000e-03,3.766741071428571491e-03
-7.393973214285713691e-02,-7.380022321428571230e-02,-7.449776785714286309e-02,-7.547433035714286309e-02,-7.338169642857142461e-02,-7.226562500000000000e-02,-7.519531250000000000e-02,-7.519531250000000000e-02,-7.672991071428571230e-02,-7.254464285714286309e-02,-7.240513392857142461e-02,-7.672991071428571230e-02,-7.519531250000000000e-02,-7.226562500000000000e-02,-7.840401785714286309e-02,-7.589285714285713691e-02,-7.491629464285713691e-02,-6.570870535714286309e-02,-7.240513392857142461e-02,-7.505580357142857539e-02,-7.561383928571428770e-02,-7.212611607142857539e-02,-7.101004464285713691e-02,-7.421875000000000000e-02,-7.505580357142857539e-02,-7.045200892857142461e-02,-7.700892857142857539e-02,-7.366071428571428770e-02,-7.519531250000000000e-02,-7.128906250000000000e-02,-7.589285714285713691e-02,-7.491629464285713691e-02,-7.589285714285713691e-02,-7.407924107142857539e-02,-7.407924107142857539e-02,-7.519531250000000000e-02,-7.561383928571428770e-02,-7.421875000000000000e-02,-7.352120535714286309e-02,-7.435825892857142461e-02,-7.645089285714286309e-02,-7.533482142857142461e-02
3.906250000000000000e-02,3.948102678571428770e-02,3.836495535714285615e-02,3.696986607142856845e-02,3.724888392857143155e-02,3.976004464285714385e-02,3.738839285714285615e-02,3.738839285714285615e-02,3.766741071428571230e-02,3.934151785714285615e-02,3.864397321428571230e-02,3.599330357142856845e-02,3.850446428571428770e-02,3.934151785714285615e-02,3.669084821428571230e-02,3.822544642857143155e-02,3.669084821428571230e-02,4.450334821428571230e-02,4.017857142857143155e-02,4.017857142857143155e-02,3.794642857142856845e-02,4.045758928571428770e-02,4.087611607142856845e-02,3.878348214285714385e-02,3.878348214285714385e-02,4.101562500000000000e-02,3.710937500000000000e-02,3.976004464285714385e-02,3.850446428571428770e-02,4.059709821428571230e-02,3.724888392857143155e-02,3.892299107142856845e-02,3.710937500000000000e-02,3.794642857142856845e-02,3.822544642857143155e-02,3.794642857142856845e-02,3.892299107142856845e-02,3.962053571428571230e-02,3.878348214285714385e-02,3.808593750000000000e-02,3.794642857142856845e-02,3.696986607142856845e-02
9.835379464285713691e-02,9.821428571428571230e-02,9.737723214285713691e-02,9.528459821428571230e-02,9.486607142857142461e-02,9.877232142857142461e-02,9.612165178571428770e-02,9.640066964285713691e-02,9.640066964285713691e-02,9.654017857142857539e-02,9.654017857142857539e-02,9.528459821428571230e-02,9.737723214285713691e-02,9.723772321428571230e-02,9.654017857142857539e-02,9.891183035714286309e-02,9.416852678571428770e-02,1.026785714285714246e-01,9.877232142857142461e-02,1.005859375000000000e-01,9.793526785714286309e-02,9.946986607142857539e-02,9.849330357142857539e-02,9.751674107142857539e-02,9.765625000000000000e-02,9.946986607142857539e-02,9.751674107142857539e-02,9.919084821428571230e-02,9.779575892857142461e-02,9.835379464285713691e-02,9.723772321428571230e-02,9.779575892857142461e-02,9.681919642857142461e-02,9.709821428571428770e-02,9.779575892857142461e-02,9.835379464285713691e-02,9.946986607142857539e-02,9.849330357142857539e-02,9.654017857142857539e-02,9.695870535714286309e-02,9.737723214285713691e-02,9.542410714285713691e-02
5.119977678571428770e-02,5.161830357142856845e-02,5.175781250000000000e-02,5.022321428571428770e-02,5.106026785714285615e-02,5.245535714285714385e-02,5.036272321428571230e-02,4.980468750000000000e-02,4.994419642857143155e-02,5.106026785714285615e-02,5.259486607142856845e-02,4.910714285714285615e-02,4.938616071428571230e-02,5.092075892857143155e-02,4.785156250000000000e-02,5.064174107142856845e-02,4.994419642857143155e-02,5.454799107142856845e-02,5.315290178571428770e-02,5.343191964285714385e-02,5.106026785714285615e-02,5.231584821428571230e-02,5.329241071428571230e-02,5.287388392857143155e-02,5.119977678571428770e-02,5.329241071428571230e-02,5.064174107142856845e-02,5.245535714285714385e-02,5.161830357142856845e-02,5.385044642857143155e-02,5.064174107142856845e-02,5.106026785714285615e-02,5.092075892857143155e-02,5.175781250000000000e-02,5.092075892857143155e-02,5.106026785714285615e-02,5.161830357142856845e-02,5.036272321428571230e-02,5.161830357142856845e-02,5.092075892857143155e-02,4.980468750000000000e-02,4.938616071428571230e-02
-4.394531250000000000e-02,-4.394531250000000000e-02,-4.464285714285714385e-02,-4.422433035714285615e-02,-4.296875000000000000e-02,-4.268973214285714385e-02,-4.492187500000000000e-02,-4.534040178571428770e-02,-4.645647321428571230e-02,-4.282924107142856845e-02,-4.282924107142856845e-02,-4.631696428571428770e-02,-4.603794642857143155e-02,-4.380580357142856845e-02,-4.799107142857143155e-02,-4.506138392857143155e-02,-4.464285714285714385e-02,-3.417968750000000000e-02,-4.199218750000000000e-02,-4.338727678571428770e-02,-4.478236607142856845e-02,-4.282924107142856845e-02,-4.199218750000000000e-02,-4.282924107142856845e-02,-4.547991071428571230e-02,-4.157366071428571230e-02,-4.589843750000000000e-02,-4.268973214285714385e-02,-4.394531250000000000e-02,-4.129464285714285615e-02,-4.659598214285714385e-02,-4.436383928571428770e-02,-4.575892857142856845e-02,-4.478236607142856845e-02,-4.408482142857143155e-02,-4.450334821428571230e-02,-4.450334821428571230e-02,-4.464285714285714385e-02,-4.310825892857143155e-02,-4.422433035714285615e-02,-4.589843750000000000e-02,-4.492187500000000000e-02
5.957031250000000000e-02,6.040736607142856845e-02,5.929129464285714385e-02,5.887276785714285615e-02,5.887276785714285615e-02,6.110491071428571230e-02,5.859375000000000000e-02,5.761718750000000000e-02,5.845424107142856845e-02,5.970982142857143155e-02,5.915178571428571230e-02,5.747767857142856845e-02,5.803571428571428770e-02,5.859375000000000000e-02,5.733816964285714385e-02,5.901227678571428770e-02,5.691964285714285615e-02,6.905691964285713691e-02,6.096540178571428770e-02,6.180245535714285615e-02,5.943080357142856845e-02,6.152343750000000000e-02,6.082589285714285615e-02,6.068638392857143155e-02,5.929129464285714385e-02,6.082589285714285615e-02,5.957031250000000000e-02,6.124441964285714385e-02,6.026785714285714385e-02,6.110491071428571230e-02,5.803571428571428770e-02,6.026785714285714385e-02,5.873325892857143155e-02,5.873325892857143155e-02,5.901227678571428770e-02,5.929129464285714385e-02,6.012834821428571230e-02,5.970982142857143155e-02,5.998883928571428770e-02,5.901227678571428770e-02,5.915178571428571230e-02,5.887276785714285615e-02
1.153738839285714246e-01,1.153738839285714246e-01,1.143973214285714246e-01,1.136997767857142877e-01,1.128627232142857123e-01,1.163504464285714246e-01,1.139787946428571369e-01,1.130022321428571369e-01,1.139787946428571369e-01,1.138392857142857123e-01,1.143973214285714246e-01,1.127232142857142877e-01,1.146763392857142877e-01,1.143973214285714246e-01,1.136997767857142877e-01,1.152343750000000000e-01,1.111886160714285754e-01,1.219308035714285754e-01,1.170479910714285754e-01,1.191406250000000000e-01,1.156529017857142877e-01,1.162109375000000000e-01,1.138392857142857123e-01,1.160714285714285754e-01,1.139787946428571369e-01,1.155133928571428631e-01,1.162109375000000000e-01,1.166294642857142877e-01,1.153738839285714246e-01,1.155133928571428631e-01,1.148158482142857123e-01,1.149553571428571369e-01,1.143973214285714246e-01,1.135602678571428631e-01,1.142578125000000000e-01,1.145368303571428631e-01,1.163504464285714246e-01,1.155133928571428631e-01,1.145368303571428631e-01,1.142578125000000000e-01,1.152343750000000000e-01,1.138392857142857123e-01
6.431361607142857539e-02,6.487165178571428770e-02,6.431361607142857539e-02,6.459263392857142461e-02,6.459263392857142461e-02,6.626674107142857539e-02,6.291852678571428770e-02,6.277901785714286309e-02,6.277901785714286309e-02,6.403459821428571230e-02,6.473214285714286309e-02,6.263950892857142461e-02,6.250000000000000000e-02,6.347656250000000000e-02,6.096540178571428770e-02,6.375558035714286309e-02,6.291852678571428770e-02,7.031250000000000000e-02,6.612723214285713691e-02,6.640625000000000000e-02,6.487165178571428770e-02,6.501116071428571230e-02,6.710379464285713691e-02,6.710379464285713691e-02,6.361607142857142461e-02,6.515066964285713691e-02,6.389508928571428770e-02,6.556919642857142461e-02,6.529017857142857539e-02,6.668526785714286309e-02,6.333705357142857539e-02,6.473214285714286309e-02,6.403459821428571230e-02,6.431361607142857539e-02,6.389508928571428770e-02,6.431361607142857539e-02,6.515066964285713691e-02,6.375558035714286309e-02,6.459263392857142461e-02,6.431361607142857539e-02,6.305803571428571230e-02,6.319754464285713691e-02
-6.250000000000000000e-02,-6.152343750000000000e-02,-6.473214285714286309e-02,-6.222098214285714385e-02,-6.194196428571428770e-02,-6.096540178571428770e-02,-6.584821428571428770e-02,-6.459263392857142461e-02,-6.501116071428571230e-02,-6.319754464285713691e-02,-6.333705357142857539e-02,-6.347656250000000000e-02,-6.473214285714286309e-02,-6.180245535714285615e-02,-6.612723214285713691e-02,-6.445312500000000000e-02,-6.389508928571428770e-02,-5.440848214285714385e-02,-6.263950892857142461e-02,-6.375558035714286309e-02,-6.403459821428571230e-02,-6.333705357142857539e-02,-6.124441964285714385e-02,-6.305803571428571230e-02,-6.319754464285713691e-02,-6.026785714285714385e-02,-6.431361607142857539e-02,-6.291852678571428770e-02,-6.417410714285713691e-02,-6.222098214285714385e-02,-6.626674107142857539e-02,-6.431361607142857539e-02,-6.403459821428571230e-02,-6.515066964285713691e-02,-6.403459821428571230e-02,-6.445312500000000000e-02,-6.333705357142857539e-02,-6.501116071428571230e-02,-6.138392857142856845e-02,-6.263950892857142461e-02,-6.459263392857142461e-02,-6.263950892857142461e-02
4.045758928571428770e-02,4.185267857142856845e-02,3.934151785714285615e-02,4.017857142857143155e-02,4.031808035714285615e-02,4.199218750000000000e-02,3.780691964285714385e-02,3.808593750000000000e-02,3.892299107142856845e-02,3.934151785714285615e-02,3.934151785714285615e-02,3.948102678571428770e-02,3.906250000000000000e-02,4.101562500000000000e-02,3.724888392857143155e-02,3.920200892857143155e-02,3.724888392857143155e-02,4.687500000000000000e-02,4.101562500000000000e-02,4.157366071428571230e-02,3.976004464285714385e-02,4.101562500000000000e-02,4.199218750000000000e-02,4.073660714285714385e-02,4.031808035714285615e-02,4.143415178571428770e-02,4.017857142857143155e-02,4.157366071428571230e-02,3.934151785714285615e-02,4.073660714285714385e-02,3.836495535714285615e-02,3.878348214285714385e-02,3.962053571428571230e-02,3.962053571428571230e-02,3.920200892857143155e-02,3.989955357142856845e-02,4.059709821428571230e-02,3.976004464285714385e-02,4.087611607142856845e-02,4.101562500000000000e-02,3.934151785714285615e-02,3.976004464285714385e-02
9.751674107142857539e-02,9.863281250000000000e-02,9.626116071428571230e-02,9.654017857142857539e-02,9.556361607142857539e-02,9.974888392857142461e-02,9.458705357142857539e-02,9.486607142857142461e-02,9.640066964285713691e-02,9.486607142857142461e-02,9.640066964285713691e-02,9.640066964285713691e-02,9.695870535714286309e-02,9.807477678571428770e-02,9.570312500000000000e-02,9.723772321428571230e-02,9.430803571428571230e-02,1.026785714285714246e-01,9.905133928571428770e-02,1.010044642857142877e-01,9.751674107142857539e-02,9.793526785714286309e-02,9.667968750000000000e-02,9.737723214285713691e-02,9.640066964285713691e-02,9.793526785714286309e-02,9.821428571428571230e-02,9.933035714285713691e-02,9.654017857142857539e-02,9.654017857142857539e-02,9.542410714285713691e-02,9.695870535714286309e-02,9.723772321428571230e-02,9.681919642857142461e-02,9.570312500000000000e-02,9.723772321428571230e-02,9.863281250000000000e-02,9.793526785714286309e-02,9.654017857142857539e-02,9.681919642857142461e-02,9.751674107142857539e-02,9.598214285714286309e-02
5.092075892857143155e-02,5.078125000000000000e-02,4.896763392857143155e-02,5.106026785714285615e-02,5.022321428571428770e-02,5.203683035714285615e-02,4.840959821428571230e-02,4.813058035714285615e-02,4.896763392857143155e-02,4.896763392857143155e-02,4.966517857142856845e-02,4.910714285714285615e-02,4.771205357142856845e-02,5.022321428571428770e-02,4.715401785714285615e-02,4.952566964285714385e-02,4.896763392857143155e-02,5.357142857142856845e-02,5.078125000000000000e-02,5.147879464285714385e-02,5.036272321428571230e-02,5.022321428571428770e-02,5.231584821428571230e-02,5.245535714285714385e-02,5.008370535714285615e-02,5.119977678571428770e-02,5.050223214285714385e-02,5.161830357142856845e-02,4.966517857142856845e-02,5.078125000000000000e-02,4.840959821428571230e-02,4.938616071428571230e-02,5.008370535714285615e-02,4.980468750000000000e-02,4.910714285714285615e-02,5.008370535714285615e-02,5.064174107142856845e-02,4.840959821428571230e-02,5.078125000000000000e-02,5.036272321428571230e-02,4.938616071428571230e-02,4.882812500000000000e-02
-5.133928571428571230e-02,-5.203683035714285615e-02,-5.357142857142856845e-02,-5.315290178571428770e-02,-5.161830357142856845e-02,-5.078125000000000000e-02,-5.468750000000000000e-02,-5.329241071428571230e-02,-5.426897321428571230e-02,-5.231584821428571230e-02,-4.994419642857143155e-02,-5.343191964285714385e-02,-5.259486607142856845e-02,-5.050223214285714385e-02,-5.580357142857143155e-02,-5.343191964285714385e-02,-5.357142857142856845e-02,-5.147879464285714385e-02,-5.119977678571428770e-02,-5.273437500000000000e-02,-5.343191964285714385e-02,-5.175781250000000000e-02,-4.827008928571428770e-02,-5.231584821428571230e-02,-5.189732142857143155e-02,-4.910714285714285615e-02,-5.566406250000000000e-02,-5.203683035714285615e-02,-5.273437500000000000e-02,-4.938616071428571230e-02,-5.454799107142856845e-02,-5.217633928571428770e-02,-5.245535714285714385e-02,-5.371093750000000000e-02,-5.371093750000000000e-02,-5.273437500000000000e-02,-5.398995535714285615e-02,-5.412946428571428770e-02,-5.203683035714285615e-02,-5.161830357142856845e-02,-5.357142857142856845e-02,-5.273437500000000000e-02
5.273437500000000000e-02,5.217633928571428770e-02,5.092075892857143155e-02,4.980468750000000000e-02,5.147879464285714385e-02,5.315290178571428770e-02,4.938616071428571230e-02,5.036272321428571230e-02,5.133928571428571230e-02,5.008370535714285615e-02,5.217633928571428770e-02,4.980468750000000000e-02,5.217633928571428770e-02,5.245535714285714385e-02,4.980468750000000000e-02,5.189732142857143155e-02,4.966517857142856845e-02,5.161830357142856845e-02,5.301339285714285615e-02,5.301339285714285615e-02,5.175781250000000000e-02,5.217633928571428770e-02,5.440848214285714385e-02,5.203683035714285615e-02,5.203683035714285615e-02,5.385044642857143155e-02,5.092075892857143155e-02,5.287388392857143155e-02,5.133928571428571230e-02,5.329241071428571230e-02,5.050223214285714385e-02,5.203683035714285615e-02,5.175781250000000000e-02,5.133928571428571230e-02,5.036272321428571230e-02,5.203683035714285615e-02,5.133928571428571230e-02,5.161830357142856845e-02,5.217633928571428770e-02,5.161830357142856845e-02,5.106026785714285615e-02,5.050223214285714385e-02
1.095145089285714246e-01,1.107700892857142877e-01,1.088169642857142877e-01,1.067243303571428631e-01,1.089564732142857123e-01,1.113281250000000000e-01,1.075613839285714246e-01,1.079799107142857123e-01,1.103515625000000000e-01,1.079799107142857123e-01,1.095145089285714246e-01,1.083984375000000000e-01,1.104910714285714246e-01,1.102120535714285754e-01,1.079799107142857123e-01,1.113281250000000000e-01,1.067243303571428631e-01,1.093750000000000000e-01,1.113281250000000000e-01,1.131417410714285754e-01,1.104910714285714246e-01,1.106305803571428631e-01,1.114676339285714246e-01,1.092354910714285754e-01,1.100725446428571369e-01,1.109095982142857123e-01,1.102120535714285754e-01,1.121651785714285754e-01,1.109095982142857123e-01,1.110491071428571369e-01,1.095145089285714246e-01,1.102120535714285754e-01,1.103515625000000000e-01,1.104910714285714246e-01,1.099330357142857123e-01,1.110491071428571369e-01,1.107700892857142877e-01,1.106305803571428631e-01,1.083984375000000000e-01,1.090959821428571369e-01,1.095145089285714246e-01,1.085379464285714246e-01
6.124441964285714385e-02,6.040736607142856845e-02,5.943080357142856845e-02,6.012834821428571230e-02,6.012834821428571230e-02,6.110491071428571230e-02,5.803571428571428770e-02,5.845424107142856845e-02,5.901227678571428770e-02,5.873325892857143155e-02,6.026785714285714385e-02,5.817522321428571230e-02,5.859375000000000000e-02,5.943080357142856845e-02,5.733816964285714385e-02,6.026785714285714385e-02,5.817522321428571230e-02,5.929129464285714385e-02,6.110491071428571230e-02,6.208147321428571230e-02,6.012834821428571230e-02,6.012834821428571230e-02,6.305803571428571230e-02,6.152343750000000000e-02,6.012834821428571230e-02,6.208147321428571230e-02,5.957031250000000000e-02,6.208147321428571230e-02,6.068638392857143155e-02,6.208147321428571230e-02,5.929129464285714385e-02,5.998883928571428770e-02,5.984933035714285615e-02,6.012834821428571230e-02,5.915178571428571230e-02,6.082589285714285615e-02,6.040736607142856845e-02,5.831473214285714385e-02,6.068638392857143155e-02,5.970982142857143155e-02,5.943080357142856845e-02,5.845424107142856845e-02
-6.556919642857142461e-02,-6.640625000000000000e-02,-6.570870535714286309e-02,-6.724330357142857539e-02,-6.570870535714286309e-02,-6.459263392857142461e-02,-6.584821428571428770e-02,-6.612723214285713691e-02,-6.724330357142857539e-02,-6.361607142857142461e-02,-6.347656250000000000e-02,-6.780133928571428770e-02,-6.361607142857142461e-02,-6.361607142857142461e-02,-6.808035714285713691e-02,-6.626674107142857539e-02,-6.626674107142857539e-02,-6.821986607142857539e-02,-6.459263392857142461e-02,-6.584821428571428770e-02,-6.668526785714286309e-02,-6.375558035714286309e-02,-6.250000000000000000e-02,-6.570870535714286309e-02,-6.556919642857142461e-02,-6.110491071428571230e-02,-6.794084821428571230e-02,-6.375558035714286309e-02,-6.487165178571428770e-02,-6.082589285714285615e-02,-6.710379464285713691e-02,-6.542968750000000000e-02,-6.529017857142857539e-02,-6.682477678571428770e-02,-6.738281250000000000e-02,-6.542968750000000000e-02,-6.668526785714286309e-02,-6.626674107142857539e-02,-6.501116071428571230e-02,-6.361607142857142461e-02,-6.682477678571428770e-02,-6.389508928571428770e-02
3.962053571428571230e-02,3.892299107142856845e-02,3.892299107142856845e-02,3.766741071428571230e-02,3.892299107142856845e-02,3.989955357142856845e-02,3.850446428571428770e-02,3.906250000000000000e-02,3.892299107142856845e-02,3.934151785714285615e-02,3.934151785714285615e-02,3.710937500000000000e-02,4.171316964285714385e-02,4.017857142857143155e-02,3.794642857142856845e-02,3.948102678571428770e-02,3.696986607142856845e-02,3.641183035714285615e-02,4.101562500000000000e-02,4.171316964285714385e-02,3.906250000000000000e-02,4.115513392857143155e-02,4.143415178571428770e-02,3.864397321428571230e-02,3.920200892857143155e-02,4.268973214285714385e-02,3.920200892857143155e-02,4.213169642857143155e-02,4.003906250000000000e-02,4.268973214285714385e-02,3.906250000000000000e-02,3.934151785714285615e-02,3.962053571428571230e-02,3.920200892857143155e-02,3.850446428571428770e-02,3.989955357142856845e-02,3.989955357142856845e-02,3.989955357142856845e-02,3.892299107142856845e-02,4.017857142857143155e-02,3.850446428571428770e-02,3.934151785714285615e-02
9.598214285714286309e-02,9.640066964285713691e-02,9.654017857142857539e-02,9.416852678571428770e-02,9.640066964285713691e-02,9.863281250000000000e-02,9.723772321428571230e-02,9.779575892857142461e-02,9.709821428571428770e-02,9.654017857142857539e-02,9.681919642857142461e-02,9.528459821428571230e-02,9.905133928571428770e-02,9.793526785714286309e-02,9.556361607142857539e-02,9.849330357142857539e-02,9.416852678571428770e-02,9.277343750000000000e-02,9.849330357142857539e-02,1.003069196428571369e-01,9.793526785714286309e-02,9.877232142857142461e-02,9.807477678571428770e-02,9.640066964285713691e-02,9.654017857142857539e-02,9.863281250000000000e-02,9.765625000000000000e-02,9.960937500000000000e-02,9.807477678571428770e-02,9.891183035714286309e-02,9.793526785714286309e-02,9.695870535714286309e-02,9.765625000000000000e-02,9.709821428571428770e-02,9.681919642857142461e-02,9.835379464285713691e-02,9.821428571428571230e-02,9.821428571428571230e-02,9.556361607142857539e-02,9.723772321428571230e-02,9.723772321428571230e-02,9.626116071428571230e-02
5.064174107142856845e-02,4.980468750000000000e-02,4.924665178571428770e-02,4.938616071428571230e-02,4.938616071428571230e-02,5.022321428571428770e-02,4.854910714285714385e-02,4.813058035714285615e-02,4.840959821428571230e-02,4.868861607142856845e-02,5.008370535714285615e-02,4.729352678571428770e-02,5.036272321428571230e-02,4.938616071428571230e-02,4.785156250000000000e-02,4.952566964285714385e-02,4.799107142857143155e-02,4.645647321428571230e-02,5.092075892857143155e-02,5.161830357142856845e-02,4.994419642857143155e-02,5.092075892857143155e-02,5.175781250000000000e-02,5.147879464285714385e-02,4.882812500000000000e-02,5.245535714285714385e-02,4.980468750000000000e-02,5.133928571428571230e-02,5.050223214285714385e-02,5.231584821428571230e-02,4.827008928571428770e-02,4.952566964285714385e-02,5.008370535714285615e-02,4.896763392857143155e-02,4.840959821428571230e-02,5.022321428571428770e-02,5.036272321428571230e-02,4.882812500000000000e-02,4.952566964285714385e-02,4.966517857142856845e-02,4.896763392857143155e-02,4.840959821428571230e-02
-3.111049107142857192e-02,-3.390066964285714385e-02,-3.208705357142856845e-02,-3.278459821428571230e-02,-3.194754464285714385e-02,-3.083147321428571577e-02,-3.194754464285714385e-02,-3.222656250000000000e-02,-3.376116071428571230e-02,-3.111049107142857192e-02,-3.097098214285714385e-02,-3.404017857142856845e-02,-3.069196428571428423e-02,-3.138950892857143155e-02,-3.487723214285714385e-02,-3.222656250000000000e-02,-3.306361607142856845e-02,-3.655133928571428770e-02,-3.083147321428571577e-02,-3.138950892857143155e-02,-3.278459821428571230e-02,-3.069196428571428423e-02,-2.957589285714285615e-02,-3.166852678571428770e-02,-3.250558035714285615e-02,-2.818080357142857192e-02,-3.362165178571428770e-02,-3.027343750000000000e-02,-3.111049107142857192e-02,-2.790178571428571577e-02,-3.320312500000000000e-02,-3.166852678571428770e-02,-3.264508928571428770e-02,-3.180803571428571230e-02,-3.292410714285714385e-02,-3.180803571428571230e-02,-3.264508928571428770e-02,-3.264508928571428770e-02,-3.194754464285714385e-02,-3.069196428571428423e-02,-3.348214285714285615e-02,-3.166852678571428770e-02
7.254464285714286309e-02,7.170758928571428770e-02,7.184709821428571230e-02,7.087053571428571230e-02,7.142857142857142461e-02,7.310267857142857539e-02,7.128906250000000000e-02,7.198660714285713691e-02,7.170758928571428770e-02,7.226562500000000000e-02,7.310267857142857539e-02,7.003348214285713691e-02,7.338169642857142461e-02,7.212611607142857539e-02,7.017299107142857539e-02,7.254464285714286309e-02,7.059151785714286309e-02,6.738281250000000000e-02,7.352120535714286309e-02,7.421875000000000000e-02,7.268415178571428770e-02,7.338169642857142461e-02,7.338169642857142461e-02,7.198660714285713691e-02,7.198660714285713691e-02,7.463727678571428770e-02,7.156808035714286309e-02,7.393973214285713691e-02,7.282366071428571230e-02,7.491629464285713691e-02,7.142857142857142461e-02,7.198660714285713691e-02,7.282366071428571230e-02,7.198660714285713691e-02,7.114955357142857539e-02,7.296316964285713691e-02,7.268415178571428770e-02,7.170758928571428770e-02,7.170758928571428770e-02,7.268415178571428770e-02,7.114955357142857539e-02,7.087053571428571230e-02
1.250000000000000000e-01,1.244419642857142877e-01,1.248604910714285754e-01,1.230468750000000000e-01,1.245814732142857123e-01,1.262555803571428492e-01,1.243024553571428631e-01,1.258370535714285754e-01,1.258370535714285754e-01,1.245814732142857123e-01,1.252790178571428492e-01,1.233258928571428631e-01,1.265345982142857262e-01,1.248604910714285754e-01,1.241629464285714246e-01,1.262555803571428492e-01,1.234654017857142877e-01,1.202566964285714246e-01,1.261160714285714246e-01,1.284877232142857262e-01,1.262555803571428492e-01,1.270926339285714246e-01,1.259765625000000000e-01,1.258370535714285754e-01,1.247209821428571369e-01,1.262555803571428492e-01,1.255580357142857262e-01,1.275111607142857262e-01,1.262555803571428492e-01,1.269531250000000000e-01,1.269531250000000000e-01,1.247209821428571369e-01,1.250000000000000000e-01,1.258370535714285754e-01,1.252790178571428492e-01,1.266741071428571508e-01,1.263950892857142738e-01,1.256975446428571508e-01,1.240234375000000000e-01,1.256975446428571508e-01,1.244419642857142877e-01,1.229073660714285754e-01
7.240513392857142461e-02,7.114955357142857539e-02,7.128906250000000000e-02,7.142857142857142461e-02,7.073102678571428770e-02,7.254464285714286309e-02,7.073102678571428770e-02,7.045200892857142461e-02,7.101004464285713691e-02,7.031250000000000000e-02,7.212611607142857539e-02,6.891741071428571230e-02,7.128906250000000000e-02,7.087053571428571230e-02,6.919642857142857539e-02,7.073102678571428770e-02,6.961495535714286309e-02,6.710379464285713691e-02,7.282366071428571230e-02,7.366071428571428770e-02,7.198660714285713691e-02,7.170758928571428770e-02,7.310267857142857539e-02,7.282366071428571230e-02,7.059151785714286309e-02,7.366071428571428770e-02,7.114955357142857539e-02,7.282366071428571230e-02,7.212611607142857539e-02,7.421875000000000000e-02,7.101004464285713691e-02,7.198660714285713691e-02,7.128906250000000000e-02,7.156808035714286309e-02,7.031250000000000000e-02,7.170758928571428770e-02,7.184709821428571230e-02,7.073102678571428770e-02,7.142857142857142461e-02,7.142857142857142461e-02,7.017299107142857539e-02,7.031250000000000000e-02
-6.222098214285714385e-02,-6.487165178571428770e-02,-6.333705357142857539e-02,-6.473214285714286309e-02,-6.347656250000000000e-02,-6.236049107142856845e-02,-6.263950892857142461e-02,-6.222098214285714385e-02,-6.347656250000000000e-02,-6.096540178571428770e-02,-6.054687500000000000e-02,-6.487165178571428770e-02,-5.984933035714285615e-02,-6.068638392857143155e-02,-6.361607142857142461e-02,-6.152343750000000000e-02,-6.347656250000000000e-02,-7.031250000000000000e-02,-6.291852678571428770e-02,-6.375558035714286309e-02,-6.445312500000000000e-02,-6.263950892857142461e-02,-6.124441964285714385e-02,-6.389508928571428770e-02,-6.417410714285713691e-02,-5.901227678571428770e-02,-6.501116071428571230e-02,-6.222098214285714385e-02,-6.263950892857142461e-02,-5.901227678571428770e-02,-6.431361607142857539e-02,-6.319754464285713691e-02,-6.361607142857142461e-02,-6.347656250000000000e-02,-6.431361607142857539e-02,-6.291852678571428770e-02,-6.347656250000000000e-02,-6.208147321428571230e-02,-6.291852678571428770e-02,-6.096540178571428770e-02,-6.459263392857142461e-02,-6.263950892857142461e-02
-2.329799107142857192e-02,-2.539062500000000000e-02,-2.301897321428571577e-02,-2.608816964285714385e-02,-2.413504464285714385e-02,-2.218191964285714385e-02,-2.329799107142857192e-02,-2.273995535714285615e-02,-2.315848214285714385e-02,-2.162388392857142808e-02,-2.120535714285714385e-02,-2.525111607142857192e-02,-1.981026785714285615e-02,-2.120535714285714385e-02,-2.315848214285714385e-02,-2.134486607142857192e-02,-2.413504464285714385e-02,-3.125000000000000000e-02,-2.273995535714285615e-02,-2.232142857142857192e-02,-2.441406250000000000e-02,-2.232142857142857192e-02,-2.176339285714285615e-02,-2.594866071428571577e-02,-2.343750000000000000e-02,-2.050781250000000000e-02,-2.469308035714285615e-02,-2.232142857142857192e-02,-2.301897321428571577e-02,-1.994977678571428423e-02,-2.315848214285714385e-02,-2.287946428571428423e-02,-2.315848214285714385e-02,-2.399553571428571577e-02,-2.427455357142857192e-02,-2.246093750000000000e-02,-2.260044642857142808e-02,-2.204241071428571577e-02,-2.371651785714285615e-02,-2.273995535714285615e-02,-2.441406250000000000e-02,-2.287946428571428423e-02
2.804129464285714385e-02,2.873883928571428423e-02,2.873883928571428423e-02,2.650669642857142808e-02,2.804129464285714385e-02,3.083147321428571577e-02,2.804129464285714385e-02,3.013392857142857192e-02,3.027343750000000000e-02,3.027343750000000000e-02,3.055245535714285615e-02,2.720424107142857192e-02,3.334263392857143155e-02,3.069196428571428423e-02,2.943638392857142808e-02,3.180803571428571230e-02,2.859933035714285615e-02,2.134486607142857192e-02,2.901785714285714385e-02,3.083147321428571577e-02,2.929687500000000000e-02,3.027343750000000000e-02,3.041294642857142808e-02,2.762276785714285615e-02,2.957589285714285615e-02,3.069196428571428423e-02,2.859933035714285615e-02,3.111049107142857192e-02,2.985491071428571577e-02,3.125000000000000000e-02,3.138950892857143155e-02,2.929687500000000000e-02,2.985491071428571577e-02,3.013392857142857192e-02,2.845982142857142808e-02,3.166852678571428770e-02,3.069196428571428423e-02,3.097098214285714385e-02,2.887834821428571577e-02,2.943638392857142808e-02,2.901785714285714385e-02,2.776227678571428423e-02
-1.255580357142857192e-02,-1.422991071428571404e-02,-1.283482142857142808e-02,-1.422991071428571404e-02,-1.367187500000000000e-02,-1.143973214285714211e-02,-1.283482142857142808e-02,-1.269531250000000000e-02,-1.325334821428571404e-02,-1.255580357142857192e-02,-1.060267857142857192e-02,-1.367187500000000000e-02,-1.185825892857142808e-02,-1.171875000000000000e-02,-1.450892857142857192e-02,-1.171875000000000000e-02,-1.381138392857142808e-02,-1.911272321428571577e-02,-1.227678571428571404e-02,-1.185825892857142808e-02,-1.436941964285714211e-02,-1.311383928571428596e-02,-1.088169642857142808e-02,-1.227678571428571404e-02,-1.381138392857142808e-02,-1.074218750000000000e-02,-1.436941964285714211e-02,-1.199776785714285789e-02,-1.241629464285714211e-02,-9.765625000000000000e-03,-1.422991071428571404e-02,-1.269531250000000000e-02,-1.283482142857142808e-02,-1.297433035714285789e-02,-1.422991071428571404e-02,-1.241629464285714211e-02,-1.227678571428571404e-02,-1.283482142857142808e-02,-1.269531250000000000e-02,-1.185825892857142808e-02,-1.422991071428571404e-02,-1.367187500000000000e-02
-1.646205357142857262e-01,-1.693638392857142738e-01,-1.667131696428571508e-01,-1.704799107142857262e-01,-1.669921875000000000e-01,-1.664341517857142738e-01,-1.654575892857142738e-01,-1.651785714285714246e-01,-1.667131696428571508e-01,-1.629464285714285754e-01,-1.623883928571428492e-01,-1.692243303571428492e-01,-1.600167410714285754e-01,-1.622488839285714246e-01,-1.665736607142857262e-01,-1.647600446428571508e-01,-1.668526785714285754e-01,-1.761997767857142738e-01,-1.667131696428571508e-01,-1.675502232142857262e-01,-1.692243303571428492e-01,-1.653180803571428492e-01,-1.632254464285714246e-01,-1.696428571428571508e-01,-1.675502232142857262e-01,-1.600167410714285754e-01,-1.697823660714285754e-01,-1.655970982142857262e-01,-1.665736607142857262e-01,-1.602957589285714246e-01,-1.685267857142857262e-01,-1.662946428571428492e-01,-1.672712053571428492e-01,-1.675502232142857262e-01,-1.681082589285714246e-01,-1.657366071428571508e-01,-1.667131696428571508e-01,-1.647600446428571508e-01,-1.661551339285714246e-01,-1.647600446428571508e-01,-1.681082589285714246e-01,-1.650390625000000000e-01
-4.520089285714285615e-02,-4.673549107142856845e-02,-4.422433035714285615e-02,-4.966517857142856845e-02,-4.520089285714285615e-02,-4.366629464285714385e-02,-4.478236607142856845e-02,-4.422433035714285615e-02,-4.450334821428571230e-02,-4.241071428571428770e-02,-4.338727678571428770e-02,-4.729352678571428770e-02,-3.989955357142856845e-02,-4.171316964285714385e-02,-4.547991071428571230e-02,-4.296875000000000000e-02,-4.547991071428571230e-02,-5.315290178571428770e-02,-4.520089285714285615e-02,-4.450334821428571230e-02,-4.603794642857143155e-02,-4.282924107142856845e-02,-4.213169642857143155e-02,-4.729352678571428770e-02,-4.464285714285714385e-02,-4.073660714285714385e-02,-4.659598214285714385e-02,-4.408482142857143155e-02,-4.422433035714285615e-02,-4.017857142857143155e-02,-4.478236607142856845e-02,-4.352678571428571230e-02,-4.520089285714285615e-02,-4.478236607142856845e-02,-4.617745535714285615e-02,-4.366629464285714385e-02,-4.464285714285714385e-02,-4.268973214285714385e-02,-4.520089285714285615e-02,-4.422433035714285615e-02,-4.645647321428571230e-02,-4.450334821428571230e-02
2.748325892857142808e-02,2.678571428571428423e-02,2.706473214285714385e-02,2.371651785714285615e-02,2.650669642857142808e-02,2.859933035714285615e-02,2.553013392857142808e-02,2.734375000000000000e-02,2.776227678571428423e-02,2.845982142857142808e-02,2.845982142857142808e-02,2.511160714285714385e-02,3.250558035714285615e-02,2.887834821428571577e-02,2.776227678571428423e-02,2.943638392857142808e-02,2.594866071428571577e-02,1.981026785714285615e-02,2.678571428571428423e-02,2.957589285714285615e-02,2.762276785714285615e-02,2.985491071428571577e-02,2.929687500000000000e-02,2.469308035714285615e-02,2.790178571428571577e-02,3.069196428571428423e-02,2.664620535714285615e-02,2.901785714285714385e-02,2.832031250000000000e-02,2.985491071428571577e-02,2.971540178571428423e-02,2.818080357142857192e-02,2.720424107142857192e-02,2.762276785714285615e-02,2.706473214285714385e-02,2.985491071428571577e-02,2.859933035714285615e-02,2.832031250000000000e-02,2.622767857142857192e-02,2.692522321428571577e-02,2.692522321428571577e-02,2.539062500000000000e-02
-3.766741071428571491e-03,-5.719866071428571057e-03,-4.464285714285714038e-03,-7.254464285714285962e-03,-5.022321428571428943e-03,-4.464285714285714038e-03,-4.743303571428571057e-03,-4.464285714285714038e-03,-4.743303571428571057e-03,-3.627232142857142981e-03,-3.348214285714285528e-03,-6.417410714285714038e-03,-3.069196428571428509e-03,-3.627232142857142981e-03,-5.301339285714285962e-03,-3.348214285714285528e-03,-6.138392857142857019e-03,-1.074218750000000000e-02,-4.324776785714285962e-03,-3.208705357142857019e-03,-5.301339285714285962e-03,-3.766741071428571491e-03,-2.511160714285714472e-03,-3.906250000000000000e-03,-5.580357142857142981e-03,-2.371651785714285528e-03,-5.580357142857142981e-03,-3.627232142857142981e-03,-4.464285714285714038e-03,-5.580357142857142547e-04,-5.161830357142857019e-03,-4.324776785714285962e-03,-4.882812500000000000e-03,-4.045758928571428943e-03,-5.161830357142857019e-03,-3.766741071428571491e-03,-3.906250000000000000e-03,-3.906250000000000000e-03,-4.464285714285714038e-03,-4.185267857142857019e-03,-5.859375000000000000e-03,-5.580357142857142981e-03
-1.294642857142857262e-01,-1.339285714285714246e-01,-1.312779017857142738e-01,-1.361607142857142738e-01,-1.303013392857142738e-01,-1.311383928571428492e-01,-1.309988839285714246e-01,-1.297433035714285754e-01,-1.307198660714285754e-01,-1.284877232142857262e-01,-1.268136160714285754e-01,-1.335100446428571508e-01,-1.258370535714285754e-01,-1.282087053571428492e-01,-1.330915178571428492e-01,-1.293247767857142738e-01,-1.325334821428571508e-01,-1.392299107142857262e-01,-1.314174107142857262e-01,-1.311383928571428492e-01,-1.337890625000000000e-01,-1.308593750000000000e-01,-1.275111607142857262e-01,-1.343470982142857262e-01,-1.315569196428571508e-01,-1.252790178571428492e-01,-1.351841517857142738e-01,-1.309988839285714246e-01,-1.308593750000000000e-01,-1.248604910714285754e-01,-1.332310267857142738e-01,-1.309988839285714246e-01,-1.314174107142857262e-01,-1.321149553571428492e-01,-1.330915178571428492e-01,-1.309988839285714246e-01,-1.322544642857142738e-01,-1.301618303571428492e-01,-1.303013392857142738e-01,-1.309988839285714246e-01,-1.332310267857142738e-01,-1.305803571428571508e-01
-1.409040178571428596e-02,-1.562500000000000000e-02,-1.450892857142857192e-02,-1.883370535714285615e-02,-1.409040178571428596e-02,-1.381138392857142808e-02,-1.492745535714285789e-02,-1.339285714285714211e-02,-1.422991071428571404e-02,-1.255580357142857192e-02,-1.283482142857142808e-02,-1.729910714285714385e-02,-9.905133928571428076e-03,-1.213727678571428596e-02,-1.534598214285714211e-02,-1.199776785714285789e-02,-1.604352678571428423e-02,-2.176339285714285615e-02,-1.367187500000000000e-02,-1.297433035714285789e-02,-1.464843750000000000e-02,-1.297433035714285789e-02,-1.046316964285714211e-02,-1.660156250000000000e-02,-1.339285714285714211e-02,-9.765625000000000000e-03,-1.562500000000000000e-02,-1.381138392857142808e-02,-1.283482142857142808e-02,-9.626116071428571924e-03,-1.325334821428571404e-02,-1.339285714285714211e-02,-1.381138392857142808e-02,-1.367187500000000000e-02,-1.520647321428571404e-02,-1.297433035714285789e-02,-1.436941964285714211e-02,-1.311383928571428596e-02,-1.436941964285714211e-02,-1.353236607142857192e-02,-1.562500000000000000e-02,-1.548549107142857192e-02
5.203683035714285615e-02,5.161830357142856845e-02,5.133928571428571230e-02,4.840959821428571230e-02,5.245535714285714385e-02,5.385044642857143155e-02,5.078125000000000000e-02,5.301339285714285615e-02,5.329241071428571230e-02,5.329241071428571230e-02,5.385044642857143155e-02,5.036272321428571230e-02,5.705915178571428770e-02,5.301339285714285615e-02,5.231584821428571230e-02,5.524553571428571230e-02,5.078125000000000000e-02,4.520089285714285615e-02,5.315290178571428770e-02,5.566406250000000000e-02,5.301339285714285615e-02,5.398995535714285615e-02,5.510602678571428770e-02,5.119977678571428770e-02,5.371093750000000000e-02,5.636160714285714385e-02,5.217633928571428770e-02,5.398995535714285615e-02,5.440848214285714385e-02,5.524553571428571230e-02,5.510602678571428770e-02,5.385044642857143155e-02,5.343191964285714385e-02,5.357142857142856845e-02,5.231584821428571230e-02,5.482700892857143155e-02,5.315290178571428770e-02,5.371093750000000000e-02,5.175781250000000000e-02,5.245535714285714385e-02,5.189732142857143155e-02,5.092075892857143155e-02
1.604352678571428423e-02,1.436941964285714211e-02,1.506696428571428596e-02,1.283482142857142808e-02,1.604352678571428423e-02,1.534598214285714211e-02,1.464843750000000000e-02,1.506696428571428596e-02,1.506696428571428596e-02,1.548549107142857192e-02,1.702008928571428423e-02,1.269531250000000000e-02,1.674107142857142808e-02,1.590401785714285615e-02,1.325334821428571404e-02,1.646205357142857192e-02,1.311383928571428596e-02,9.486607142857142114e-03,1.520647321428571404e-02,1.702008928571428423e-02,1.534598214285714211e-02,1.548549107142857192e-02,1.785714285714285615e-02,1.534598214285714211e-02,1.478794642857142808e-02,1.841517857142857192e-02,1.409040178571428596e-02,1.590401785714285615e-02,1.618303571428571577e-02,1.869419642857142808e-02,1.450892857142857192e-02,1.492745535714285789e-02,1.520647321428571404e-02,1.590401785714285615e-02,1.422991071428571404e-02,1.576450892857142808e-02,1.562500000000000000e-02,1.492745535714285789e-02,1.562500000000000000e-02,1.562500000000000000e-02,1.381138392857142808e-02,1.353236607142857192e-02
-1.132812500000000000e-01,-1.149553571428571369e-01,-1.139787946428571369e-01,-1.162109375000000000e-01,-1.135602678571428631e-01,-1.132812500000000000e-01,-1.136997767857142877e-01,-1.128627232142857123e-01,-1.136997767857142877e-01,-1.121651785714285754e-01,-1.099330357142857123e-01,-1.146763392857142877e-01,-1.109095982142857123e-01,-1.118861607142857123e-01,-1.148158482142857123e-01,-1.111886160714285754e-01,-1.138392857142857123e-01,-1.219308035714285754e-01,-1.146763392857142877e-01,-1.138392857142857123e-01,-1.170479910714285754e-01,-1.145368303571428631e-01,-1.127232142857142877e-01,-1.162109375000000000e-01,-1.149553571428571369e-01,-1.111886160714285754e-01,-1.169084821428571369e-01,-1.145368303571428631e-01,-1.135602678571428631e-01,-1.099330357142857123e-01,-1.152343750000000000e-01,-1.143973214285714246e-01,-1.135602678571428631e-01,-1.135602678571428631e-01,-1.153738839285714246e-01,-1.138392857142857123e-01,-1.136997767857142877e-01,-1.138392857142857123e-01,-1.128627232142857123e-01,-1.135602678571428631e-01,-1.155133928571428631e-01,-1.139787946428571369e-01
-7.477678571428571230e-02,-7.547433035714286309e-02,-7.561383928571428770e-02,-7.798549107142857539e-02,-7.491629464285713691e-02,-7.380022321428571230e-02,-7.519531250000000000e-02,-7.421875000000000000e-02,-7.421875000000000000e-02,-7.366071428571428770e-02,-7.268415178571428770e-02,-7.700892857142857539e-02,-7.114955357142857539e-02,-7.366071428571428770e-02,-7.519531250000000000e-02,-7.170758928571428770e-02,-7.491629464285713691e-02,-8.328683035714286309e-02,-7.631138392857142461e-02,-7.449776785714286309e-02,-7.714843750000000000e-02,-7.603236607142857539e-02,-7.352120535714286309e-02,-7.686941964285713691e-02,-7.672991071428571230e-02,-7.240513392857142461e-02,-7.714843750000000000e-02,-7.505580357142857539e-02,-7.491629464285713691e-02,-7.101004464285713691e-02,-7.491629464285713691e-02,-7.491629464285713691e-02,-7.477678571428571230e-02,-7.449776785714286309e-02,-7.659040178571428770e-02,-7.366071428571428770e-02,-7.491629464285713691e-02,-7.366071428571428770e-02,-7.421875000000000000e-02,-7.505580357142857539e-02,-7.561383928571428770e-02,-7.561383928571428770e-02
-1.255580357142857192e-02,-1.199776785714285789e-02,-1.241629464285714211e-02,-1.562500000000000000e-02,-1.130022321428571404e-02,-9.905133928571428076e-03,-1.297433035714285789e-02,-1.060267857142857192e-02,-1.046316964285714211e-02,-1.060267857142857192e-02,-9.905133928571428076e-03,-1.227678571428571404e-02,-8.231026785714285962e-03,-1.088169642857142808e-02,-1.157924107142857192e-02,-7.393973214285714038e-03,-1.227678571428571404e-02,-2.022879464285714385e-02,-1.255580357142857192e-02,-1.018415178571428596e-02,-1.255580357142857192e-02,-1.213727678571428596e-02,-1.060267857142857192e-02,-1.339285714285714211e-02,-1.185825892857142808e-02,-1.102120535714285789e-02,-1.283482142857142808e-02,-1.157924107142857192e-02,-1.018415178571428596e-02,-9.905133928571428076e-03,-9.626116071428571924e-03,-9.765625000000000000e-03,-1.074218750000000000e-02,-1.060267857142857192e-02,-1.241629464285714211e-02,-9.765625000000000000e-03,-1.116071428571428596e-02,-1.046316964285714211e-02,-1.185825892857142808e-02,-1.199776785714285789e-02,-1.157924107142857192e-02,-1.255580357142857192e-02
-4.157366071428571230e-02,-4.213169642857143155e-02,-4.296875000000000000e-02,-4.310825892857143155e-02,-4.185267857142856845e-02,-4.185267857142856845e-02,-4.296875000000000000e-02,-4.255022321428571230e-02,-4.185267857142856845e-02,-4.255022321428571230e-02,-3.989955357142856845e-02,-4.352678571428571230e-02,-4.157366071428571230e-02,-4.199218750000000000e-02,-4.366629464285714385e-02,-4.003906250000000000e-02,-4.255022321428571230e-02,-4.813058035714285615e-02,-4.310825892857143155e-02,-4.101562500000000000e-02,-4.296875000000000000e-02,-4.310825892857143155e-02,-4.073660714285714385e-02,-4.143415178571428770e-02,-4.366629464285714385e-02,-4.073660714285714385e-02,-4.380580357142856845e-02,-4.213169642857143155e-02,-4.143415178571428770e-02,-3.920200892857143155e-02,-4.352678571428571230e-02,-4.241071428571428770e-02,-4.185267857142856845e-02,-4.129464285714285615e-02,-4.408482142857143155e-02,-4.101562500000000000e-02,-4.171316964285714385e-02,-4.268973214285714385e-02,-4.143415178571428770e-02,-4.227120535714285615e-02,-4.338727678571428770e-02,-4.366629464285714385e-02
-2.169363839285714246e-01,-2.204241071428571508e-01,-2.167968750000000000e-01,-2.223772321428571508e-01,-2.170758928571428492e-01,-2.187500000000000000e-01,-2.169363839285714246e-01,-2.149832589285714246e-01,-2.172154017857142738e-01,-2.131696428571428492e-01,-2.126116071428571508e-01,-2.187500000000000000e-01,-2.092633928571428492e-01,-2.119140625000000000e-01,-2.172154017857142738e-01,-2.137276785714285754e-01,-2.170758928571428492e-01,-2.286551339285714246e-01,-2.191685267857142738e-01,-2.179129464285714246e-01,-2.204241071428571508e-01,-2.163783482142857262e-01,-2.142857142857142738e-01,-2.234933035714285754e-01,-2.172154017857142738e-01,-2.116350446428571508e-01,-2.220982142857142738e-01,-2.190290178571428492e-01,-2.180524553571428492e-01,-2.103794642857142738e-01,-2.187500000000000000e-01,-2.172154017857142738e-01,-2.167968750000000000e-01,-2.184709821428571508e-01,-2.195870535714285754e-01,-2.173549107142857262e-01,-2.179129464285714246e-01,-2.147042410714285754e-01,-2.158203125000000000e-01,-2.158203125000000000e-01,-2.195870535714285754e-01,-2.147042410714285754e-01
-1.250000000000000000e-01,-1.270926339285714246e-01,-1.258370535714285754e-01,-1.300223214285714246e-01,-1.248604910714285754e-01,-1.244419642857142877e-01,-1.259765625000000000e-01,-1.240234375000000000e-01,-1.244419642857142877e-01,-1.222098214285714246e-01,-1.226283482142857123e-01,-1.280691964285714246e-01,-1.178850446428571369e-01,-1.216517857142857123e-01,-1.250000000000000000e-01,-1.219308035714285754e-01,-1.259765625000000000e-01,-1.354631696428571508e-01,-1.270926339285714246e-01,-1.251395089285714246e-01,-1.280691964285714246e-01,-1.247209821428571369e-01,-1.226283482142857123e-01,-1.293247767857142738e-01,-1.247209821428571369e-01,-1.203962053571428631e-01,-1.276506696428571508e-01,-1.256975446428571508e-01,-1.254185267857142738e-01,-1.202566964285714246e-01,-1.252790178571428492e-01,-1.248604910714285754e-01,-1.255580357142857262e-01,-1.258370535714285754e-01,-1.273716517857142738e-01,-1.244419642857142877e-01,-1.252790178571428492e-01,-1.229073660714285754e-01,-1.250000000000000000e-01,-1.252790178571428492e-01,-1.270926339285714246e-01,-1.248604910714285754e-01
-5.078125000000000000e-02,-5.133928571428571230e-02,-5.147879464285714385e-02,-5.594308035714285615e-02,-5.022321428571428770e-02,-4.938616071428571230e-02,-5.175781250000000000e-02,-4.896763392857143155e-02,-5.008370535714285615e-02,-4.799107142857143155e-02,-4.882812500000000000e-02,-5.203683035714285615e-02,-4.464285714285714385e-02,-4.882812500000000000e-02,-4.952566964285714385e-02,-4.645647321428571230e-02,-5.119977678571428770e-02,-6.012834821428571230e-02,-5.217633928571428770e-02,-4.966517857142856845e-02,-5.175781250000000000e-02,-5.036272321428571230e-02,-4.757254464285714385e-02,-5.440848214285714385e-02,-5.022321428571428770e-02,-4.799107142857143155e-02,-5.147879464285714385e-02,-4.952566964285714385e-02,-4.896763392857143155e-02,-4.827008928571428770e-02,-4.813058035714285615e-02,-4.966517857142856845e-02,-5.189732142857143155e-02,-5.022321428571428770e-02,-5.161830357142856845e-02,-4.840959821428571230e-02,-4.938616071428571230e-02,-4.840959821428571230e-02,-5.106026785714285615e-02,-5.022321428571428770e-02,-5.078125000000000000e-02,-4.938616071428571230e-02
-7.087053571428571230e-02,-7.254464285714286309e-02,-7.142857142857142461e-02,-7.380022321428571230e-02,-7.184709821428571230e-02,-7.142857142857142461e-02,-7.226562500000000000e-02,-7.198660714285713691e-02,-7.156808035714286309e-02,-7.142857142857142461e-02,-6.919642857142857539e-02,-7.393973214285713691e-02,-6.905691964285713691e-02,-7.017299107142857539e-02,-7.268415178571428770e-02,-7.031250000000000000e-02,-7.184709821428571230e-02,-7.993861607142857539e-02,-7.296316964285713691e-02,-7.059151785714286309e-02,-7.421875000000000000e-02,-7.254464285714286309e-02,-7.031250000000000000e-02,-7.268415178571428770e-02,-7.240513392857142461e-02,-6.961495535714286309e-02,-7.366071428571428770e-02,-7.212611607142857539e-02,-7.087053571428571230e-02,-6.849888392857142461e-02,-7.268415178571428770e-02,-7.240513392857142461e-02,-7.184709821428571230e-02,-7.184709821428571230e-02,-7.324218750000000000e-02,-7.170758928571428770e-02,-7.142857142857142461e-02,-7.114955357142857539e-02,-7.087053571428571230e-02,-7.156808035714286309e-02,-7.282366071428571230e-02,-7.268415178571428770e-02
-1.774553571428571508e-01,-1.798270089285714246e-01,-1.756417410714285754e-01,-1.794084821428571508e-01,-1.771763392857142738e-01,-1.788504464285714246e-01,-1.755022321428571508e-01,-1.766183035714285754e-01,-1.781529017857142738e-01,-1.746651785714285754e-01,-1.752232142857142738e-01,-1.785714285714285754e-01,-1.722935267857142738e-01,-1.743861607142857262e-01,-1.768973214285714246e-01,-1.756417410714285754e-01,-1.777343750000000000e-01,-1.870814732142857262e-01,-1.796875000000000000e-01,-1.798270089285714246e-01,-1.809430803571428492e-01,-1.768973214285714246e-01,-1.760602678571428492e-01,-1.810825892857142738e-01,-1.802455357142857262e-01,-1.742466517857142738e-01,-1.789899553571428492e-01,-1.774553571428571508e-01,-1.784319196428571508e-01,-1.725725446428571508e-01,-1.788504464285714246e-01,-1.781529017857142738e-01,-1.767578125000000000e-01,-1.775948660714285754e-01,-1.787109375000000000e-01,-1.770368303571428492e-01,-1.768973214285714246e-01,-1.760602678571428492e-01,-1.770368303571428492e-01,-1.759207589285714246e-01,-1.791294642857142738e-01,-1.748046875000000000e-01
-4.729352678571428770e-02,-4.813058035714285615e-02,-4.729352678571428770e-02,-4.994419642857143155e-02,-4.799107142857143155e-02,-4.631696428571428770e-02,-4.701450892857143155e-02,-4.729352678571428770e-02,-4.799107142857143155e-02,-4.561941964285714385e-02,-4.631696428571428770e-02,-4.952566964285714385e-02,-4.282924107142856845e-02,-4.631696428571428770e-02,-4.715401785714285615e-02,-4.603794642857143155e-02,-4.813058035714285615e-02,-5.594308035714285615e-02,-4.924665178571428770e-02,-4.729352678571428770e-02,-4.980468750000000000e-02,-4.645647321428571230e-02,-4.743303571428571230e-02,-4.896763392857143155e-02,-4.854910714285714385e-02,-4.547991071428571230e-02,-4.799107142857143155e-02,-4.631696428571428770e-02,-4.673549107142856845e-02,-4.408482142857143155e-02,-4.701450892857143155e-02,-4.715401785714285615e-02,-4.771205357142856845e-02,-4.757254464285714385e-02,-4.813058035714285615e-02,-4.631696428571428770e-02,-4.617745535714285615e-02,-4.659598214285714385e-02,-4.827008928571428770e-02,-4.743303571428571230e-02,-4.799107142857143155e-02,-4.729352678571428770e-02
2.399553571428571577e-02,2.469308035714285615e-02,2.469308035714285615e-02,2.120535714285714385e-02,2.441406250000000000e-02,2.678571428571428423e-02,2.455357142857142808e-02,2.539062500000000000e-02,2.413504464285714385e-02,2.622767857142857192e-02,2.525111607142857192e-02,2.287946428571428423e-02,2.832031250000000000e-02,2.594866071428571577e-02,2.580915178571428423e-02,2.664620535714285615e-02,2.413504464285714385e-02,1.785714285714285615e-02,2.399553571428571577e-02,2.650669642857142808e-02,2.427455357142857192e-02,2.594866071428571577e-02,2.566964285714285615e-02,2.427455357142857192e-02,2.455357142857142808e-02,2.566964285714285615e-02,2.594866071428571577e-02,2.692522321428571577e-02,2.636718750000000000e-02,2.650669642857142808e-02,2.776227678571428423e-02,2.566964285714285615e-02,2.385602678571428423e-02,2.566964285714285615e-02,2.427455357142857192e-02,2.720424107142857192e-02,2.706473214285714385e-02,2.608816964285714385e-02,2.301897321428571577e-02,2.580915178571428423e-02,2.566964285714285615e-02,2.441406250000000000e-02
-4.743303571428571057e-03,-5.161830357142857019e-03,-4.603794642857142981e-03,-5.580357142857142981e-03,-5.022321428571428943e-03,-5.301339285714285962e-03,-5.022321428571428943e-03,-5.859375000000000000e-03,-5.719866071428571057e-03,-5.301339285714285962e-03,-4.464285714285714038e-03,-6.696428571428571057e-03,-4.185267857142857019e-03,-4.743303571428571057e-03,-5.998883928571428943e-03,-4.464285714285714038e-03,-5.580357142857142981e-03,-1.102120535714285789e-02,-5.301339285714285962e-03,-3.627232142857142981e-03,-6.696428571428571057e-03,-5.161830357142857019e-03,-4.464285714285714038e-03,-4.603794642857142981e-03,-6.696428571428571057e-03,-3.627232142857142981e-03,-5.301339285714285962e-03,-4.464285714285714038e-03,-4.464285714285714038e-03,-2.092633928571428509e-03,-5.719866071428571057e-03,-5.859375000000000000e-03,-4.324776785714285962e-03,-4.464285714285714038e-03,-5.719866071428571057e-03,-4.464285714285714038e-03,-3.906250000000000000e-03,-5.161830357142857019e-03,-5.022321428571428943e-03,-5.161830357142857019e-03,-6.138392857142857019e-03,-5.719866071428571057e-03
-6.236049107142856845e-02,-6.459263392857142461e-02,-6.250000000000000000e-02,-6.263950892857142461e-02,-6.389508928571428770e-02,-6.473214285714286309e-02,-6.180245535714285615e-02,-6.487165178571428770e-02,-6.570870535714286309e-02,-6.403459821428571230e-02,-6.347656250000000000e-02,-6.612723214285713691e-02,-6.250000000000000000e-02,-6.263950892857142461e-02,-6.445312500000000000e-02,-6.417410714285713691e-02,-6.389508928571428770e-02,-6.891741071428571230e-02,-6.445312500000000000e-02,-6.389508928571428770e-02,-6.501116071428571230e-02,-6.208147321428571230e-02,-6.361607142857142461e-02,-6.319754464285713691e-02,-6.598772321428571230e-02,-6.222098214285714385e-02,-6.403459821428571230e-02,-6.263950892857142461e-02,-6.403459821428571230e-02,-6.040736607142856845e-02,-6.501116071428571230e-02,-6.459263392857142461e-02,-6.305803571428571230e-02,-6.431361607142857539e-02,-6.473214285714286309e-02,-6.333705357142857539e-02,-6.263950892857142461e-02,-6.361607142857142461e-02,-6.417410714285713691e-02,-6.375558035714286309e-02,-6.445312500000000000e-02,-6.333705357142857539e-02
4.827008928571428770e-02,4.840959821428571230e-02,4.868861607142856845e-02,4.785156250000000000e-02,4.771205357142856845e-02,4.882812500000000000e-02,4.854910714285714385e-02,4.729352678571428770e-02,4.771205357142856845e-02,4.854910714285714385e-02,4.827008928571428770e-02,4.645647321428571230e-02,4.924665178571428770e-02,4.799107142857143155e-02,4.757254464285714385e-02,4.854910714285714385e-02,4.715401785714285615e-02,4.324776785714285615e-02,4.854910714285714385e-02,5.008370535714285615e-02,4.771205357142856845e-02,4.994419642857143155e-02,4.827008928571428770e-02,4.896763392857143155e-02,4.715401785714285615e-02,4.896763392857143155e-02,4.924665178571428770e-02,5.092075892857143155e-02,4.924665178571428770e-02,4.980468750000000000e-02,4.854910714285714385e-02,4.854910714285714385e-02,4.813058035714285615e-02,4.813058035714285615e-02,4.840959821428571230e-02,4.924665178571428770e-02,4.980468750000000000e-02,4.910714285714285615e-02,4.687500000000000000e-02,4.827008928571428770e-02,4.757254464285714385e-02,4.785156250000000000e-02
1.079799107142857123e-01,1.082589285714285754e-01,1.082589285714285754e-01,1.061662946428571369e-01,1.071428571428571369e-01,1.100725446428571369e-01,1.085379464285714246e-01,1.083984375000000000e-01,1.074218750000000000e-01,1.082589285714285754e-01,1.075613839285714246e-01,1.056082589285714246e-01,1.095145089285714246e-01,1.077008928571428631e-01,1.079799107142857123e-01,1.092354910714285754e-01,1.067243303571428631e-01,1.039341517857142877e-01,1.092354910714285754e-01,1.117466517857142877e-01,1.083984375000000000e-01,1.097935267857142877e-01,1.081194196428571369e-01,1.097935267857142877e-01,1.081194196428571369e-01,1.085379464285714246e-01,1.100725446428571369e-01,1.117466517857142877e-01,1.106305803571428631e-01,1.092354910714285754e-01,1.104910714285714246e-01,1.097935267857142877e-01,1.072823660714285754e-01,1.093750000000000000e-01,1.092354910714285754e-01,1.104910714285714246e-01,1.104910714285714246e-01,1.089564732142857123e-01,1.058872767857142877e-01,1.089564732142857123e-01,1.095145089285714246e-01,1.077008928571428631e-01
6.026785714285714385e-02,6.054687500000000000e-02,6.040736607142856845e-02,6.012834821428571230e-02,5.970982142857143155e-02,5.970982142857143155e-02,6.026785714285714385e-02,5.887276785714285615e-02,5.887276785714285615e-02,5.929129464285714385e-02,6.026785714285714385e-02,5.859375000000000000e-02,5.887276785714285615e-02,5.915178571428571230e-02,5.831473214285714385e-02,5.957031250000000000e-02,5.887276785714285615e-02,5.538504464285714385e-02,6.068638392857143155e-02,6.222098214285714385e-02,5.998883928571428770e-02,6.068638392857143155e-02,6.040736607142856845e-02,6.208147321428571230e-02,5.901227678571428770e-02,6.068638392857143155e-02,6.054687500000000000e-02,6.152343750000000000e-02,6.110491071428571230e-02,6.194196428571428770e-02,5.998883928571428770e-02,5.957031250000000000e-02,6.040736607142856845e-02,6.068638392857143155e-02,5.929129464285714385e-02,6.082589285714285615e-02,6.110491071428571230e-02,5.929129464285714385e-02,5.929129464285714385e-02,5.957031250000000000e-02,5.915178571428571230e-02,5.873325892857143155e-02
-3.683035714285714385e-02,-3.766741071428571230e-02,-3.627232142857143155e-02,-3.599330357142856845e-02,-3.696986607142856845e-02,-3.766741071428571230e-02,-3.585379464285714385e-02,-3.892299107142856845e-02,-3.906250000000000000e-02,-3.738839285714285615e-02,-3.724888392857143155e-02,-3.934151785714285615e-02,-3.627232142857143155e-02,-3.696986607142856845e-02,-3.738839285714285615e-02,-3.641183035714285615e-02,-3.738839285714285615e-02,-4.352678571428571230e-02,-3.766741071428571230e-02,-3.752790178571428770e-02,-3.808593750000000000e-02,-3.696986607142856845e-02,-3.906250000000000000e-02,-3.627232142857143155e-02,-4.031808035714285615e-02,-3.724888392857143155e-02,-3.724888392857143155e-02,-3.557477678571428770e-02,-3.724888392857143155e-02,-3.501674107142856845e-02,-3.850446428571428770e-02,-3.850446428571428770e-02,-3.683035714285714385e-02,-3.780691964285714385e-02,-3.752790178571428770e-02,-3.669084821428571230e-02,-3.557477678571428770e-02,-3.752790178571428770e-02,-3.836495535714285615e-02,-3.696986607142856845e-02,-3.738839285714285615e-02,-3.669084821428571230e-02
6.138392857142857019e-03,6.417410714285714038e-03,7.254464285714285962e-03,6.556919642857142981e-03,6.417410714285714038e-03,7.393973214285714038e-03,8.370535714285714038e-03,5.719866071428571057e-03,5.859375000000000000e-03,6.975446428571428943e-03,6.835937500000000000e-03,5.301339285714285962e-03,7.952008928571428076e-03,6.417410714285714038e-03,7.672991071428571057e-03,7.393973214285714038e-03,6.696428571428571057e-03,4.185267857142856911e-04,5.859375000000000000e-03,7.533482142857142981e-03,5.998883928571428943e-03,7.533482142857142981e-03,5.161830357142857019e-03,8.091517857142857886e-03,5.301339285714285962e-03,6.138392857142857019e-03,8.510044642857142114e-03,8.649553571428571924e-03,7.672991071428571057e-03,7.812500000000000000e-03,6.417410714285714038e-03,6.696428571428571057e-03,6.696428571428571057e-03,6.696428571428571057e-03,6.835937500000000000e-03,8.091517857142857886e-03,8.231026785714285962e-03,7.952008928571428076e-03,5.301339285714285962e-03,7.812500000000000000e-03,6.975446428571428943e-03,7.114955357142857019e-03
5.789620535714285615e-02,5.803571428571428770e-02,5.803571428571428770e-02,5.831473214285714385e-02,5.761718750000000000e-02,6.026785714285714385e-02,5.970982142857143155e-02,5.873325892857143155e-02,5.803571428571428770e-02,5.887276785714285615e-02,5.873325892857143155e-02,5.691964285714285615e-02,5.998883928571428770e-02,5.817522321428571230e-02,5.901227678571428770e-02,6.054687500000000000e-02,5.873325892857143155e-02,5.245535714285714385e-02,5.789620535714285615e-02,6.026785714285714385e-02,5.803571428571428770e-02,5.859375000000000000e-02,5.622209821428571230e-02,5.998883928571428770e-02,5.733816964285714385e-02,5.747767857142856845e-02,6.124441964285714385e-02,6.166294642857143155e-02,6.012834821428571230e-02,5.775669642857143155e-02,6.054687500000000000e-02,5.943080357142856845e-02,5.733816964285714385e-02,5.831473214285714385e-02,5.970982142857143155e-02,6.068638392857143155e-02,6.124441964285714385e-02,5.943080357142856845e-02,5.650111607142856845e-02,5.984933035714285615e-02,6.012834821428571230e-02,5.831473214285714385e-02
1.088169642857142808e-02,1.102120535714285789e-02,1.199776785714285789e-02,1.241629464285714211e-02,1.046316964285714211e-02,1.102120535714285789e-02,1.199776785714285789e-02,1.004464285714285789e-02,9.765625000000000000e-03,1.074218750000000000e-02,1.074218750000000000e-02,9.765625000000000000e-03,1.074218750000000000e-02,1.074218750000000000e-02,1.130022321428571404e-02,1.171875000000000000e-02,1.074218750000000000e-02,6.556919642857142981e-03,1.018415178571428596e-02,1.157924107142857192e-02,1.046316964285714211e-02,1.074218750000000000e-02,1.060267857142857192e-02,1.283482142857142808e-02,9.486607142857142114e-03,9.765625000000000000e-03,1.143973214285714211e-02,1.213727678571428596e-02,1.143973214285714211e-02,1.255580357142857192e-02,1.032366071428571404e-02,1.116071428571428596e-02,1.130022321428571404e-02,1.143973214285714211e-02,1.074218750000000000e-02,1.213727678571428596e-02,1.269531250000000000e-02,1.046316964285714211e-02,1.088169642857142808e-02,1.157924107142857192e-02,1.143973214285714211e-02,1.074218750000000000e-02
-1.019810267857142877e-01,-1.035156250000000000e-01,-1.011439732142857123e-01,-9.988839285714286309e-02,-1.022600446428571369e-01,-1.030970982142857123e-01,-9.946986607142857539e-02,-1.047712053571428631e-01,-1.050502232142857123e-01,-1.014229910714285754e-01,-1.028180803571428631e-01,-1.037946428571428631e-01,-1.010044642857142877e-01,-1.019810267857142877e-01,-1.007254464285714246e-01,-1.022600446428571369e-01,-1.022600446428571369e-01,-1.090959821428571369e-01,-1.029575892857142877e-01,-1.036551339285714246e-01,-1.033761160714285754e-01,-1.011439732142857123e-01,-1.049107142857142877e-01,-1.012834821428571369e-01,-1.057477678571428631e-01,-1.018415178571428631e-01,-1.012834821428571369e-01,-1.008649553571428631e-01,-1.035156250000000000e-01,-1.008649553571428631e-01,-1.042131696428571369e-01,-1.042131696428571369e-01,-1.018415178571428631e-01,-1.033761160714285754e-01,-1.029575892857142877e-01,-1.022600446428571369e-01,-1.000279017857142877e-01,-1.030970982142857123e-01,-1.033761160714285754e-01,-1.021205357142857123e-01,-1.017020089285714246e-01,-1.008649553571428631e-01
1.171875000000000000e-02,1.185825892857142808e-02,1.283482142857142808e-02,1.269531250000000000e-02,1.130022321428571404e-02,1.283482142857142808e-02,1.422991071428571404e-02,1.088169642857142808e-02,1.060267857142857192e-02,1.255580357142857192e-02,1.088169642857142808e-02,1.018415178571428596e-02,1.311383928571428596e-02,1.130022321428571404e-02,1.283482142857142808e-02,1.255580357142857192e-02,1.157924107142857192e-02,6.696428571428571057e-03,1.213727678571428596e-02,1.241629464285714211e-02,1.199776785714285789e-02,1.353236607142857192e-02,1.046316964285714211e-02,1.395089285714285789e-02,1.018415178571428596e-02,1.130022321428571404e-02,1.422991071428571404e-02,1.506696428571428596e-02,1.241629464285714211e-02,1.255580357142857192e-02,1.255580357142857192e-02,1.143973214285714211e-02,1.116071428571428596e-02,1.199776785714285789e-02,1.255580357142857192e-02,1.367187500000000000e-02,1.409040178571428596e-02,1.241629464285714211e-02,1.004464285714285789e-02,1.297433035714285789e-02,1.269531250000000000e-02,1.241629464285714211e-02
7.254464285714286309e-02,7.268415178571428770e-02,7.254464285714286309e-02,7.338169642857142461e-02,7.142857142857142461e-02,7.505580357142857539e-02,7.449776785714286309e-02,7.212611607142857539e-02,7.226562500000000000e-02,7.338169642857142461e-02,7.282366071428571230e-02,7.184709821428571230e-02,7.435825892857142461e-02,7.212611607142857539e-02,7.449776785714286309e-02,7.421875000000000000e-02,7.324218750000000000e-02,6.849888392857142461e-02,7.352120535714286309e-02,7.575334821428571230e-02,7.407924107142857539e-02,7.505580357142857539e-02,7.170758928571428770e-02,7.519531250000000000e-02,7.226562500000000000e-02,7.226562500000000000e-02,7.547433035714286309e-02,7.672991071428571230e-02,7.533482142857142461e-02,7.282366071428571230e-02,7.393973214285713691e-02,7.421875000000000000e-02,7.240513392857142461e-02,7.393973214285713691e-02,7.435825892857142461e-02,7.561383928571428770e-02,7.533482142857142461e-02,7.463727678571428770e-02,7.045200892857142461e-02,7.463727678571428770e-02,7.435825892857142461e-02,7.310267857142857539e-02
3.166852678571428770e-02,3.152901785714285615e-02,3.250558035714285615e-02,3.264508928571428770e-02,3.194754464285714385e-02,3.166852678571428770e-02,3.250558035714285615e-02,3.013392857142857192e-02,3.013392857142857192e-02,3.097098214285714385e-02,3.041294642857142808e-02,2.929687500000000000e-02,3.013392857142857192e-02,3.041294642857142808e-02,3.125000000000000000e-02,3.083147321428571577e-02,3.083147321428571577e-02,2.734375000000000000e-02,3.208705357142856845e-02,3.292410714285714385e-02,3.236607142857143155e-02,3.236607142857143155e-02,3.111049107142857192e-02,3.445870535714285615e-02,3.013392857142857192e-02,3.125000000000000000e-02,3.278459821428571230e-02,3.320312500000000000e-02,3.194754464285714385e-02,3.208705357142856845e-02,3.111049107142857192e-02,3.069196428571428423e-02,3.180803571428571230e-02,3.152901785714285615e-02,3.125000000000000000e-02,3.208705357142856845e-02,3.292410714285714385e-02,3.055245535714285615e-02,3.083147321428571577e-02,3.152901785714285615e-02,3.125000000000000000e-02,3.083147321428571577e-02
-3.641183035714285615e-02,-3.627232142857143155e-02,-3.445870535714285615e-02,-3.362165178571428770e-02,-3.599330357142856845e-02,-3.683035714285714385e-02,-3.264508928571428770e-02,-3.878348214285714385e-02,-3.836495535714285615e-02,-3.641183035714285615e-02,-3.738839285714285615e-02,-3.794642857142856845e-02,-3.557477678571428770e-02,-3.613281250000000000e-02,-3.501674107142856845e-02,-3.696986607142856845e-02,-3.683035714285714385e-02,-4.073660714285714385e-02,-3.487723214285714385e-02,-3.655133928571428770e-02,-3.515625000000000000e-02,-3.306361607142856845e-02,-3.724888392857143155e-02,-3.431919642857143155e-02,-3.836495535714285615e-02,-3.543526785714285615e-02,-3.487723214285714385e-02,-3.445870535714285615e-02,-3.738839285714285615e-02,-3.390066964285714385e-02,-3.710937500000000000e-02,-3.808593750000000000e-02,-3.599330357142856845e-02,-3.683035714285714385e-02,-3.738839285714285615e-02,-3.599330357142856845e-02,-3.417968750000000000e-02,-3.710937500000000000e-02,-3.738839285714285615e-02,-3.487723214285714385e-02,-3.641183035714285615e-02,-3.431919642857143155e-02
7.017299107142857539e-02,7.031250000000000000e-02,7.031250000000000000e-02,7.156808035714286309e-02,7.003348214285713691e-02,7.073102678571428770e-02,7.226562500000000000e-02,6.849888392857142461e-02,6.891741071428571230e-02,7.087053571428571230e-02,6.877790178571428770e-02,6.808035714285713691e-02,7.031250000000000000e-02,6.891741071428571230e-02,7.073102678571428770e-02,7.003348214285713691e-02,6.933593750000000000e-02,6.682477678571428770e-02,7.087053571428571230e-02,7.212611607142857539e-02,7.156808035714286309e-02,7.296316964285713691e-02,6.891741071428571230e-02,7.254464285714286309e-02,6.891741071428571230e-02,7.017299107142857539e-02,7.240513392857142461e-02,7.324218750000000000e-02,7.156808035714286309e-02,7.101004464285713691e-02,7.017299107142857539e-02,6.919642857142857539e-02,7.003348214285713691e-02,7.031250000000000000e-02,7.045200892857142461e-02,7.156808035714286309e-02,7.226562500000000000e-02,7.045200892857142461e-02,6.766183035714286309e-02,7.073102678571428770e-02,7.101004464285713691e-02,7.087053571428571230e-02
1.251395089285714246e-01,1.266741071428571508e-01,1.259765625000000000e-01,1.259765625000000000e-01,1.255580357142857262e-01,1.273716517857142738e-01,1.270926339285714246e-01,1.245814732142857123e-01,1.248604910714285754e-01,1.256975446428571508e-01,1.252790178571428492e-01,1.237444196428571369e-01,1.262555803571428492e-01,1.244419642857142877e-01,1.261160714285714246e-01,1.263950892857142738e-01,1.247209821428571369e-01,1.231863839285714246e-01,1.258370535714285754e-01,1.286272321428571508e-01,1.272321428571428492e-01,1.286272321428571508e-01,1.248604910714285754e-01,1.280691964285714246e-01,1.256975446428571508e-01,1.250000000000000000e-01,1.291852678571428492e-01,1.298828125000000000e-01,1.283482142857142738e-01,1.270926339285714246e-01,1.268136160714285754e-01,1.266741071428571508e-01,1.259765625000000000e-01,1.265345982142857262e-01,1.269531250000000000e-01,1.283482142857142738e-01,1.276506696428571508e-01,1.265345982142857262e-01,1.210937500000000000e-01,1.268136160714285754e-01,1.270926339285714246e-01,1.263950892857142738e-01
7.324218750000000000e-02,7.296316964285713691e-02,7.310267857142857539e-02,7.463727678571428770e-02,7.310267857142857539e-02,7.268415178571428770e-02,7.366071428571428770e-02,7.142857142857142461e-02,7.128906250000000000e-02,7.212611607142857539e-02,7.226562500000000000e-02,7.156808035714286309e-02,7.184709821428571230e-02,7.198660714285713691e-02,7.254464285714286309e-02,7.212611607142857539e-02,7.156808035714286309e-02,6.989397321428571230e-02,7.421875000000000000e-02,7.491629464285713691e-02,7.435825892857142461e-02,7.491629464285713691e-02,7.212611607142857539e-02,7.631138392857142461e-02,7.170758928571428770e-02,7.296316964285713691e-02,7.477678571428571230e-02,7.519531250000000000e-02,7.380022321428571230e-02,7.421875000000000000e-02,7.254464285714286309e-02,7.240513392857142461e-02,7.310267857142857539e-02,7.310267857142857539e-02,7.254464285714286309e-02,7.366071428571428770e-02,7.477678571428571230e-02,7.170758928571428770e-02,7.170758928571428770e-02,7.240513392857142461e-02,7.282366071428571230e-02,7.296316964285713691e-02
-3.404017857142856845e-02,-3.320312500000000000e-02,-3.027343750000000000e-02,-3.097098214285714385e-02,-3.334263392857143155e-02,-3.417968750000000000e-02,-2.636718750000000000e-02,-3.459821428571428770e-02,-3.627232142857143155e-02,-3.111049107142857192e-02,-3.501674107142856845e-02,-3.585379464285714385e-02,-2.859933035714285615e-02,-3.180803571428571230e-02,-3.027343750000000000e-02,-3.404017857142856845e-02,-3.264508928571428770e-02,-3.794642857142856845e-02,-3.180803571428571230e-02,-3.306361607142856845e-02,-3.264508928571428770e-02,-2.664620535714285615e-02,-3.669084821428571230e-02,-3.208705357142856845e-02,-3.487723214285714385e-02,-3.097098214285714385e-02,-2.929687500000000000e-02,-2.804129464285714385e-02,-3.334263392857143155e-02,-3.083147321428571577e-02,-3.320312500000000000e-02,-3.417968750000000000e-02,-3.278459821428571230e-02,-3.390066964285714385e-02,-3.292410714285714385e-02,-3.208705357142856845e-02,-2.971540178571428423e-02,-3.180803571428571230e-02,-3.641183035714285615e-02,-3.111049107142857192e-02,-3.180803571428571230e-02,-2.832031250000000000e-02
1.046316964285714211e-02,1.143973214285714211e-02,1.297433035714285789e-02,1.353236607142857192e-02,1.102120535714285789e-02,1.116071428571428596e-02,1.743861607142857192e-02,1.004464285714285789e-02,9.765625000000000000e-03,1.367187500000000000e-02,8.789062500000000000e-03,7.672991071428571057e-03,1.688058035714285615e-02,1.227678571428571404e-02,1.492745535714285789e-02,1.157924107142857192e-02,1.143973214285714211e-02,6.556919642857142981e-03,1.227678571428571404e-02,1.130022321428571404e-02,1.171875000000000000e-02,1.743861607142857192e-02,7.114955357142857019e-03,1.213727678571428596e-02,9.486607142857142114e-03,1.255580357142857192e-02,1.660156250000000000e-02,1.632254464285714385e-02,1.255580357142857192e-02,1.353236607142857192e-02,1.185825892857142808e-02,9.765625000000000000e-03,1.116071428571428596e-02,1.018415178571428596e-02,1.311383928571428596e-02,1.381138392857142808e-02,1.492745535714285789e-02,1.311383928571428596e-02,6.138392857142857019e-03,1.199776785714285789e-02,1.269531250000000000e-02,1.534598214285714211e-02
5.943080357142856845e-02,5.998883928571428770e-02,6.082589285714285615e-02,6.138392857142856845e-02,5.957031250000000000e-02,6.222098214285714385e-02,6.542968750000000000e-02,6.068638392857143155e-02,6.026785714285714385e-02,6.305803571428571230e-02,5.817522321428571230e-02,5.747767857142856845e-02,6.529017857142857539e-02,6.166294642857143155e-02,6.445312500000000000e-02,6.152343750000000000e-02,6.068638392857143155e-02,5.622209821428571230e-02,6.082589285714285615e-02,6.138392857142856845e-02,6.222098214285714385e-02,6.640625000000000000e-02,5.691964285714285615e-02,6.110491071428571230e-02,5.943080357142856845e-02,6.096540178571428770e-02,6.584821428571428770e-02,6.556919642857142461e-02,6.222098214285714385e-02,6.250000000000000000e-02,6.208147321428571230e-02,6.110491071428571230e-02,5.998883928571428770e-02,6.096540178571428770e-02,6.277901785714286309e-02,6.347656250000000000e-02,6.417410714285713691e-02,6.375558035714286309e-02,5.468750000000000000e-02,6.166294642857143155e-02,6.180245535714285615e-02,6.431361607142857539e-02
1.130022321428571404e-02,1.199776785714285789e-02,1.311383928571428596e-02,1.450892857142857192e-02,1.143973214285714211e-02,1.102120535714285789e-02,1.590401785714285615e-02,1.004464285714285789e-02,1.004464285714285789e-02,1.241629464285714211e-02,1.018415178571428596e-02,9.207589285714285962e-03,1.436941964285714211e-02,1.171875000000000000e-02,1.353236607142857192e-02,1.074218750000000000e-02,1.171875000000000000e-02,7.533482142857142981e-03,1.213727678571428596e-02,1.283482142857142808e-02,1.213727678571428596e-02,1.590401785714285615e-02,9.486607142857142114e-03,1.422991071428571404e-02,1.046316964285714211e-02,1.339285714285714211e-02,1.506696428571428596e-02,1.464843750000000000e-02,1.171875000000000000e-02,1.325334821428571404e-02,1.116071428571428596e-02,1.102120535714285789e-02,1.185825892857142808e-02,1.143973214285714211e-02,1.227678571428571404e-02,1.283482142857142808e-02,1.450892857142857192e-02,1.213727678571428596e-02,9.765625000000000000e-03,1.241629464285714211e-02,1.255580357142857192e-02,1.381138392857142808e-02
-1.086774553571428631e-01,-1.090959821428571369e-01,-1.050502232142857123e-01,-1.065848214285714246e-01,-1.085379464285714246e-01,-1.103515625000000000e-01,-1.022600446428571369e-01,-1.088169642857142877e-01,-1.116071428571428631e-01,-1.054687500000000000e-01,-1.103515625000000000e-01,-1.114676339285714246e-01,-1.028180803571428631e-01,-1.057477678571428631e-01,-1.047712053571428631e-01,-1.082589285714285754e-01,-1.068638392857142877e-01,-1.139787946428571369e-01,-1.074218750000000000e-01,-1.109095982142857123e-01,-1.085379464285714246e-01,-1.025390625000000000e-01,-1.107700892857142877e-01,-1.079799107142857123e-01,-1.103515625000000000e-01,-1.032366071428571369e-01,-1.058872767857142877e-01,-1.049107142857142877e-01,-1.077008928571428631e-01,-1.046316964285714246e-01,-1.083984375000000000e-01,-1.106305803571428631e-01,-1.086774553571428631e-01,-1.089564732142857123e-01,-1.086774553571428631e-01,-1.088169642857142877e-01,-1.061662946428571369e-01,-1.064453125000000000e-01,-1.107700892857142877e-01,-1.047712053571428631e-01,-1.077008928571428631e-01,-1.033761160714285754e-01
6.138392857142857019e-03,6.138392857142857019e-03,7.533482142857142981e-03,6.975446428571428943e-03,5.161830357142857019e-03,6.277901785714285962e-03,1.004464285714285789e-02,5.580357142857142981e-03,3.627232142857142981e-03,8.789062500000000000e-03,4.743303571428571057e-03,3.348214285714285528e-03,1.060267857142857192e-02,8.370535714285714038e-03,9.347098214285714038e-03,6.417410714285714038e-03,6.975446428571428943e-03,1.674107142857142764e-03,7.533482142857142981e-03,6.277901785714285962e-03,7.254464285714285962e-03,1.171875000000000000e-02,4.464285714285714038e-03,5.998883928571428943e-03,5.022321428571428943e-03,9.347098214285714038e-03,9.207589285714285962e-03,1.032366071428571404e-02,7.812500000000000000e-03,9.068080357142857886e-03,6.556919642857142981e-03,6.138392857142857019e-03,5.440848214285714038e-03,6.138392857142857019e-03,6.975446428571428943e-03,7.812500000000000000e-03,8.370535714285714038e-03,8.649553571428571924e-03,3.069196428571428509e-03,8.091517857142857886e-03,6.556919642857142981e-03,9.347098214285714038e-03
6.738281250000000000e-02,6.780133928571428770e-02,6.849888392857142461e-02,6.738281250000000000e-02,6.654575892857142461e-02,6.947544642857142461e-02,7.101004464285713691e-02,6.835937500000000000e-02,6.626674107142857539e-02,6.975446428571428770e-02,6.612723214285713691e-02,6.501116071428571230e-02,7.101004464285713691e-02,6.849888392857142461e-02,7.114955357142857539e-02,6.933593750000000000e-02,6.780133928571428770e-02,6.361607142857142461e-02,6.905691964285713691e-02,6.794084821428571230e-02,7.031250000000000000e-02,7.226562500000000000e-02,6.626674107142857539e-02,6.780133928571428770e-02,6.766183035714286309e-02,6.975446428571428770e-02,7.073102678571428770e-02,7.226562500000000000e-02,7.059151785714286309e-02,7.017299107142857539e-02,6.891741071428571230e-02,6.863839285714286309e-02,6.640625000000000000e-02,6.808035714285713691e-02,6.947544642857142461e-02,7.003348214285713691e-02,6.989397321428571230e-02,7.114955357142857539e-02,6.375558035714286309e-02,6.947544642857142461e-02,6.877790178571428770e-02,6.975446428571428770e-02
2.720424107142857192e-02,2.678571428571428423e-02,2.804129464285714385e-02,2.790178571428571577e-02,2.622767857142857192e-02,2.650669642857142808e-02,2.887834821428571577e-02,2.566964285714285615e-02,2.497209821428571577e-02,2.692522321428571577e-02,2.594866071428571577e-02,2.483258928571428423e-02,2.818080357142857192e-02,2.678571428571428423e-02,2.762276785714285615e-02,2.664620535714285615e-02,2.720424107142857192e-02,2.329799107142857192e-02,2.748325892857142808e-02,2.748325892857142808e-02,2.720424107142857192e-02,2.957589285714285615e-02,2.553013392857142808e-02,2.845982142857142808e-02,2.566964285714285615e-02,2.873883928571428423e-02,2.818080357142857192e-02,2.901785714285714385e-02,2.804129464285714385e-02,2.943638392857142808e-02,2.678571428571428423e-02,2.650669642857142808e-02,2.692522321428571577e-02,2.692522321428571577e-02,2.678571428571428423e-02,2.692522321428571577e-02,2.845982142857142808e-02,2.720424107142857192e-02,2.511160714285714385e-02,2.776227678571428423e-02,2.692522321428571577e-02,2.762276785714285615e-02
-5.594308035714285615e-02,-5.691964285714285615e-02,-5.482700892857143155e-02,-5.510602678571428770e-02,-5.678013392857143155e-02,-5.803571428571428770e-02,-5.371093750000000000e-02,-5.719866071428571230e-02,-5.970982142857143155e-02,-5.510602678571428770e-02,-5.691964285714285615e-02,-5.929129464285714385e-02,-5.301339285714285615e-02,-5.426897321428571230e-02,-5.398995535714285615e-02,-5.733816964285714385e-02,-5.552455357142856845e-02,-6.082589285714285615e-02,-5.426897321428571230e-02,-5.705915178571428770e-02,-5.622209821428571230e-02,-5.161830357142856845e-02,-5.733816964285714385e-02,-5.496651785714285615e-02,-5.789620535714285615e-02,-5.147879464285714385e-02,-5.538504464285714385e-02,-5.315290178571428770e-02,-5.552455357142856845e-02,-5.357142857142856845e-02,-5.650111607142856845e-02,-5.817522321428571230e-02,-5.566406250000000000e-02,-5.622209821428571230e-02,-5.691964285714285615e-02,-5.664062500000000000e-02,-5.385044642857143155e-02,-5.594308035714285615e-02,-5.775669642857143155e-02,-5.398995535714285615e-02,-5.622209821428571230e-02,-5.357142857142856845e-02
5.245535714285714385e-02,5.189732142857143155e-02,5.315290178571428770e-02,5.203683035714285615e-02,5.092075892857143155e-02,5.203683035714285615e-02,5.371093750000000000e-02,5.119977678571428770e-02,5.036272321428571230e-02,5.385044642857143155e-02,5.106026785714285615e-02,4.980468750000000000e-02,5.440848214285714385e-02,5.301339285714285615e-02,5.412946428571428770e-02,5.161830357142856845e-02,5.189732142857143155e-02,4.827008928571428770e-02,5.343191964285714385e-02,5.259486607142856845e-02,5.329241071428571230e-02,5.608258928571428770e-02,5.273437500000000000e-02,5.301339285714285615e-02,5.133928571428571230e-02,5.524553571428571230e-02,5.398995535714285615e-02,5.608258928571428770e-02,5.426897321428571230e-02,5.468750000000000000e-02,5.273437500000000000e-02,5.161830357142856845e-02,5.119977678571428770e-02,5.315290178571428770e-02,5.189732142857143155e-02,5.287388392857143155e-02,5.343191964285714385e-02,5.371093750000000000e-02,5.022321428571428770e-02,5.329241071428571230e-02,5.259486607142856845e-02,5.357142857142856845e-02
1.089564732142857123e-01,1.077008928571428631e-01,1.081194196428571369e-01,1.068638392857142877e-01,1.061662946428571369e-01,1.100725446428571369e-01,1.097935267857142877e-01,1.071428571428571369e-01,1.072823660714285754e-01,1.092354910714285754e-01,1.075613839285714246e-01,1.053292410714285754e-01,1.107700892857142877e-01,1.075613839285714246e-01,1.096540178571428631e-01,1.088169642857142877e-01,1.074218750000000000e-01,1.046316964285714246e-01,1.099330357142857123e-01,1.077008928571428631e-01,1.102120535714285754e-01,1.117466517857142877e-01,1.085379464285714246e-01,1.081194196428571369e-01,1.085379464285714246e-01,1.099330357142857123e-01,1.107700892857142877e-01,1.114676339285714246e-01,1.104910714285714246e-01,1.107700892857142877e-01,1.088169642857142877e-01,1.090959821428571369e-01,1.071428571428571369e-01,1.097935267857142877e-01,1.093750000000000000e-01,1.102120535714285754e-01,1.097935267857142877e-01,1.097935267857142877e-01,1.054687500000000000e-01,1.090959821428571369e-01,1.088169642857142877e-01,1.078404017857142877e-01
5.859375000000000000e-02,5.831473214285714385e-02,5.873325892857143155e-02,5.817522321428571230e-02,5.775669642857143155e-02,5.761718750000000000e-02,5.901227678571428770e-02,5.678013392857143155e-02,5.664062500000000000e-02,5.789620535714285615e-02,5.803571428571428770e-02,5.664062500000000000e-02,5.873325892857143155e-02,5.803571428571428770e-02,5.887276785714285615e-02,5.747767857142856845e-02,5.761718750000000000e-02,5.594308035714285615e-02,5.984933035714285615e-02,5.943080357142856845e-02,5.859375000000000000e-02,6.026785714285714385e-02,5.859375000000000000e-02,6.040736607142856845e-02,5.803571428571428770e-02,5.998883928571428770e-02,5.873325892857143155e-02,6.096540178571428770e-02,5.957031250000000000e-02,6.040736607142856845e-02,5.831473214285714385e-02,5.705915178571428770e-02,5.789620535714285615e-02,5.873325892857143155e-02,5.789620535714285615e-02,5.803571428571428770e-02,5.970982142857143155e-02,5.817522321428571230e-02,5.733816964285714385e-02,5.901227678571428770e-02,5.789620535714285615e-02,5.831473214285714385e-02
-3.836495535714285615e-02,-4.101562500000000000e-02,-3.822544642857143155e-02,-3.989955357142856845e-02,-4.129464285714285615e-02,-4.324776785714285615e-02,-3.892299107142856845e-02,-4.227120535714285615e-02,-4.380580357142856845e-02,-4.031808035714285615e-02,-4.087611607142856845e-02,-4.268973214285714385e-02,-3.794642857142856845e-02,-3.808593750000000000e-02,-3.920200892857143155e-02,-4.073660714285714385e-02,-4.045758928571428770e-02,-4.534040178571428770e-02,-3.850446428571428770e-02,-4.101562500000000000e-02,-4.087611607142856845e-02,-3.724888392857143155e-02,-4.003906250000000000e-02,-3.808593750000000000e-02,-4.101562500000000000e-02,-3.585379464285714385e-02,-4.059709821428571230e-02,-3.724888392857143155e-02,-3.976004464285714385e-02,-3.738839285714285615e-02,-4.073660714285714385e-02,-4.241071428571428770e-02,-4.017857142857143155e-02,-3.989955357142856845e-02,-3.976004464285714385e-02,-4.017857142857143155e-02,-3.906250000000000000e-02,-4.073660714285714385e-02,-4.087611607142856845e-02,-4.017857142857143155e-02,-4.045758928571428770e-02,-3.836495535714285615e-02
6.222098214285714385e-02,6.040736607142856845e-02,6.263950892857142461e-02,6.026785714285714385e-02,5.984933035714285615e-02,6.096540178571428770e-02,6.277901785714286309e-02,5.998883928571428770e-02,5.873325892857143155e-02,6.194196428571428770e-02,5.957031250000000000e-02,5.803571428571428770e-02,6.236049107142856845e-02,6.236049107142856845e-02,6.208147321428571230e-02,6.082589285714285615e-02,6.068638392857143155e-02,5.650111607142856845e-02,6.319754464285713691e-02,6.082589285714285615e-02,6.152343750000000000e-02,6.389508928571428770e-02,6.277901785714286309e-02,6.222098214285714385e-02,6.096540178571428770e-02,6.403459821428571230e-02,6.208147321428571230e-02,6.431361607142857539e-02,6.263950892857142461e-02,6.375558035714286309e-02,6.096540178571428770e-02,6.068638392857143155e-02,6.026785714285714385e-02,6.194196428571428770e-02,6.194196428571428770e-02,6.208147321428571230e-02,6.277901785714286309e-02,6.180245535714285615e-02,5.957031250000000000e-02,6.138392857142856845e-02,6.054687500000000000e-02,6.208147321428571230e-02
1.174665178571428631e-01,1.150948660714285754e-01,1.156529017857142877e-01,1.148158482142857123e-01,1.138392857142857123e-01,1.166294642857142877e-01,1.156529017857142877e-01,1.146763392857142877e-01,1.143973214285714246e-01,1.164899553571428631e-01,1.138392857142857123e-01,1.131417410714285754e-01,1.166294642857142877e-01,1.156529017857142877e-01,1.166294642857142877e-01,1.162109375000000000e-01,1.145368303571428631e-01,1.120256696428571369e-01,1.173270089285714246e-01,1.145368303571428631e-01,1.173270089285714246e-01,1.180245535714285754e-01,1.166294642857142877e-01,1.170479910714285754e-01,1.160714285714285754e-01,1.183035714285714246e-01,1.173270089285714246e-01,1.187220982142857123e-01,1.176060267857142877e-01,1.180245535714285754e-01,1.163504464285714246e-01,1.167689732142857123e-01,1.141183035714285754e-01,1.170479910714285754e-01,1.173270089285714246e-01,1.173270089285714246e-01,1.178850446428571369e-01,1.167689732142857123e-01,1.127232142857142877e-01,1.156529017857142877e-01,1.160714285714285754e-01,1.148158482142857123e-01
6.487165178571428770e-02,6.361607142857142461e-02,6.487165178571428770e-02,6.403459821428571230e-02,6.250000000000000000e-02,6.263950892857142461e-02,6.375558035714286309e-02,6.222098214285714385e-02,6.124441964285714385e-02,6.347656250000000000e-02,6.319754464285713691e-02,6.152343750000000000e-02,6.333705357142857539e-02,6.375558035714286309e-02,6.347656250000000000e-02,6.319754464285713691e-02,6.305803571428571230e-02,6.054687500000000000e-02,6.542968750000000000e-02,6.417410714285713691e-02,6.417410714285713691e-02,6.515066964285713691e-02,6.515066964285713691e-02,6.626674107142857539e-02,6.305803571428571230e-02,6.570870535714286309e-02,6.361607142857142461e-02,6.570870535714286309e-02,6.515066964285713691e-02,6.556919642857142461e-02,6.361607142857142461e-02,6.208147321428571230e-02,6.375558035714286309e-02,6.473214285714286309e-02,6.375558035714286309e-02,6.389508928571428770e-02,6.459263392857142461e-02,6.375558035714286309e-02,6.277901785714286309e-02,6.375558035714286309e-02,6.347656250000000000e-02,6.361607142857142461e-02
-4.394531250000000000e-02,-4.701450892857143155e-02,-4.547991071428571230e-02,-4.589843750000000000e-02,-4.827008928571428770e-02,-4.966517857142856845e-02,-4.631696428571428770e-02,-4.910714285714285615e-02,-4.980468750000000000e-02,-4.924665178571428770e-02,-4.687500000000000000e-02,-4.840959821428571230e-02,-4.743303571428571230e-02,-4.534040178571428770e-02,-4.380580357142856845e-02,-4.645647321428571230e-02,-4.617745535714285615e-02,-4.994419642857143155e-02,-4.561941964285714385e-02,-4.952566964285714385e-02,-4.827008928571428770e-02,-4.478236607142856845e-02,-4.687500000000000000e-02,-4.715401785714285615e-02,-4.980468750000000000e-02,-4.534040178571428770e-02,-4.715401785714285615e-02,-4.492187500000000000e-02,-4.715401785714285615e-02,-4.617745535714285615e-02,-4.771205357142856845e-02,-4.882812500000000000e-02,-4.799107142857143155e-02,-4.575892857142856845e-02,-4.631696428571428770e-02,-4.910714285714285615e-02,-4.673549107142856845e-02,-4.813058035714285615e-02,-4.896763392857143155e-02,-4.952566964285714385e-02,-4.631696428571428770e-02,-4.492187500000000000e-02
5.594308035714285615e-02,5.343191964285714385e-02,5.482700892857143155e-02,5.440848214285714385e-02,5.301339285714285615e-02,5.217633928571428770e-02,5.385044642857143155e-02,5.273437500000000000e-02,5.203683035714285615e-02,5.259486607142856845e-02,5.287388392857143155e-02,5.273437500000000000e-02,5.259486607142856845e-02,5.426897321428571230e-02,5.691964285714285615e-02,5.385044642857143155e-02,5.315290178571428770e-02,5.217633928571428770e-02,5.496651785714285615e-02,5.175781250000000000e-02,5.426897321428571230e-02,5.552455357142856845e-02,5.426897321428571230e-02,5.357142857142856845e-02,5.119977678571428770e-02,5.454799107142856845e-02,5.538504464285714385e-02,5.552455357142856845e-02,5.468750000000000000e-02,5.482700892857143155e-02,5.385044642857143155e-02,5.371093750000000000e-02,5.119977678571428770e-02,5.468750000000000000e-02,5.608258928571428770e-02,5.203683035714285615e-02,5.371093750000000000e-02,5.371093750000000000e-02,5.106026785714285615e-02,5.161830357142856845e-02,5.398995535714285615e-02,5.398995535714285615e-02
1.124441964285714246e-01,1.102120535714285754e-01,1.106305803571428631e-01,1.110491071428571369e-01,1.104910714285714246e-01,1.116071428571428631e-01,1.106305803571428631e-01,1.103515625000000000e-01,1.102120535714285754e-01,1.095145089285714246e-01,1.102120535714285754e-01,1.106305803571428631e-01,1.096540178571428631e-01,1.096540178571428631e-01,1.139787946428571369e-01,1.113281250000000000e-01,1.095145089285714246e-01,1.100725446428571369e-01,1.111886160714285754e-01,1.090959821428571369e-01,1.121651785714285754e-01,1.123046875000000000e-01,1.100725446428571369e-01,1.099330357142857123e-01,1.093750000000000000e-01,1.121651785714285754e-01,1.130022321428571369e-01,1.121651785714285754e-01,1.128627232142857123e-01,1.124441964285714246e-01,1.118861607142857123e-01,1.127232142857142877e-01,1.082589285714285754e-01,1.125837053571428631e-01,1.145368303571428631e-01,1.111886160714285754e-01,1.114676339285714246e-01,1.113281250000000000e-01,1.086774553571428631e-01,1.083984375000000000e-01,1.116071428571428631e-01,1.106305803571428631e-01
6.236049107142856845e-02,5.998883928571428770e-02,6.026785714285714385e-02,6.040736607142856845e-02,5.943080357142856845e-02,5.845424107142856845e-02,5.984933035714285615e-02,5.831473214285714385e-02,5.817522321428571230e-02,5.747767857142856845e-02,5.887276785714285615e-02,5.901227678571428770e-02,5.789620535714285615e-02,5.915178571428571230e-02,6.110491071428571230e-02,5.957031250000000000e-02,5.943080357142856845e-02,5.817522321428571230e-02,6.110491071428571230e-02,5.929129464285714385e-02,5.957031250000000000e-02,6.026785714285714385e-02,5.998883928571428770e-02,6.110491071428571230e-02,5.817522321428571230e-02,6.040736607142856845e-02,6.040736607142856845e-02,6.096540178571428770e-02,6.054687500000000000e-02,5.998883928571428770e-02,5.943080357142856845e-02,5.887276785714285615e-02,5.887276785714285615e-02,6.138392857142856845e-02,6.068638392857143155e-02,5.845424107142856845e-02,6.054687500000000000e-02,5.887276785714285615e-02,5.859375000000000000e-02,5.817522321428571230e-02,5.998883928571428770e-02,5.984933035714285615e-02
-5.984933035714285615e-02,-6.389508928571428770e-02,-6.291852678571428770e-02,-6.194196428571428770e-02,-6.375558035714286309e-02,-6.933593750000000000e-02,-6.431361607142857539e-02,-6.766183035714286309e-02,-6.752232142857142461e-02,-6.821986607142857539e-02,-6.375558035714286309e-02,-6.487165178571428770e-02,-6.766183035714286309e-02,-6.403459821428571230e-02,-5.915178571428571230e-02,-6.417410714285713691e-02,-6.333705357142857539e-02,-6.529017857142857539e-02,-6.250000000000000000e-02,-6.724330357142857539e-02,-6.696428571428571230e-02,-6.389508928571428770e-02,-6.403459821428571230e-02,-6.473214285714286309e-02,-6.752232142857142461e-02,-6.459263392857142461e-02,-6.333705357142857539e-02,-6.263950892857142461e-02,-6.612723214285713691e-02,-6.501116071428571230e-02,-6.570870535714286309e-02,-6.487165178571428770e-02,-6.640625000000000000e-02,-6.250000000000000000e-02,-6.347656250000000000e-02,-6.919642857142857539e-02,-6.612723214285713691e-02,-6.584821428571428770e-02,-6.710379464285713691e-02,-6.821986607142857539e-02,-6.277901785714286309e-02,-6.180245535714285615e-02
4.366629464285714385e-02,4.045758928571428770e-02,4.045758928571428770e-02,4.185267857142856845e-02,4.031808035714285615e-02,3.780691964285714385e-02,3.934151785714285615e-02,3.752790178571428770e-02,3.780691964285714385e-02,3.655133928571428770e-02,3.934151785714285615e-02,3.962053571428571230e-02,3.641183035714285615e-02,3.878348214285714385e-02,4.408482142857143155e-02,4.045758928571428770e-02,4.045758928571428770e-02,3.962053571428571230e-02,4.059709821428571230e-02,3.724888392857143155e-02,3.808593750000000000e-02,4.045758928571428770e-02,3.892299107142856845e-02,3.920200892857143155e-02,3.752790178571428770e-02,3.989955357142856845e-02,4.199218750000000000e-02,4.115513392857143155e-02,3.920200892857143155e-02,3.920200892857143155e-02,3.976004464285714385e-02,4.031808035714285615e-02,3.683035714285714385e-02,4.213169642857143155e-02,4.115513392857143155e-02,3.710937500000000000e-02,3.878348214285714385e-02,3.976004464285714385e-02,3.766741071428571230e-02,3.543526785714285615e-02,4.101562500000000000e-02,4.031808035714285615e-02
1.001674107142857123e-01,9.821428571428571230e-02,9.737723214285713691e-02,9.807477678571428770e-02,9.751674107142857539e-02,9.626116071428571230e-02,9.598214285714286309e-02,9.570312500000000000e-02,9.681919642857142461e-02,9.444754464285713691e-02,9.667968750000000000e-02,9.793526785714286309e-02,9.388950892857142461e-02,9.486607142857142461e-02,1.004464285714285754e-01,9.807477678571428770e-02,9.751674107142857539e-02,9.695870535714286309e-02,9.737723214285713691e-02,9.570312500000000000e-02,9.626116071428571230e-02,9.807477678571428770e-02,9.626116071428571230e-02,9.709821428571428770e-02,9.542410714285713691e-02,9.723772321428571230e-02,9.933035714285713691e-02,9.807477678571428770e-02,9.765625000000000000e-02,9.654017857142857539e-02,9.821428571428571230e-02,9.946986607142857539e-02,9.361049107142857539e-02,9.988839285714286309e-02,1.001674107142857123e-01,9.598214285714286309e-02,9.626116071428571230e-02,9.793526785714286309e-02,9.598214285714286309e-02,9.347098214285713691e-02,9.821428571428571230e-02,9.765625000000000000e-02
5.175781250000000000e-02,4.924665178571428770e-02,4.854910714285714385e-02,5.022321428571428770e-02,4.896763392857143155e-02,4.645647321428571230e-02,4.799107142857143155e-02,4.561941964285714385e-02,4.687500000000000000e-02,4.506138392857143155e-02,4.827008928571428770e-02,4.785156250000000000e-02,4.520089285714285615e-02,4.715401785714285615e-02,5.022321428571428770e-02,4.799107142857143155e-02,4.827008928571428770e-02,4.813058035714285615e-02,4.952566964285714385e-02,4.896763392857143155e-02,4.743303571428571230e-02,4.827008928571428770e-02,4.882812500000000000e-02,4.966517857142856845e-02,4.645647321428571230e-02,4.799107142857143155e-02,4.966517857142856845e-02,4.924665178571428770e-02,4.785156250000000000e-02,4.799107142857143155e-02,4.827008928571428770e-02,4.868861607142856845e-02,4.729352678571428770e-02,5.036272321428571230e-02,4.924665178571428770e-02,4.645647321428571230e-02,4.785156250000000000e-02,4.687500000000000000e-02,4.701450892857143155e-02,4.575892857142856845e-02,4.896763392857143155e-02,4.785156250000000000e-02
-2.106584821428571577e-02,-2.413504464285714385e-02,-2.469308035714285615e-02,-2.357700892857142808e-02,-2.455357142857142808e-02,-2.957589285714285615e-02,-2.594866071428571577e-02,-2.943638392857142808e-02,-2.832031250000000000e-02,-2.901785714285714385e-02,-2.622767857142857192e-02,-2.525111607142857192e-02,-2.957589285714285615e-02,-2.608816964285714385e-02,-2.232142857142857192e-02,-2.553013392857142808e-02,-2.539062500000000000e-02,-2.692522321428571577e-02,-2.413504464285714385e-02,-2.539062500000000000e-02,-2.818080357142857192e-02,-2.580915178571428423e-02,-2.553013392857142808e-02,-2.427455357142857192e-02,-2.762276785714285615e-02,-2.664620535714285615e-02,-2.469308035714285615e-02,-2.413504464285714385e-02,-2.762276785714285615e-02,-2.636718750000000000e-02,-2.678571428571428423e-02,-2.525111607142857192e-02,-2.594866071428571577e-02,-2.413504464285714385e-02,-2.539062500000000000e-02,-2.971540178571428423e-02,-2.692522321428571577e-02,-2.845982142857142808e-02,-2.762276785714285615e-02,-2.734375000000000000e-02,-2.287946428571428423e-02,-2.511160714285714385e-02
8.049665178571428770e-02,7.952008928571428770e-02,7.756696428571428770e-02,7.938058035714286309e-02,7.910156250000000000e-02,7.589285714285713691e-02,7.575334821428571230e-02,7.463727678571428770e-02,7.631138392857142461e-02,7.393973214285713691e-02,7.645089285714286309e-02,7.700892857142857539e-02,7.380022321428571230e-02,7.505580357142857539e-02,7.965959821428571230e-02,7.798549107142857539e-02,7.700892857142857539e-02,7.728794642857142461e-02,7.868303571428571230e-02,7.770647321428571230e-02,7.631138392857142461e-02,7.728794642857142461e-02,7.798549107142857539e-02,7.840401785714286309e-02,7.603236607142857539e-02,7.659040178571428770e-02,7.882254464285713691e-02,7.952008928571428770e-02,7.672991071428571230e-02,7.589285714285713691e-02,7.798549107142857539e-02,7.882254464285713691e-02,7.589285714285713691e-02,7.910156250000000000e-02,7.882254464285713691e-02,7.561383928571428770e-02,7.659040178571428770e-02,7.645089285714286309e-02,7.589285714285713691e-02,7.477678571428571230e-02,7.896205357142857539e-02,7.589285714285713691e-02
1.330915178571428492e-01,1.333705357142857262e-01,1.297433035714285754e-01,1.322544642857142738e-01,1.321149553571428492e-01,1.309988839285714246e-01,1.287667410714285754e-01,1.293247767857142738e-01,1.304408482142857262e-01,1.280691964285714246e-01,1.301618303571428492e-01,1.311383928571428492e-01,1.273716517857142738e-01,1.275111607142857262e-01,1.328125000000000000e-01,1.322544642857142738e-01,1.298828125000000000e-01,1.308593750000000000e-01,1.315569196428571508e-01,1.307198660714285754e-01,1.303013392857142738e-01,1.311383928571428492e-01,1.319754464285714246e-01,1.314174107142857262e-01,1.301618303571428492e-01,1.294642857142857262e-01,1.337890625000000000e-01,1.318359375000000000e-01,1.305803571428571508e-01,1.294642857142857262e-01,1.329520089285714246e-01,1.329520089285714246e-01,1.282087053571428492e-01,1.329520089285714246e-01,1.330915178571428492e-01,1.301618303571428492e-01,1.304408482142857262e-01,1.308593750000000000e-01,1.300223214285714246e-01,1.291852678571428492e-01,1.316964285714285754e-01,1.287667410714285754e-01
7.812500000000000000e-02,7.659040178571428770e-02,7.421875000000000000e-02,7.631138392857142461e-02,7.561383928571428770e-02,7.393973214285713691e-02,7.324218750000000000e-02,7.212611607142857539e-02,7.324218750000000000e-02,7.156808035714286309e-02,7.449776785714286309e-02,7.449776785714286309e-02,7.128906250000000000e-02,7.296316964285713691e-02,7.617187500000000000e-02,7.533482142857142461e-02,7.380022321428571230e-02,7.435825892857142461e-02,7.631138392857142461e-02,7.672991071428571230e-02,7.366071428571428770e-02,7.435825892857142461e-02,7.561383928571428770e-02,7.686941964285713691e-02,7.366071428571428770e-02,7.380022321428571230e-02,7.617187500000000000e-02,7.603236607142857539e-02,7.449776785714286309e-02,7.435825892857142461e-02,7.463727678571428770e-02,7.561383928571428770e-02,7.435825892857142461e-02,7.672991071428571230e-02,7.519531250000000000e-02,7.310267857142857539e-02,7.435825892857142461e-02,7.310267857142857539e-02,7.380022321428571230e-02,7.296316964285713691e-02,7.547433035714286309e-02,7.310267857142857539e-02
-5.719866071428571057e-03,-7.254464285714285962e-03,-8.231026785714285962e-03,-7.533482142857142981e-03,-8.789062500000000000e-03,-1.213727678571428596e-02,-1.004464285714285789e-02,-1.241629464285714211e-02,-1.032366071428571404e-02,-1.283482142857142808e-02,-9.626116071428571924e-03,-9.626116071428571924e-03,-1.325334821428571404e-02,-1.088169642857142808e-02,-6.835937500000000000e-03,-9.347098214285714038e-03,-9.207589285714285962e-03,-1.088169642857142808e-02,-7.812500000000000000e-03,-8.510044642857142114e-03,-1.157924107142857192e-02,-1.074218750000000000e-02,-9.207589285714285962e-03,-7.672991071428571057e-03,-1.102120535714285789e-02,-1.074218750000000000e-02,-9.068080357142857886e-03,-8.231026785714285962e-03,-1.088169642857142808e-02,-1.074218750000000000e-02,-1.004464285714285789e-02,-8.789062500000000000e-03,-9.765625000000000000e-03,-7.672991071428571057e-03,-1.004464285714285789e-02,-1.269531250000000000e-02,-1.074218750000000000e-02,-1.199776785714285789e-02,-1.102120535714285789e-02,-1.074218750000000000e-02,-6.975446428571428943e-03,-1.004464285714285789e-02
9.249441964285713691e-02,9.263392857142857539e-02,8.984375000000000000e-02,9.193638392857142461e-02,9.109933035714286309e-02,8.970424107142857539e-02,8.914620535714286309e-02,8.803013392857142461e-02,8.970424107142857539e-02,8.635602678571428770e-02,8.914620535714286309e-02,9.012276785714286309e-02,8.663504464285713691e-02,8.705357142857142461e-02,9.109933035714286309e-02,9.012276785714286309e-02,8.928571428571428770e-02,8.872767857142857539e-02,9.095982142857142461e-02,9.109933035714286309e-02,8.914620535714286309e-02,8.984375000000000000e-02,9.082031250000000000e-02,9.193638392857142461e-02,8.886718750000000000e-02,8.900669642857142461e-02,9.235491071428571230e-02,9.151785714285713691e-02,8.970424107142857539e-02,8.858816964285713691e-02,9.123883928571428770e-02,9.109933035714286309e-02,8.830915178571428770e-02,9.137834821428571230e-02,9.095982142857142461e-02,8.886718750000000000e-02,8.984375000000000000e-02,8.858816964285713691e-02,8.928571428571428770e-02,8.858816964285713691e-02,9.095982142857142461e-02,8.775111607142857539e-02
1.417410714285714246e-01,1.425781250000000000e-01,1.393694196428571508e-01,1.421595982142857262e-01,1.411830357142857262e-01,1.417410714285714246e-01,1.374162946428571508e-01,1.388113839285714246e-01,1.406250000000000000e-01,1.369977678571428492e-01,1.395089285714285754e-01,1.404854910714285754e-01,1.371372767857142738e-01,1.365792410714285754e-01,1.410435267857142738e-01,1.414620535714285754e-01,1.396484375000000000e-01,1.403459821428571508e-01,1.406250000000000000e-01,1.409040178571428492e-01,1.399274553571428492e-01,1.406250000000000000e-01,1.410435267857142738e-01,1.420200892857142738e-01,1.395089285714285754e-01,1.388113839285714246e-01,1.429966517857142738e-01,1.410435267857142738e-01,1.402064732142857262e-01,1.402064732142857262e-01,1.428571428571428492e-01,1.424386160714285754e-01,1.379743303571428492e-01,1.416015625000000000e-01,1.428571428571428492e-01,1.411830357142857262e-01,1.410435267857142738e-01,1.396484375000000000e-01,1.402064732142857262e-01,1.390904017857142738e-01,1.403459821428571508e-01,1.371372767857142738e-01
8.384486607142857539e-02,8.314732142857142461e-02,8.203125000000000000e-02,8.328683035714286309e-02,8.258928571428571230e-02,8.133370535714286309e-02,8.119419642857142461e-02,7.924107142857142461e-02,8.077566964285713691e-02,7.882254464285713691e-02,8.161272321428571230e-02,8.147321428571428770e-02,7.826450892857142461e-02,7.924107142857142461e-02,8.161272321428571230e-02,8.175223214285713691e-02,8.147321428571428770e-02,8.063616071428571230e-02,8.314732142857142461e-02,8.426339285714286309e-02,8.077566964285713691e-02,8.105468750000000000e-02,8.244977678571428770e-02,8.482142857142857539e-02,8.007812500000000000e-02,8.091517857142857539e-02,8.286830357142857539e-02,8.244977678571428770e-02,8.119419642857142461e-02,8.133370535714286309e-02,8.161272321428571230e-02,8.231026785714286309e-02,8.147321428571428770e-02,8.258928571428571230e-02,8.203125000000000000e-02,8.049665178571428770e-02,8.189174107142857539e-02,7.979910714285713691e-02,8.091517857142857539e-02,8.077566964285713691e-02,8.217075892857142461e-02,7.993861607142857539e-02
-5.287388392857143155e-02,-5.496651785714285615e-02,-5.454799107142856845e-02,-5.482700892857143155e-02,-5.552455357142856845e-02,-5.775669642857143155e-02,-5.622209821428571230e-02,-5.691964285714285615e-02,-5.678013392857143155e-02,-5.678013392857143155e-02,-5.524553571428571230e-02,-5.566406250000000000e-02,-5.664062500000000000e-02,-5.468750000000000000e-02,-5.301339285714285615e-02,-5.357142857142856845e-02,-5.398995535714285615e-02,-5.970982142857143155e-02,-5.552455357142856845e-02,-5.761718750000000000e-02,-5.998883928571428770e-02,-5.664062500000000000e-02,-5.496651785714285615e-02,-5.468750000000000000e-02,-5.817522321428571230e-02,-5.566406250000000000e-02,-5.664062500000000000e-02,-5.426897321428571230e-02,-5.664062500000000000e-02,-5.538504464285714385e-02,-5.636160714285714385e-02,-5.650111607142856845e-02,-5.678013392857143155e-02,-5.454799107142856845e-02,-5.566406250000000000e-02,-5.775669642857143155e-02,-5.510602678571428770e-02,-5.678013392857143155e-02,-5.705915178571428770e-02,-5.594308035714285615e-02,-5.398995535714285615e-02,-5.552455357142856845e-02
-1.576450892857142808e-02,-1.660156250000000000e-02,-1.646205357142857192e-02,-1.618303571428571577e-02,-1.729910714285714385e-02,-1.813616071428571577e-02,-1.813616071428571577e-02,-1.883370535714285615e-02,-1.813616071428571577e-02,-1.799665178571428423e-02,-1.688058035714285615e-02,-1.757812500000000000e-02,-1.897321428571428423e-02,-1.674107142857142808e-02,-1.464843750000000000e-02,-1.548549107142857192e-02,-1.674107142857142808e-02,-2.134486607142857192e-02,-1.785714285714285615e-02,-1.925223214285714385e-02,-2.008928571428571577e-02,-1.757812500000000000e-02,-1.688058035714285615e-02,-1.729910714285714385e-02,-1.897321428571428423e-02,-1.702008928571428423e-02,-1.743861607142857192e-02,-1.632254464285714385e-02,-1.702008928571428423e-02,-1.618303571428571577e-02,-1.674107142857142808e-02,-1.715959821428571577e-02,-1.939174107142857192e-02,-1.618303571428571577e-02,-1.590401785714285615e-02,-1.869419642857142808e-02,-1.729910714285714385e-02,-1.743861607142857192e-02,-1.855468750000000000e-02,-1.827566964285714385e-02,-1.688058035714285615e-02,-1.743861607142857192e-02
3.696986607142856845e-02,3.585379464285714385e-02,3.501674107142856845e-02,3.696986607142856845e-02,3.585379464285714385e-02,3.683035714285714385e-02,3.404017857142856845e-02,3.501674107142856845e-02,3.585379464285714385e-02,3.417968750000000000e-02,3.599330357142856845e-02,3.445870535714285615e-02,3.459821428571428770e-02,3.543526785714285615e-02,3.710937500000000000e-02,3.906250000000000000e-02,3.683035714285714385e-02,3.264508928571428770e-02,3.459821428571428770e-02,3.348214285714285615e-02,3.376116071428571230e-02,3.557477678571428770e-02,3.613281250000000000e-02,3.641183035714285615e-02,3.445870535714285615e-02,3.529575892857143155e-02,3.655133928571428770e-02,3.683035714285714385e-02,3.696986607142856845e-02,3.669084821428571230e-02,3.766741071428571230e-02,3.641183035714285615e-02,3.264508928571428770e-02,3.724888392857143155e-02,3.864397321428571230e-02,3.696986607142856845e-02,3.738839285714285615e-02,3.724888392857143155e-02,3.613281250000000000e-02,3.585379464285714385e-02,3.501674107142856845e-02,3.362165178571428770e-02
-8.231026785714285962e-03,-9.347098214285714038e-03,-9.207589285714285962e-03,-9.486607142857142114e-03,-1.018415178571428596e-02,-1.102120535714285789e-02,-1.046316964285714211e-02,-1.143973214285714211e-02,-1.046316964285714211e-02,-1.130022321428571404e-02,-9.347098214285714038e-03,-1.004464285714285789e-02,-1.157924107142857192e-02,-1.018415178571428596e-02,-9.765625000000000000e-03,-8.510044642857142114e-03,-9.486607142857142114e-03,-1.311383928571428596e-02,-1.018415178571428596e-02,-9.905133928571428076e-03,-1.213727678571428596e-02,-1.088169642857142808e-02,-9.068080357142857886e-03,-8.091517857142857886e-03,-1.143973214285714211e-02,-1.074218750000000000e-02,-1.018415178571428596e-02,-9.068080357142857886e-03,-1.018415178571428596e-02,-8.789062500000000000e-03,-1.088169642857142808e-02,-1.018415178571428596e-02,-9.905133928571428076e-03,-8.928571428571428076e-03,-1.060267857142857192e-02,-1.143973214285714211e-02,-9.905133928571428076e-03,-1.060267857142857192e-02,-1.074218750000000000e-02,-1.032366071428571404e-02,-9.207589285714285962e-03,-1.060267857142857192e-02
-1.876395089285714246e-01,-2.017299107142857262e-01,-1.933593750000000000e-01,-2.042410714285714246e-01,-2.015904017857142738e-01,-1.996372767857142738e-01,-1.955915178571428492e-01,-1.950334821428571508e-01,-2.001953125000000000e-01,-1.908482142857142738e-01,-1.950334821428571508e-01,-1.975446428571428492e-01,-1.900111607142857262e-01,-1.883370535714285754e-01,-1.805245535714285754e-01,-1.918247767857142738e-01,-1.918247767857142738e-01,-2.041015625000000000e-01,-1.967075892857142738e-01,-2.011718750000000000e-01,-2.001953125000000000e-01,-1.950334821428571508e-01,-1.861049107142857262e-01,-1.943359375000000000e-01,-1.912667410714285754e-01,-1.893136160714285754e-01,-1.993582589285714246e-01,-1.900111607142857262e-01,-1.909877232142857262e-01,-1.905691964285714246e-01,-1.948939732142857262e-01,-1.932198660714285754e-01,-1.986607142857142738e-01,-1.911272321428571508e-01,-1.868024553571428492e-01,-1.974051339285714246e-01,-1.922433035714285754e-01,-1.875000000000000000e-01,-1.993582589285714246e-01,-1.964285714285714246e-01,-1.968470982142857262e-01,-1.912667410714285754e-01
-6.305803571428571230e-02,-7.212611607142857539e-02,-6.598772321428571230e-02,-7.449776785714286309e-02,-7.296316964285713691e-02,-6.794084821428571230e-02,-6.794084821428571230e-02,-6.654575892857142461e-02,-7.059151785714286309e-02,-6.389508928571428770e-02,-6.794084821428571230e-02,-6.919642857142857539e-02,-6.487165178571428770e-02,-6.291852678571428770e-02,-5.691964285714285615e-02,-6.445312500000000000e-02,-6.501116071428571230e-02,-7.366071428571428770e-02,-6.849888392857142461e-02,-7.170758928571428770e-02,-6.975446428571428770e-02,-6.654575892857142461e-02,-5.901227678571428770e-02,-6.529017857142857539e-02,-6.291852678571428770e-02,-6.361607142857142461e-02,-6.891741071428571230e-02,-6.319754464285713691e-02,-6.236049107142856845e-02,-6.319754464285713691e-02,-6.584821428571428770e-02,-6.459263392857142461e-02,-7.142857142857142461e-02,-6.291852678571428770e-02,-5.943080357142856845e-02,-6.794084821428571230e-02,-6.431361607142857539e-02,-5.984933035714285615e-02,-6.961495535714286309e-02,-6.780133928571428770e-02,-7.003348214285713691e-02,-6.542968750000000000e-02
8.370535714285714038e-03,1.813616071428571491e-03,4.743303571428571057e-03,8.370535714285713821e-04,5.580357142857142547e-04,6.696428571428571057e-03,3.627232142857142981e-03,5.719866071428571057e-03,3.627232142857142981e-03,6.975446428571428943e-03,4.743303571428571057e-03,2.929687500000000000e-03,6.835937500000000000e-03,8.091517857142857886e-03,1.241629464285714211e-02,7.952008928571428076e-03,7.533482142857142981e-03,5.580357142857142547e-04,3.348214285714285528e-03,9.765625000000000000e-04,3.627232142857142981e-03,5.719866071428571057e-03,1.171875000000000000e-02,7.114955357142857019e-03,9.347098214285714038e-03,8.370535714285714038e-03,5.440848214285714038e-03,8.789062500000000000e-03,1.018415178571428596e-02,8.928571428571428076e-03,8.091517857142857886e-03,7.952008928571428076e-03,9.765625000000000000e-04,8.928571428571428076e-03,1.395089285714285789e-02,6.277901785714285962e-03,8.370535714285714038e-03,1.241629464285714211e-02,4.743303571428571057e-03,3.906250000000000000e-03,2.371651785714285528e-03,4.603794642857142981e-03
-2.036830357142857192e-02,-2.525111607142857192e-02,-2.232142857142857192e-02,-2.748325892857142808e-02,-2.706473214285714385e-02,-2.427455357142857192e-02,-2.385602678571428423e-02,-2.329799107142857192e-02,-2.525111607142857192e-02,-2.176339285714285615e-02,-2.329799107142857192e-02,-2.427455357142857192e-02,-2.287946428571428423e-02,-2.148437500000000000e-02,-1.785714285714285615e-02,-2.246093750000000000e-02,-2.273995535714285615e-02,-2.706473214285714385e-02,-2.329799107142857192e-02,-2.385602678571428423e-02,-2.385602678571428423e-02,-2.357700892857142808e-02,-1.729910714285714385e-02,-2.022879464285714385e-02,-2.120535714285714385e-02,-2.050781250000000000e-02,-2.413504464285714385e-02,-1.981026785714285615e-02,-2.008928571428571577e-02,-2.036830357142857192e-02,-2.260044642857142808e-02,-2.148437500000000000e-02,-2.469308035714285615e-02,-1.994977678571428423e-02,-1.883370535714285615e-02,-2.441406250000000000e-02,-2.092633928571428423e-02,-1.981026785714285615e-02,-2.441406250000000000e-02,-2.385602678571428423e-02,-2.483258928571428423e-02,-2.287946428571428423e-02
-1.955915178571428492e-01,-2.067522321428571508e-01,-2.043805803571428492e-01,-2.070312500000000000e-01,-2.045200892857142738e-01,-2.087053571428571508e-01,-2.060546875000000000e-01,-2.024274553571428492e-01,-2.036830357142857262e-01,-1.988002232142857262e-01,-2.035435267857142738e-01,-2.007533482142857262e-01,-1.992187500000000000e-01,-1.954520089285714246e-01,-1.845703125000000000e-01,-1.961495535714285754e-01,-2.039620535714285754e-01,-2.155412946428571508e-01,-2.027064732142857262e-01,-2.120535714285714246e-01,-2.088448660714285754e-01,-2.031250000000000000e-01,-1.886160714285714246e-01,-2.060546875000000000e-01,-1.986607142857142738e-01,-1.999162946428571508e-01,-2.022879464285714246e-01,-1.907087053571428492e-01,-2.003348214285714246e-01,-1.979631696428571508e-01,-1.989397321428571508e-01,-1.946149553571428492e-01,-2.114955357142857262e-01,-2.042410714285714246e-01,-1.875000000000000000e-01,-2.031250000000000000e-01,-1.999162946428571508e-01,-1.947544642857142738e-01,-2.092633928571428492e-01,-2.074497767857142738e-01,-1.971261160714285754e-01,-2.034040178571428492e-01
-1.501116071428571508e-01,-1.577845982142857262e-01,-1.570870535714285754e-01,-1.579241071428571508e-01,-1.569475446428571508e-01,-1.598772321428571508e-01,-1.584821428571428492e-01,-1.538783482142857262e-01,-1.556919642857142738e-01,-1.517857142857142738e-01,-1.563895089285714246e-01,-1.530412946428571508e-01,-1.523437500000000000e-01,-1.484375000000000000e-01,-1.389508928571428492e-01,-1.495535714285714246e-01,-1.562500000000000000e-01,-1.658761160714285754e-01,-1.547154017857142738e-01,-1.637834821428571508e-01,-1.601562500000000000e-01,-1.555524553571428492e-01,-1.424386160714285754e-01,-1.573660714285714246e-01,-1.513671875000000000e-01,-1.537388392857142738e-01,-1.534598214285714246e-01,-1.438337053571428492e-01,-1.520647321428571508e-01,-1.505301339285714246e-01,-1.505301339285714246e-01,-1.474609375000000000e-01,-1.632254464285714246e-01,-1.556919642857142738e-01,-1.409040178571428492e-01,-1.545758928571428492e-01,-1.526227678571428492e-01,-1.474609375000000000e-01,-1.605747767857142738e-01,-1.586216517857142738e-01,-1.505301339285714246e-01,-1.563895089285714246e-01
-7.533482142857142461e-02,-7.924107142857142461e-02,-7.952008928571428770e-02,-7.938058035714286309e-02,-7.868303571428571230e-02,-7.910156250000000000e-02,-8.133370535714286309e-02,-7.770647321428571230e-02,-7.742745535714286309e-02,-7.603236607142857539e-02,-7.840401785714286309e-02,-7.603236607142857539e-02,-7.603236607142857539e-02,-7.393973214285713691e-02,-6.612723214285713691e-02,-7.254464285714286309e-02,-7.756696428571428770e-02,-8.733258928571428770e-02,-7.910156250000000000e-02,-8.496093750000000000e-02,-8.161272321428571230e-02,-7.812500000000000000e-02,-6.724330357142857539e-02,-7.924107142857142461e-02,-7.477678571428571230e-02,-7.686941964285713691e-02,-7.477678571428571230e-02,-6.877790178571428770e-02,-7.449776785714286309e-02,-7.366071428571428770e-02,-7.338169642857142461e-02,-7.017299107142857539e-02,-8.523995535714286309e-02,-7.854352678571428770e-02,-6.459263392857142461e-02,-7.589285714285713691e-02,-7.533482142857142461e-02,-7.017299107142857539e-02,-8.063616071428571230e-02,-8.091517857142857539e-02,-7.449776785714286309e-02,-8.063616071428571230e-02
-9.040178571428571230e-02,-9.556361607142857539e-02,-9.500558035714286309e-02,-9.598214285714286309e-02,-9.500558035714286309e-02,-9.681919642857142461e-02,-9.612165178571428770e-02,-9.416852678571428770e-02,-9.500558035714286309e-02,-9.361049107142857539e-02,-9.514508928571428770e-02,-9.333147321428571230e-02,-9.416852678571428770e-02,-9.151785714285713691e-02,-8.579799107142857539e-02,-9.109933035714286309e-02,-9.458705357142857539e-02,-1.008649553571428631e-01,-9.388950892857142461e-02,-9.765625000000000000e-02,-9.709821428571428770e-02,-9.556361607142857539e-02,-8.621651785714286309e-02,-9.388950892857142461e-02,-9.291294642857142461e-02,-9.402901785714286309e-02,-9.458705357142857539e-02,-8.775111607142857539e-02,-9.305245535714286309e-02,-9.165736607142857539e-02,-9.193638392857142461e-02,-9.012276785714286309e-02,-9.779575892857142461e-02,-9.416852678571428770e-02,-8.775111607142857539e-02,-9.416852678571428770e-02,-9.207589285714286309e-02,-9.137834821428571230e-02,-9.779575892857142461e-02,-9.709821428571428770e-02,-9.054129464285713691e-02,-9.528459821428571230e-02
-2.625558035714285476e-01,-2.689732142857143016e-01,-2.682756696428571508e-01,-2.696707589285714524e-01,-2.678571428571428492e-01,-2.726004464285714524e-01,-2.689732142857143016e-01,-2.668805803571428492e-01,-2.677176339285714524e-01,-2.643694196428571508e-01,-2.674386160714285476e-01,-2.664620535714285476e-01,-2.667410714285714524e-01,-2.599051339285714524e-01,-2.572544642857143016e-01,-2.624162946428571508e-01,-2.693917410714285476e-01,-2.781808035714285476e-01,-2.666015625000000000e-01,-2.767857142857143016e-01,-2.723214285714285476e-01,-2.693917410714285476e-01,-2.599051339285714524e-01,-2.714843750000000000e-01,-2.681361607142856984e-01,-2.643694196428571508e-01,-2.702287946428571508e-01,-2.617187500000000000e-01,-2.666015625000000000e-01,-2.650669642857143016e-01,-2.681361607142856984e-01,-2.659040178571428492e-01,-2.714843750000000000e-01,-2.666015625000000000e-01,-2.615792410714285476e-01,-2.682756696428571508e-01,-2.638113839285714524e-01,-2.659040178571428492e-01,-2.717633928571428492e-01,-2.691127232142856984e-01,-2.657645089285714524e-01,-2.633928571428571508e-01
-1.625279017857142738e-01,-1.664341517857142738e-01,-1.654575892857142738e-01,-1.671316964285714246e-01,-1.662946428571428492e-01,-1.679687500000000000e-01,-1.669921875000000000e-01,-1.642020089285714246e-01,-1.655970982142857262e-01,-1.635044642857142738e-01,-1.657366071428571508e-01,-1.648995535714285754e-01,-1.655970982142857262e-01,-1.593191964285714246e-01,-1.584821428571428492e-01,-1.619698660714285754e-01,-1.672712053571428492e-01,-1.722935267857142738e-01,-1.644810267857142738e-01,-1.728515625000000000e-01,-1.685267857142857262e-01,-1.668526785714285754e-01,-1.590401785714285754e-01,-1.675502232142857262e-01,-1.662946428571428492e-01,-1.635044642857142738e-01,-1.664341517857142738e-01,-1.602957589285714246e-01,-1.637834821428571508e-01,-1.629464285714285754e-01,-1.648995535714285754e-01,-1.637834821428571508e-01,-1.696428571428571508e-01,-1.647600446428571508e-01,-1.600167410714285754e-01,-1.648995535714285754e-01,-1.616908482142857262e-01,-1.630859375000000000e-01,-1.686662946428571508e-01,-1.660156250000000000e-01,-1.647600446428571508e-01,-1.640625000000000000e-01
-8.272879464285713691e-02,-8.328683035714286309e-02,-8.328683035714286309e-02,-8.384486607142857539e-02,-8.370535714285713691e-02,-8.356584821428571230e-02,-8.523995535714286309e-02,-8.231026785714286309e-02,-8.175223214285713691e-02,-8.161272321428571230e-02,-8.272879464285713691e-02,-8.147321428571428770e-02,-8.328683035714286309e-02,-7.910156250000000000e-02,-7.896205357142857539e-02,-7.938058035714286309e-02,-8.314732142857142461e-02,-8.914620535714286309e-02,-8.356584821428571230e-02,-8.928571428571428770e-02,-8.523995535714286309e-02,-8.370535714285713691e-02,-7.798549107142857539e-02,-8.440290178571428770e-02,-8.314732142857142461e-02,-8.258928571428571230e-02,-8.231026785714286309e-02,-7.979910714285713691e-02,-8.049665178571428770e-02,-8.049665178571428770e-02,-8.231026785714286309e-02,-8.091517857142857539e-02,-8.691406250000000000e-02,-8.231026785714286309e-02,-7.561383928571428770e-02,-8.203125000000000000e-02,-7.896205357142857539e-02,-7.938058035714286309e-02,-8.412388392857142461e-02,-8.314732142857142461e-02,-8.342633928571428770e-02,-8.286830357142857539e-02
-9.514508928571428770e-02,-9.793526785714286309e-02,-9.835379464285713691e-02,-9.821428571428571230e-02,-9.793526785714286309e-02,-9.877232142857142461e-02,-9.905133928571428770e-02,-9.793526785714286309e-02,-9.821428571428571230e-02,-9.765625000000000000e-02,-9.807477678571428770e-02,-9.765625000000000000e-02,-9.933035714285713691e-02,-9.556361607142857539e-02,-9.458705357142857539e-02,-9.570312500000000000e-02,-9.919084821428571230e-02,-1.030970982142857123e-01,-9.695870535714286309e-02,-1.010044642857142877e-01,-9.974888392857142461e-02,-9.960937500000000000e-02,-9.375000000000000000e-02,-9.751674107142857539e-02,-9.863281250000000000e-02,-9.667968750000000000e-02,-9.877232142857142461e-02,-9.514508928571428770e-02,-9.695870535714286309e-02,-9.654017857142857539e-02,-9.821428571428571230e-02,-9.751674107142857539e-02,-9.933035714285713691e-02,-9.737723214285713691e-02,-9.542410714285713691e-02,-9.751674107142857539e-02,-9.542410714285713691e-02,-9.793526785714286309e-02,-9.933035714285713691e-02,-9.891183035714286309e-02,-9.737723214285713691e-02,-9.765625000000000000e-02
-2.236328125000000000e-01,-2.239118303571428492e-01,-2.359095982142857262e-01,-2.255859375000000000e-01,-2.216796875000000000e-01,-2.384207589285714246e-01,-2.366071428571428492e-01,-2.373046875000000000e-01,-2.239118303571428492e-01,-2.314453125000000000e-01,-2.345145089285714246e-01,-2.226562500000000000e-01,-2.361886160714285754e-01,-2.287946428571428492e-01,-2.230747767857142738e-01,-2.223772321428571508e-01,-2.391183035714285754e-01,-2.151227678571428492e-01,-2.200055803571428492e-01,-2.409319196428571508e-01,-2.380022321428571508e-01,-2.360491071428571508e-01,-2.193080357142857262e-01,-2.384207589285714246e-01,-2.354910714285714246e-01,-2.318638392857142738e-01,-2.280970982142857262e-01,-2.218191964285714246e-01,-2.353515625000000000e-01,-2.332589285714285754e-01,-2.275390625000000000e-01,-2.236328125000000000e-01,-2.385602678571428492e-01,-2.381417410714285754e-01,-2.239118303571428492e-01,-2.378627232142857262e-01,-2.354910714285714246e-01,-2.363281250000000000e-01,-2.356305803571428492e-01,-2.374441964285714246e-01,-2.233537946428571508e-01,-2.287946428571428492e-01
-8.523995535714286309e-02,-8.384486607142857539e-02,-9.444754464285713691e-02,-8.496093750000000000e-02,-8.314732142857142461e-02,-9.486607142857142461e-02,-9.542410714285713691e-02,-9.556361607142857539e-02,-8.426339285714286309e-02,-9.249441964285713691e-02,-9.402901785714286309e-02,-8.537946428571428770e-02,-9.528459821428571230e-02,-9.026227678571428770e-02,-8.649553571428571230e-02,-8.454241071428571230e-02,-9.654017857142857539e-02,-7.728794642857142461e-02,-8.189174107142857539e-02,-9.835379464285713691e-02,-9.584263392857142461e-02,-9.347098214285713691e-02,-8.217075892857142461e-02,-9.570312500000000000e-02,-9.458705357142857539e-02,-9.165736607142857539e-02,-8.663504464285713691e-02,-8.314732142857142461e-02,-9.347098214285713691e-02,-9.165736607142857539e-02,-8.733258928571428770e-02,-8.356584821428571230e-02,-9.751674107142857539e-02,-9.640066964285713691e-02,-8.300781250000000000e-02,-9.458705357142857539e-02,-9.416852678571428770e-02,-9.402901785714286309e-02,-9.375000000000000000e-02,-9.667968750000000000e-02,-8.551897321428571230e-02,-9.193638392857142461e-02
-8.789062500000000000e-03,-5.161830357142857019e-03,-1.409040178571428596e-02,-6.835937500000000000e-03,-5.998883928571428943e-03,-1.367187500000000000e-02,-1.562500000000000000e-02,-1.506696428571428596e-02,-5.719866071428571057e-03,-1.381138392857142808e-02,-1.450892857142857192e-02,-6.556919642857142981e-03,-1.506696428571428596e-02,-1.157924107142857192e-02,-9.207589285714285962e-03,-5.440848214285714038e-03,-1.506696428571428596e-02,-9.765625000000000000e-04,-5.301339285714285962e-03,-1.813616071428571577e-02,-1.520647321428571404e-02,-1.269531250000000000e-02,-4.185267857142857019e-03,-1.506696428571428596e-02,-1.464843750000000000e-02,-1.436941964285714211e-02,-7.254464285714285962e-03,-6.417410714285714038e-03,-1.255580357142857192e-02,-1.213727678571428596e-02,-7.533482142857142981e-03,-4.464285714285714038e-03,-1.813616071428571577e-02,-1.660156250000000000e-02,-3.069196428571428509e-03,-1.395089285714285789e-02,-1.367187500000000000e-02,-1.325334821428571404e-02,-1.283482142857142808e-02,-1.604352678571428423e-02,-7.672991071428571057e-03,-1.353236607142857192e-02
-2.915736607142857192e-02,-2.859933035714285615e-02,-3.627232142857143155e-02,-2.943638392857142808e-02,-2.887834821428571577e-02,-3.585379464285714385e-02,-3.696986607142856845e-02,-3.724888392857143155e-02,-2.873883928571428423e-02,-3.529575892857143155e-02,-3.515625000000000000e-02,-3.055245535714285615e-02,-3.738839285714285615e-02,-3.445870535714285615e-02,-3.236607142857143155e-02,-2.971540178571428423e-02,-3.724888392857143155e-02,-2.566964285714285615e-02,-2.720424107142857192e-02,-3.613281250000000000e-02,-3.571428571428571230e-02,-3.599330357142856845e-02,-2.762276785714285615e-02,-3.529575892857143155e-02,-3.599330357142856845e-02,-3.404017857142856845e-02,-3.111049107142857192e-02,-2.873883928571428423e-02,-3.487723214285714385e-02,-3.431919642857143155e-02,-3.125000000000000000e-02,-2.915736607142857192e-02,-3.683035714285714385e-02,-3.641183035714285615e-02,-2.971540178571428423e-02,-3.641183035714285615e-02,-3.543526785714285615e-02,-3.669084821428571230e-02,-3.487723214285714385e-02,-3.696986607142856845e-02,-2.985491071428571577e-02,-3.501674107142856845e-02
-1.028180803571428631e-01,-1.011439732142857123e-01,-1.131417410714285754e-01,-1.029575892857142877e-01,-1.001674107142857123e-01,-1.141183035714285754e-01,-1.124441964285714246e-01,-1.130022321428571369e-01,-1.025390625000000000e-01,-1.107700892857142877e-01,-1.118861607142857123e-01,-1.019810267857142877e-01,-1.145368303571428631e-01,-1.082589285714285754e-01,-1.044921875000000000e-01,-1.023995535714285754e-01,-1.145368303571428631e-01,-1.021205357142857123e-01,-9.863281250000000000e-02,-1.139787946428571369e-01,-1.136997767857142877e-01,-1.132812500000000000e-01,-1.000279017857142877e-01,-1.130022321428571369e-01,-1.136997767857142877e-01,-1.096540178571428631e-01,-1.061662946428571369e-01,-1.011439732142857123e-01,-1.130022321428571369e-01,-1.117466517857142877e-01,-1.050502232142857123e-01,-1.028180803571428631e-01,-1.120256696428571369e-01,-1.124441964285714246e-01,-1.046316964285714246e-01,-1.127232142857142877e-01,-1.117466517857142877e-01,-1.152343750000000000e-01,-1.120256696428571369e-01,-1.127232142857142877e-01,-1.015625000000000000e-01,-1.092354910714285754e-01
1.506696428571428596e-02,1.715959821428571577e-02,7.533482142857142981e-03,1.604352678571428423e-02,1.632254464285714385e-02,7.812500000000000000e-03,7.114955357142857019e-03,6.835937500000000000e-03,1.632254464285714385e-02,7.672991071428571057e-03,7.114955357142857019e-03,1.534598214285714211e-02,5.580357142857142981e-03,9.626116071428571924e-03,1.157924107142857192e-02,1.464843750000000000e-02,5.301339285714285962e-03,1.506696428571428596e-02,1.785714285714285615e-02,6.138392857142857019e-03,7.672991071428571057e-03,6.975446428571428943e-03,1.702008928571428423e-02,7.114955357142857019e-03,6.696428571428571057e-03,8.510044642857142114e-03,1.436941964285714211e-02,1.632254464285714385e-02,8.789062500000000000e-03,7.952008928571428076e-03,1.353236607142857192e-02,1.618303571428571577e-02,5.859375000000000000e-03,6.556919642857142981e-03,1.562500000000000000e-02,8.370535714285714038e-03,8.928571428571428076e-03,6.556919642857142981e-03,8.231026785714285962e-03,6.277901785714285962e-03,1.450892857142857192e-02,7.812500000000000000e-03
7.645089285714286309e-02,7.840401785714286309e-02,7.142857142857142461e-02,7.854352678571428770e-02,7.770647321428571230e-02,7.310267857142857539e-02,7.017299107142857539e-02,7.059151785714286309e-02,7.798549107142857539e-02,7.073102678571428770e-02,6.961495535714286309e-02,7.672991071428571230e-02,6.905691964285713691e-02,7.226562500000000000e-02,7.324218750000000000e-02,7.784598214285713691e-02,6.961495535714286309e-02,7.840401785714286309e-02,7.924107142857142461e-02,6.961495535714286309e-02,7.240513392857142461e-02,7.128906250000000000e-02,7.826450892857142461e-02,7.142857142857142461e-02,7.031250000000000000e-02,7.087053571428571230e-02,7.798549107142857539e-02,7.742745535714286309e-02,7.366071428571428770e-02,7.142857142857142461e-02,7.742745535714286309e-02,7.826450892857142461e-02,6.849888392857142461e-02,6.961495535714286309e-02,7.952008928571428770e-02,7.282366071428571230e-02,7.240513392857142461e-02,7.087053571428571230e-02,7.212611607142857539e-02,6.947544642857142461e-02,7.589285714285713691e-02,7.031250000000000000e-02
3.529575892857143155e-02,3.669084821428571230e-02,2.859933035714285615e-02,3.529575892857143155e-02,3.557477678571428770e-02,3.013392857142857192e-02,2.887834821428571577e-02,2.859933035714285615e-02,3.529575892857143155e-02,2.943638392857142808e-02,2.985491071428571577e-02,3.445870535714285615e-02,2.692522321428571577e-02,3.013392857142857192e-02,3.208705357142856845e-02,3.445870535714285615e-02,2.762276785714285615e-02,3.445870535714285615e-02,3.696986607142856845e-02,3.055245535714285615e-02,3.027343750000000000e-02,2.818080357142857192e-02,3.613281250000000000e-02,3.069196428571428423e-02,2.915736607142857192e-02,3.041294642857142808e-02,3.334263392857143155e-02,3.557477678571428770e-02,2.985491071428571577e-02,3.041294642857142808e-02,3.348214285714285615e-02,3.529575892857143155e-02,2.999441964285714385e-02,2.999441964285714385e-02,3.376116071428571230e-02,2.971540178571428423e-02,3.027343750000000000e-02,2.734375000000000000e-02,3.069196428571428423e-02,2.915736607142857192e-02,3.417968750000000000e-02,2.943638392857142808e-02
-7.924107142857142461e-02,-7.575334821428571230e-02,-8.440290178571428770e-02,-7.854352678571428770e-02,-7.561383928571428770e-02,-8.300781250000000000e-02,-8.314732142857142461e-02,-8.258928571428571230e-02,-7.714843750000000000e-02,-8.175223214285713691e-02,-8.300781250000000000e-02,-7.770647321428571230e-02,-8.649553571428571230e-02,-7.910156250000000000e-02,-8.105468750000000000e-02,-7.840401785714286309e-02,-8.565848214285713691e-02,-7.310267857142857539e-02,-7.352120535714286309e-02,-8.426339285714286309e-02,-8.272879464285713691e-02,-8.454241071428571230e-02,-7.589285714285713691e-02,-8.328683035714286309e-02,-8.537946428571428770e-02,-8.231026785714286309e-02,-8.161272321428571230e-02,-7.784598214285713691e-02,-8.440290178571428770e-02,-8.468191964285713691e-02,-8.035714285714286309e-02,-7.826450892857142461e-02,-8.161272321428571230e-02,-8.328683035714286309e-02,-8.119419642857142461e-02,-8.328683035714286309e-02,-8.105468750000000000e-02,-8.705357142857142461e-02,-8.203125000000000000e-02,-8.300781250000000000e-02,-7.840401785714286309e-02,-8.035714285714286309e-02
2.832031250000000000e-02,3.222656250000000000e-02,2.566964285714285615e-02,2.971540178571428423e-02,3.152901785714285615e-02,2.748325892857142808e-02,2.553013392857142808e-02,2.608816964285714385e-02,3.055245535714285615e-02,2.664620535714285615e-02,2.622767857142857192e-02,3.013392857142857192e-02,2.273995535714285615e-02,2.859933035714285615e-02,2.566964285714285615e-02,2.957589285714285615e-02,2.273995535714285615e-02,3.515625000000000000e-02,3.445870535714285615e-02,2.622767857142857192e-02,2.748325892857142808e-02,2.497209821428571577e-02,3.097098214285714385e-02,2.650669642857142808e-02,2.441406250000000000e-02,2.622767857142857192e-02,2.887834821428571577e-02,3.013392857142857192e-02,2.720424107142857192e-02,2.553013392857142808e-02,2.776227678571428423e-02,3.069196428571428423e-02,2.511160714285714385e-02,2.580915178571428423e-02,2.971540178571428423e-02,2.664620535714285615e-02,2.818080357142857192e-02,2.413504464285714385e-02,2.748325892857142808e-02,2.580915178571428423e-02,2.832031250000000000e-02,2.734375000000000000e-02
8.803013392857142461e-02,9.082031250000000000e-02,8.621651785714286309e-02,8.970424107142857539e-02,9.012276785714286309e-02,8.872767857142857539e-02,8.468191964285713691e-02,8.607700892857142461e-02,8.970424107142857539e-02,8.510044642857142461e-02,8.551897321428571230e-02,8.816964285714286309e-02,8.356584821428571230e-02,8.872767857142857539e-02,8.398437500000000000e-02,8.914620535714286309e-02,8.384486607142857539e-02,9.388950892857142461e-02,9.319196428571428770e-02,8.579799107142857539e-02,8.761160714285713691e-02,8.607700892857142461e-02,8.984375000000000000e-02,8.663504464285713691e-02,8.468191964285713691e-02,8.593750000000000000e-02,8.858816964285713691e-02,8.789062500000000000e-02,8.803013392857142461e-02,8.621651785714286309e-02,8.747209821428571230e-02,8.998325892857142461e-02,8.412388392857142461e-02,8.537946428571428770e-02,9.068080357142857539e-02,8.761160714285713691e-02,8.872767857142857539e-02,8.510044642857142461e-02,8.747209821428571230e-02,8.551897321428571230e-02,8.621651785714286309e-02,8.496093750000000000e-02
4.255022321428571230e-02,4.520089285714285615e-02,3.976004464285714385e-02,4.338727678571428770e-02,4.478236607142856845e-02,4.185267857142856845e-02,3.989955357142856845e-02,4.003906250000000000e-02,4.464285714285714385e-02,4.059709821428571230e-02,4.087611607142856845e-02,4.352678571428571230e-02,3.752790178571428770e-02,4.143415178571428770e-02,3.976004464285714385e-02,4.227120535714285615e-02,3.864397321428571230e-02,4.631696428571428770e-02,4.631696428571428770e-02,4.310825892857143155e-02,4.185267857142856845e-02,4.003906250000000000e-02,4.492187500000000000e-02,4.227120535714285615e-02,4.017857142857143155e-02,4.059709821428571230e-02,4.129464285714285615e-02,4.366629464285714385e-02,4.143415178571428770e-02,4.017857142857143155e-02,4.171316964285714385e-02,4.352678571428571230e-02,4.171316964285714385e-02,4.101562500000000000e-02,4.185267857142856845e-02,4.115513392857143155e-02,4.199218750000000000e-02,3.864397321428571230e-02,4.227120535714285615e-02,4.087611607142856845e-02,4.268973214285714385e-02,4.073660714285714385e-02
-7.659040178571428770e-02,-7.393973214285713691e-02,-8.203125000000000000e-02,-7.672991071428571230e-02,-7.380022321428571230e-02,-7.952008928571428770e-02,-7.965959821428571230e-02,-7.993861607142857539e-02,-7.603236607142857539e-02,-7.868303571428571230e-02,-7.910156250000000000e-02,-7.645089285714286309e-02,-8.482142857142857539e-02,-7.575334821428571230e-02,-8.063616071428571230e-02,-7.728794642857142461e-02,-8.440290178571428770e-02,-7.198660714285713691e-02,-7.240513392857142461e-02,-8.035714285714286309e-02,-7.952008928571428770e-02,-8.189174107142857539e-02,-7.547433035714286309e-02,-8.063616071428571230e-02,-8.314732142857142461e-02,-7.868303571428571230e-02,-7.993861607142857539e-02,-7.742745535714286309e-02,-8.091517857142857539e-02,-8.258928571428571230e-02,-8.091517857142857539e-02,-7.784598214285713691e-02,-7.840401785714286309e-02,-7.854352678571428770e-02,-7.924107142857142461e-02,-7.979910714285713691e-02,-7.700892857142857539e-02,-8.496093750000000000e-02,-7.952008928571428770e-02,-7.896205357142857539e-02,-7.854352678571428770e-02,-7.603236607142857539e-02
2.776227678571428423e-02,3.152901785714285615e-02,2.650669642857142808e-02,2.887834821428571577e-02,3.125000000000000000e-02,2.859933035714285615e-02,2.622767857142857192e-02,2.720424107142857192e-02,2.985491071428571577e-02,2.790178571428571577e-02,2.539062500000000000e-02,2.887834821428571577e-02,2.176339285714285615e-02,2.971540178571428423e-02,2.441406250000000000e-02,2.832031250000000000e-02,2.273995535714285615e-02,3.306361607142856845e-02,3.376116071428571230e-02,2.622767857142857192e-02,2.845982142857142808e-02,2.539062500000000000e-02,2.985491071428571577e-02,2.636718750000000000e-02,2.469308035714285615e-02,2.580915178571428423e-02,2.818080357142857192e-02,2.762276785714285615e-02,2.804129464285714385e-02,2.553013392857142808e-02,2.566964285714285615e-02,2.832031250000000000e-02,2.678571428571428423e-02,2.734375000000000000e-02,2.804129464285714385e-02,2.818080357142857192e-02,2.999441964285714385e-02,2.399553571428571577e-02,2.720424107142857192e-02,2.720424107142857192e-02,2.580915178571428423e-02,2.832031250000000000e-02
8.956473214285713691e-02,9.291294642857142461e-02,8.956473214285713691e-02,9.123883928571428770e-02,9.249441964285713691e-02,9.221540178571428770e-02,8.816964285714286309e-02,8.984375000000000000e-02,9.221540178571428770e-02,8.900669642857142461e-02,8.761160714285713691e-02,8.970424107142857539e-02,8.468191964285713691e-02,9.137834821428571230e-02,8.496093750000000000e-02,8.998325892857142461e-02,8.607700892857142461e-02,9.472656250000000000e-02,9.500558035714286309e-02,8.872767857142857539e-02,9.095982142857142461e-02,8.844866071428571230e-02,9.026227678571428770e-02,8.984375000000000000e-02,8.719308035714286309e-02,8.872767857142857539e-02,9.109933035714286309e-02,8.956473214285713691e-02,9.082031250000000000e-02,8.956473214285713691e-02,8.844866071428571230e-02,9.082031250000000000e-02,8.775111607142857539e-02,8.872767857142857539e-02,9.207589285714286309e-02,9.137834821428571230e-02,9.347098214285713691e-02,8.803013392857142461e-02,9.026227678571428770e-02,8.928571428571428770e-02,8.747209821428571230e-02,8.761160714285713691e-02
4.380580357142856845e-02,4.617745535714285615e-02,4.227120535714285615e-02,4.478236607142856845e-02,4.617745535714285615e-02,4.394531250000000000e-02,4.255022321428571230e-02,4.268973214285714385e-02,4.478236607142856845e-02,4.255022321428571230e-02,4.268973214285714385e-02,4.394531250000000000e-02,3.878348214285714385e-02,4.380580357142856845e-02,4.031808035714285615e-02,4.282924107142856845e-02,3.934151785714285615e-02,4.645647321428571230e-02,4.701450892857143155e-02,4.394531250000000000e-02,4.422433035714285615e-02,4.171316964285714385e-02,4.547991071428571230e-02,4.450334821428571230e-02,4.101562500000000000e-02,4.296875000000000000e-02,4.282924107142856845e-02,4.352678571428571230e-02,4.366629464285714385e-02,4.199218750000000000e-02,4.255022321428571230e-02,4.352678571428571230e-02,4.436383928571428770e-02,4.366629464285714385e-02,4.296875000000000000e-02,4.352678571428571230e-02,4.561941964285714385e-02,3.934151785714285615e-02,4.380580357142856845e-02,4.324776785714285615e-02,4.268973214285714385e-02,4.366629464285714385e-02
-9.221540178571428770e-02,-9.291294642857142461e-02,-9.486607142857142461e-02,-9.444754464285713691e-02,-9.193638392857142461e-02,-9.514508928571428770e-02,-9.458705357142857539e-02,-9.556361607142857539e-02,-9.458705357142857539e-02,-9.319196428571428770e-02,-9.514508928571428770e-02,-9.528459821428571230e-02,-9.667968750000000000e-02,-8.942522321428571230e-02,-9.458705357142857539e-02,-9.263392857142857539e-02,-9.751674107142857539e-02,-9.207589285714286309e-02,-8.956473214285713691e-02,-9.835379464285713691e-02,-9.500558035714286309e-02,-9.500558035714286309e-02,-9.012276785714286309e-02,-9.556361607142857539e-02,-9.723772321428571230e-02,-9.123883928571428770e-02,-9.654017857142857539e-02,-9.388950892857142461e-02,-9.514508928571428770e-02,-9.528459821428571230e-02,-9.654017857142857539e-02,-9.542410714285713691e-02,-9.347098214285713691e-02,-9.347098214285713691e-02,-9.486607142857142461e-02,-9.430803571428571230e-02,-9.235491071428571230e-02,-9.835379464285713691e-02,-9.472656250000000000e-02,-9.528459821428571230e-02,-9.458705357142857539e-02,-8.998325892857142461e-02
1.688058035714285615e-02,1.771763392857142808e-02,1.674107142857142808e-02,1.576450892857142808e-02,1.702008928571428423e-02,1.590401785714285615e-02,1.506696428571428596e-02,1.688058035714285615e-02,1.534598214285714211e-02,1.702008928571428423e-02,1.436941964285714211e-02,1.506696428571428596e-02,1.283482142857142808e-02,1.967075892857142808e-02,1.367187500000000000e-02,1.618303571428571577e-02,1.325334821428571404e-02,1.813616071428571577e-02,2.078683035714285615e-02,1.311383928571428596e-02,1.674107142857142808e-02,1.548549107142857192e-02,1.883370535714285615e-02,1.590401785714285615e-02,1.367187500000000000e-02,1.715959821428571577e-02,1.562500000000000000e-02,1.604352678571428423e-02,1.702008928571428423e-02,1.674107142857142808e-02,1.422991071428571404e-02,1.548549107142857192e-02,1.478794642857142808e-02,1.674107142857142808e-02,1.688058035714285615e-02,1.618303571428571577e-02,1.813616071428571577e-02,1.395089285714285789e-02,1.576450892857142808e-02,1.548549107142857192e-02,1.422991071428571404e-02,1.674107142857142808e-02
7.812500000000000000e-02,7.854352678571428770e-02,7.896205357142857539e-02,7.826450892857142461e-02,7.840401785714286309e-02,7.910156250000000000e-02,7.728794642857142461e-02,7.910156250000000000e-02,7.770647321428571230e-02,7.798549107142857539e-02,7.603236607142857539e-02,7.603236607142857539e-02,7.575334821428571230e-02,7.993861607142857539e-02,7.463727678571428770e-02,7.770647321428571230e-02,7.617187500000000000e-02,7.924107142857142461e-02,8.231026785714286309e-02,7.645089285714286309e-02,7.882254464285713691e-02,7.798549107142857539e-02,7.882254464285713691e-02,7.770647321428571230e-02,7.659040178571428770e-02,7.965959821428571230e-02,7.826450892857142461e-02,7.686941964285713691e-02,7.938058035714286309e-02,7.993861607142857539e-02,7.603236607142857539e-02,7.742745535714286309e-02,7.519531250000000000e-02,7.742745535714286309e-02,7.993861607142857539e-02,7.924107142857142461e-02,8.049665178571428770e-02,7.728794642857142461e-02,7.784598214285713691e-02,7.714843750000000000e-02,7.575334821428571230e-02,7.742745535714286309e-02
3.501674107142856845e-02,3.543526785714285615e-02,3.362165178571428770e-02,3.376116071428571230e-02,3.417968750000000000e-02,3.459821428571428770e-02,3.334263392857143155e-02,3.348214285714285615e-02,3.362165178571428770e-02,3.362165178571428770e-02,3.320312500000000000e-02,3.334263392857143155e-02,3.138950892857143155e-02,3.529575892857143155e-02,3.222656250000000000e-02,3.431919642857143155e-02,3.180803571428571230e-02,3.571428571428571230e-02,3.683035714285714385e-02,3.390066964285714385e-02,3.515625000000000000e-02,3.348214285714285615e-02,3.627232142857143155e-02,3.529575892857143155e-02,3.320312500000000000e-02,3.557477678571428770e-02,3.320312500000000000e-02,3.459821428571428770e-02,3.459821428571428770e-02,3.445870535714285615e-02,3.320312500000000000e-02,3.362165178571428770e-02,3.501674107142856845e-02,3.557477678571428770e-02,3.376116071428571230e-02,3.487723214285714385e-02,3.585379464285714385e-02,3.180803571428571230e-02,3.431919642857143155e-02,3.390066964285714385e-02,3.334263392857143155e-02,3.459821428571428770e-02
-4.785156250000000000e-02,-4.687500000000000000e-02,-4.868861607142856845e-02,-4.854910714285714385e-02,-4.673549107142856845e-02,-4.840959821428571230e-02,-4.799107142857143155e-02,-4.840959821428571230e-02,-4.896763392857143155e-02,-4.785156250000000000e-02,-4.771205357142856845e-02,-4.840959821428571230e-02,-5.036272321428571230e-02,-4.534040178571428770e-02,-4.938616071428571230e-02,-4.715401785714285615e-02,-5.036272321428571230e-02,-4.743303571428571230e-02,-4.464285714285714385e-02,-4.896763392857143155e-02,-4.701450892857143155e-02,-4.882812500000000000e-02,-4.547991071428571230e-02,-4.854910714285714385e-02,-5.008370535714285615e-02,-4.645647321428571230e-02,-5.064174107142856845e-02,-4.840959821428571230e-02,-4.813058035714285615e-02,-4.882812500000000000e-02,-4.952566964285714385e-02,-4.896763392857143155e-02,-4.645647321428571230e-02,-4.645647321428571230e-02,-4.938616071428571230e-02,-4.854910714285714385e-02,-4.645647321428571230e-02,-5.119977678571428770e-02,-4.840959821428571230e-02,-4.882812500000000000e-02,-4.785156250000000000e-02,-4.478236607142856845e-02
5.970982142857143155e-02,6.026785714285714385e-02,5.957031250000000000e-02,5.915178571428571230e-02,5.998883928571428770e-02,6.012834821428571230e-02,5.873325892857143155e-02,5.984933035714285615e-02,5.803571428571428770e-02,5.873325892857143155e-02,5.831473214285714385e-02,5.803571428571428770e-02,5.733816964285714385e-02,6.054687500000000000e-02,5.636160714285714385e-02,5.929129464285714385e-02,5.817522321428571230e-02,5.970982142857143155e-02,6.222098214285714385e-02,5.887276785714285615e-02,6.054687500000000000e-02,5.929129464285714385e-02,6.054687500000000000e-02,6.026785714285714385e-02,5.831473214285714385e-02,6.040736607142856845e-02,5.873325892857143155e-02,5.873325892857143155e-02,6.054687500000000000e-02,6.026785714285714385e-02,5.733816964285714385e-02,5.915178571428571230e-02,5.873325892857143155e-02,6.026785714285714385e-02,5.929129464285714385e-02,6.026785714285714385e-02,6.096540178571428770e-02,5.747767857142856845e-02,5.984933035714285615e-02,5.873325892857143155e-02,5.761718750000000000e-02,5.859375000000000000e-02
1.136997767857142877e-01,1.148158482142857123e-01,1.148158482142857123e-01,1.145368303571428631e-01,1.143973214285714246e-01,1.150948660714285754e-01,1.139787946428571369e-01,1.150948660714285754e-01,1.130022321428571369e-01,1.138392857142857123e-01,1.127232142857142877e-01,1.124441964285714246e-01,1.116071428571428631e-01,1.142578125000000000e-01,1.100725446428571369e-01,1.134207589285714246e-01,1.128627232142857123e-01,1.138392857142857123e-01,1.169084821428571369e-01,1.146763392857142877e-01,1.159319196428571369e-01,1.146763392857142877e-01,1.145368303571428631e-01,1.153738839285714246e-01,1.141183035714285754e-01,1.148158482142857123e-01,1.156529017857142877e-01,1.136997767857142877e-01,1.167689732142857123e-01,1.163504464285714246e-01,1.127232142857142877e-01,1.143973214285714246e-01,1.123046875000000000e-01,1.145368303571428631e-01,1.146763392857142877e-01,1.155133928571428631e-01,1.153738839285714246e-01,1.146763392857142877e-01,1.156529017857142877e-01,1.143973214285714246e-01,1.120256696428571369e-01,1.120256696428571369e-01
6.263950892857142461e-02,6.319754464285713691e-02,6.180245535714285615e-02,6.250000000000000000e-02,6.277901785714286309e-02,6.305803571428571230e-02,6.152343750000000000e-02,6.180245535714285615e-02,6.152343750000000000e-02,6.124441964285714385e-02,6.236049107142856845e-02,6.152343750000000000e-02,5.984933035714285615e-02,6.208147321428571230e-02,5.984933035714285615e-02,6.250000000000000000e-02,6.054687500000000000e-02,6.263950892857142461e-02,6.403459821428571230e-02,6.389508928571428770e-02,6.361607142857142461e-02,6.263950892857142461e-02,6.417410714285713691e-02,6.445312500000000000e-02,6.180245535714285615e-02,6.333705357142857539e-02,6.152343750000000000e-02,6.236049107142856845e-02,6.319754464285713691e-02,6.263950892857142461e-02,6.166294642857143155e-02,6.138392857142856845e-02,6.263950892857142461e-02,6.291852678571428770e-02,6.110491071428571230e-02,6.361607142857142461e-02,6.319754464285713691e-02,6.082589285714285615e-02,6.291852678571428770e-02,6.110491071428571230e-02,6.208147321428571230e-02,6.166294642857143155e-02
-7.282366071428571230e-02,-7.031250000000000000e-02,-7.198660714285713691e-02,-7.184709821428571230e-02,-6.975446428571428770e-02,-7.101004464285713691e-02,-7.114955357142857539e-02,-7.059151785714286309e-02,-7.240513392857142461e-02,-7.087053571428571230e-02,-7.114955357142857539e-02,-7.087053571428571230e-02,-7.324218750000000000e-02,-6.919642857142857539e-02,-7.198660714285713691e-02,-6.905691964285713691e-02,-7.254464285714286309e-02,-7.366071428571428770e-02,-7.142857142857142461e-02,-7.268415178571428770e-02,-7.198660714285713691e-02,-7.366071428571428770e-02,-6.961495535714286309e-02,-7.296316964285713691e-02,-7.366071428571428770e-02,-7.114955357142857539e-02,-7.435825892857142461e-02,-7.296316964285713691e-02,-7.184709821428571230e-02,-7.268415178571428770e-02,-7.435825892857142461e-02,-7.240513392857142461e-02,-7.045200892857142461e-02,-7.017299107142857539e-02,-7.338169642857142461e-02,-7.156808035714286309e-02,-6.849888392857142461e-02,-7.380022321428571230e-02,-7.045200892857142461e-02,-7.073102678571428770e-02,-7.059151785714286309e-02,-6.849888392857142461e-02
-3.138950892857143155e-02,-2.790178571428571577e-02,-2.957589285714285615e-02,-2.943638392857142808e-02,-2.790178571428571577e-02,-2.804129464285714385e-02,-2.915736607142857192e-02,-2.873883928571428423e-02,-3.097098214285714385e-02,-2.971540178571428423e-02,-2.971540178571428423e-02,-3.069196428571428423e-02,-3.097098214285714385e-02,-2.818080357142857192e-02,-3.152901785714285615e-02,-2.859933035714285615e-02,-2.971540178571428423e-02,-3.194754464285714385e-02,-2.901785714285714385e-02,-3.111049107142857192e-02,-2.957589285714285615e-02,-3.236607142857143155e-02,-2.971540178571428423e-02,-2.985491071428571577e-02,-3.097098214285714385e-02,-2.999441964285714385e-02,-3.125000000000000000e-02,-3.097098214285714385e-02,-2.901785714285714385e-02,-3.027343750000000000e-02,-3.236607142857143155e-02,-3.027343750000000000e-02,-2.971540178571428423e-02,-2.873883928571428423e-02,-3.069196428571428423e-02,-2.804129464285714385e-02,-2.692522321428571577e-02,-3.111049107142857192e-02,-2.859933035714285615e-02,-2.943638392857142808e-02,-3.027343750000000000e-02,-2.873883928571428423e-02
2.148437500000000000e-02,2.497209821428571577e-02,2.469308035714285615e-02,2.371651785714285615e-02,2.469308035714285615e-02,2.650669642857142808e-02,2.427455357142857192e-02,2.566964285714285615e-02,2.301897321428571577e-02,2.413504464285714385e-02,2.371651785714285615e-02,2.246093750000000000e-02,2.204241071428571577e-02,2.483258928571428423e-02,2.092633928571428423e-02,2.455357142857142808e-02,2.385602678571428423e-02,2.120535714285714385e-02,2.455357142857142808e-02,2.287946428571428423e-02,2.441406250000000000e-02,2.273995535714285615e-02,2.287946428571428423e-02,2.413504464285714385e-02,2.287946428571428423e-02,2.315848214285714385e-02,2.343750000000000000e-02,2.162388392857142808e-02,2.525111607142857192e-02,2.497209821428571577e-02,2.190290178571428423e-02,2.371651785714285615e-02,2.162388392857142808e-02,2.441406250000000000e-02,2.343750000000000000e-02,2.608816964285714385e-02,2.650669642857142808e-02,2.357700892857142808e-02,2.511160714285714385e-02,2.511160714285714385e-02,2.204241071428571577e-02,2.232142857142857192e-02
-1.827566964285714385e-02,-1.688058035714285615e-02,-1.799665178571428423e-02,-1.771763392857142808e-02,-1.660156250000000000e-02,-1.632254464285714385e-02,-1.799665178571428423e-02,-1.813616071428571577e-02,-1.813616071428571577e-02,-1.911272321428571577e-02,-1.688058035714285615e-02,-1.799665178571428423e-02,-1.953125000000000000e-02,-1.743861607142857192e-02,-2.008928571428571577e-02,-1.660156250000000000e-02,-1.869419642857142808e-02,-2.008928571428571577e-02,-1.855468750000000000e-02,-1.715959821428571577e-02,-1.771763392857142808e-02,-1.953125000000000000e-02,-1.729910714285714385e-02,-1.674107142857142808e-02,-1.911272321428571577e-02,-1.827566964285714385e-02,-1.925223214285714385e-02,-1.869419642857142808e-02,-1.813616071428571577e-02,-1.827566964285714385e-02,-1.967075892857142808e-02,-1.785714285714285615e-02,-1.688058035714285615e-02,-1.688058035714285615e-02,-1.925223214285714385e-02,-1.743861607142857192e-02,-1.562500000000000000e-02,-1.939174107142857192e-02,-1.660156250000000000e-02,-1.771763392857142808e-02,-1.757812500000000000e-02,-1.785714285714285615e-02
-2.187500000000000000e-01,-2.145647321428571508e-01,-2.180524553571428492e-01,-2.181919642857142738e-01,-2.138671875000000000e-01,-2.149832589285714246e-01,-2.163783482142857262e-01,-2.174944196428571508e-01,-2.173549107142857262e-01,-2.149832589285714246e-01,-2.151227678571428492e-01,-2.159598214285714246e-01,-2.184709821428571508e-01,-2.142857142857142738e-01,-2.177734375000000000e-01,-2.147042410714285754e-01,-2.176339285714285754e-01,-2.042410714285714246e-01,-2.183314732142857262e-01,-2.209821428571428492e-01,-2.183314732142857262e-01,-2.191685267857142738e-01,-2.169363839285714246e-01,-2.187500000000000000e-01,-2.197265625000000000e-01,-2.179129464285714246e-01,-2.208426339285714246e-01,-2.195870535714285754e-01,-2.179129464285714246e-01,-2.188895089285714246e-01,-2.222377232142857262e-01,-2.191685267857142738e-01,-2.180524553571428492e-01,-2.173549107142857262e-01,-2.190290178571428492e-01,-2.184709821428571508e-01,-2.145647321428571508e-01,-2.186104910714285754e-01,-2.147042410714285754e-01,-2.163783482142857262e-01,-2.173549107142857262e-01,-2.113560267857142738e-01
-1.314174107142857262e-01,-1.279296875000000000e-01,-1.300223214285714246e-01,-1.296037946428571508e-01,-1.272321428571428492e-01,-1.272321428571428492e-01,-1.294642857142857262e-01,-1.297433035714285754e-01,-1.291852678571428492e-01,-1.287667410714285754e-01,-1.279296875000000000e-01,-1.294642857142857262e-01,-1.308593750000000000e-01,-1.280691964285714246e-01,-1.315569196428571508e-01,-1.277901785714285754e-01,-1.301618303571428492e-01,-1.181640625000000000e-01,-1.301618303571428492e-01,-1.314174107142857262e-01,-1.300223214285714246e-01,-1.316964285714285754e-01,-1.311383928571428492e-01,-1.307198660714285754e-01,-1.311383928571428492e-01,-1.307198660714285754e-01,-1.315569196428571508e-01,-1.323939732142857262e-01,-1.300223214285714246e-01,-1.300223214285714246e-01,-1.343470982142857262e-01,-1.315569196428571508e-01,-1.312779017857142738e-01,-1.309988839285714246e-01,-1.307198660714285754e-01,-1.296037946428571508e-01,-1.277901785714285754e-01,-1.303013392857142738e-01,-1.269531250000000000e-01,-1.294642857142857262e-01,-1.321149553571428492e-01,-1.276506696428571508e-01
-5.998883928571428770e-02,-5.482700892857143155e-02,-5.705915178571428770e-02,-5.705915178571428770e-02,-5.510602678571428770e-02,-5.426897321428571230e-02,-5.761718750000000000e-02,-5.608258928571428770e-02,-5.775669642857143155e-02,-5.552455357142856845e-02,-5.622209821428571230e-02,-5.678013392857143155e-02,-5.803571428571428770e-02,-5.524553571428571230e-02,-5.984933035714285615e-02,-5.678013392857143155e-02,-5.636160714285714385e-02,-4.840959821428571230e-02,-5.817522321428571230e-02,-5.887276785714285615e-02,-5.775669642857143155e-02,-5.817522321428571230e-02,-5.901227678571428770e-02,-5.775669642857143155e-02,-5.915178571428571230e-02,-5.845424107142856845e-02,-5.831473214285714385e-02,-6.026785714285714385e-02,-5.691964285714285615e-02,-5.608258928571428770e-02,-6.068638392857143155e-02,-5.803571428571428770e-02,-5.970982142857143155e-02,-5.691964285714285615e-02,-5.705915178571428770e-02,-5.552455357142856845e-02,-5.552455357142856845e-02,-5.691964285714285615e-02,-5.510602678571428770e-02,-5.538504464285714385e-02,-6.054687500000000000e-02,-5.789620535714285615e-02
-7.854352678571428770e-02,-7.603236607142857539e-02,-7.854352678571428770e-02,-7.714843750000000000e-02,-7.603236607142857539e-02,-7.547433035714286309e-02,-7.756696428571428770e-02,-7.854352678571428770e-02,-7.714843750000000000e-02,-7.742745535714286309e-02,-7.519531250000000000e-02,-7.686941964285713691e-02,-7.910156250000000000e-02,-7.714843750000000000e-02,-7.965959821428571230e-02,-7.631138392857142461e-02,-7.700892857142857539e-02,-7.045200892857142461e-02,-7.784598214285713691e-02,-7.659040178571428770e-02,-7.728794642857142461e-02,-7.924107142857142461e-02,-7.812500000000000000e-02,-7.686941964285713691e-02,-7.882254464285713691e-02,-7.784598214285713691e-02,-7.882254464285713691e-02,-7.868303571428571230e-02,-7.742745535714286309e-02,-7.728794642857142461e-02,-8.049665178571428770e-02,-7.826450892857142461e-02,-7.686941964285713691e-02,-7.700892857142857539e-02,-7.924107142857142461e-02,-7.742745535714286309e-02,-7.547433035714286309e-02,-7.798549107142857539e-02,-7.505580357142857539e-02,-7.700892857142857539e-02,-7.840401785714286309e-02,-7.631138392857142461e-02
-2.254464285714285754e-01,-2.265625000000000000e-01,-2.260044642857142738e-01,-2.272600446428571508e-01,-2.261439732142857262e-01,-2.260044642857142738e-01,-2.268415178571428492e-01,-2.265625000000000000e-01,-2.264229910714285754e-01,-2.240513392857142738e-01,-2.240513392857142738e-01,-2.264229910714285754e-01,-2.246093750000000000e-01,-2.216796875000000000e-01,-2.247488839285714246e-01,-2.233537946428571508e-01,-2.250279017857142738e-01,-2.226562500000000000e-01,-2.272600446428571508e-01,-2.301897321428571508e-01,-2.293526785714285754e-01,-2.278180803571428492e-01,-2.264229910714285754e-01,-2.268415178571428492e-01,-2.285156250000000000e-01,-2.241908482142857262e-01,-2.301897321428571508e-01,-2.280970982142857262e-01,-2.260044642857142738e-01,-2.251674107142857262e-01,-2.280970982142857262e-01,-2.297712053571428492e-01,-2.255859375000000000e-01,-2.250279017857142738e-01,-2.271205357142857262e-01,-2.273995535714285754e-01,-2.237723214285714246e-01,-2.262834821428571508e-01,-2.251674107142857262e-01,-2.248883928571428492e-01,-2.265625000000000000e-01,-2.226562500000000000e-01
-1.329520089285714246e-01,-1.330915178571428492e-01,-1.314174107142857262e-01,-1.323939732142857262e-01,-1.333705357142857262e-01,-1.322544642857142738e-01,-1.328125000000000000e-01,-1.322544642857142738e-01,-1.330915178571428492e-01,-1.307198660714285754e-01,-1.303013392857142738e-01,-1.328125000000000000e-01,-1.318359375000000000e-01,-1.289062500000000000e-01,-1.326729910714285754e-01,-1.309988839285714246e-01,-1.312779017857142738e-01,-1.307198660714285754e-01,-1.339285714285714246e-01,-1.350446428571428492e-01,-1.346261160714285754e-01,-1.333705357142857262e-01,-1.332310267857142738e-01,-1.330915178571428492e-01,-1.343470982142857262e-01,-1.322544642857142738e-01,-1.350446428571428492e-01,-1.340680803571428492e-01,-1.312779017857142738e-01,-1.311383928571428492e-01,-1.343470982142857262e-01,-1.350446428571428492e-01,-1.335100446428571508e-01,-1.319754464285714246e-01,-1.335100446428571508e-01,-1.325334821428571508e-01,-1.316964285714285754e-01,-1.321149553571428492e-01,-1.308593750000000000e-01,-1.314174107142857262e-01,-1.340680803571428492e-01,-1.315569196428571508e-01
-5.552455357142856845e-02,-5.482700892857143155e-02,-5.245535714285714385e-02,-5.357142857142856845e-02,-5.496651785714285615e-02,-5.245535714285714385e-02,-5.510602678571428770e-02,-5.371093750000000000e-02,-5.482700892857143155e-02,-5.329241071428571230e-02,-5.203683035714285615e-02,-5.566406250000000000e-02,-5.398995535714285615e-02,-5.161830357142856845e-02,-5.636160714285714385e-02,-5.315290178571428770e-02,-5.273437500000000000e-02,-5.398995535714285615e-02,-5.524553571428571230e-02,-5.622209821428571230e-02,-5.594308035714285615e-02,-5.510602678571428770e-02,-5.622209821428571230e-02,-5.385044642857143155e-02,-5.608258928571428770e-02,-5.454799107142856845e-02,-5.510602678571428770e-02,-5.510602678571428770e-02,-5.203683035714285615e-02,-5.133928571428571230e-02,-5.510602678571428770e-02,-5.496651785714285615e-02,-5.650111607142856845e-02,-5.385044642857143155e-02,-5.385044642857143155e-02,-5.245535714285714385e-02,-5.357142857142856845e-02,-5.357142857142856845e-02,-5.231584821428571230e-02,-5.231584821428571230e-02,-5.622209821428571230e-02,-5.622209821428571230e-02
-7.435825892857142461e-02,-7.393973214285713691e-02,-7.282366071428571230e-02,-7.463727678571428770e-02,-7.463727678571428770e-02,-7.366071428571428770e-02,-7.477678571428571230e-02,-7.449776785714286309e-02,-7.352120535714286309e-02,-7.366071428571428770e-02,-7.240513392857142461e-02,-7.407924107142857539e-02,-7.449776785714286309e-02,-7.296316964285713691e-02,-7.477678571428571230e-02,-7.282366071428571230e-02,-7.324218750000000000e-02,-7.338169642857142461e-02,-7.505580357142857539e-02,-7.282366071428571230e-02,-7.463727678571428770e-02,-7.491629464285713691e-02,-7.407924107142857539e-02,-7.240513392857142461e-02,-7.449776785714286309e-02,-7.352120535714286309e-02,-7.561383928571428770e-02,-7.491629464285713691e-02,-7.296316964285713691e-02,-7.421875000000000000e-02,-7.491629464285713691e-02,-7.533482142857142461e-02,-7.268415178571428770e-02,-7.310267857142857539e-02,-7.533482142857142461e-02,-7.449776785714286309e-02,-7.268415178571428770e-02,-7.449776785714286309e-02,-7.282366071428571230e-02,-7.338169642857142461e-02,-7.393973214285713691e-02,-7.352120535714286309e-02
-2.502790178571428492e-01,-2.537667410714285476e-01,-2.522321428571428492e-01,-2.537667410714285476e-01,-2.523716517857143016e-01,-2.533482142857143016e-01,-2.526506696428571508e-01,-2.525111607142856984e-01,-2.540457589285714524e-01,-2.508370535714285476e-01,-2.500000000000000000e-01,-2.530691964285714524e-01,-2.491629464285714246e-01,-2.500000000000000000e-01,-2.487444196428571508e-01,-2.480468750000000000e-01,-2.505580357142856984e-01,-2.569754464285714524e-01,-2.550223214285714524e-01,-2.568359375000000000e-01,-2.543247767857143016e-01,-2.537667410714285476e-01,-2.508370535714285476e-01,-2.529296875000000000e-01,-2.527901785714285476e-01,-2.495814732142857262e-01,-2.559988839285714524e-01,-2.518136160714285476e-01,-2.518136160714285476e-01,-2.497209821428571508e-01,-2.544642857142856984e-01,-2.544642857142856984e-01,-2.518136160714285476e-01,-2.519531250000000000e-01,-2.537667410714285476e-01,-2.534877232142856984e-01,-2.498604910714285754e-01,-2.520926339285714524e-01,-2.512555803571428492e-01,-2.525111607142856984e-01,-2.509765625000000000e-01,-2.486049107142857262e-01
-1.110491071428571369e-01,-1.117466517857142877e-01,-1.099330357142857123e-01,-1.123046875000000000e-01,-1.110491071428571369e-01,-1.104910714285714246e-01,-1.106305803571428631e-01,-1.107700892857142877e-01,-1.123046875000000000e-01,-1.093750000000000000e-01,-1.096540178571428631e-01,-1.114676339285714246e-01,-1.097935267857142877e-01,-1.088169642857142877e-01,-1.102120535714285754e-01,-1.088169642857142877e-01,-1.093750000000000000e-01,-1.139787946428571369e-01,-1.123046875000000000e-01,-1.128627232142857123e-01,-1.118861607142857123e-01,-1.103515625000000000e-01,-1.092354910714285754e-01,-1.099330357142857123e-01,-1.104910714285714246e-01,-1.093750000000000000e-01,-1.125837053571428631e-01,-1.110491071428571369e-01,-1.089564732142857123e-01,-1.077008928571428631e-01,-1.121651785714285754e-01,-1.118861607142857123e-01,-1.114676339285714246e-01,-1.096540178571428631e-01,-1.117466517857142877e-01,-1.107700892857142877e-01,-1.093750000000000000e-01,-1.099330357142857123e-01,-1.096540178571428631e-01,-1.097935267857142877e-01,-1.111886160714285754e-01,-1.099330357142857123e-01
-2.678571428571428423e-02,-2.762276785714285615e-02,-2.497209821428571577e-02,-2.594866071428571577e-02,-2.622767857142857192e-02,-2.483258928571428423e-02,-2.706473214285714385e-02,-2.539062500000000000e-02,-2.776227678571428423e-02,-2.580915178571428423e-02,-2.455357142857142808e-02,-2.901785714285714385e-02,-2.580915178571428423e-02,-2.553013392857142808e-02,-2.790178571428571577e-02,-2.511160714285714385e-02,-2.469308035714285615e-02,-2.971540178571428423e-02,-2.734375000000000000e-02,-2.720424107142857192e-02,-2.692522321428571577e-02,-2.525111607142857192e-02,-2.678571428571428423e-02,-2.441406250000000000e-02,-2.622767857142857192e-02,-2.566964285714285615e-02,-2.594866071428571577e-02,-2.566964285714285615e-02,-2.357700892857142808e-02,-2.315848214285714385e-02,-2.692522321428571577e-02,-2.622767857142857192e-02,-2.845982142857142808e-02,-2.553013392857142808e-02,-2.525111607142857192e-02,-2.413504464285714385e-02,-2.539062500000000000e-02,-2.525111607142857192e-02,-2.469308035714285615e-02,-2.553013392857142808e-02,-2.734375000000000000e-02,-2.748325892857142808e-02
-4.255022321428571230e-02,-4.324776785714285615e-02,-4.227120535714285615e-02,-4.338727678571428770e-02,-4.338727678571428770e-02,-4.255022321428571230e-02,-4.338727678571428770e-02,-4.338727678571428770e-02,-4.394531250000000000e-02,-4.310825892857143155e-02,-4.268973214285714385e-02,-4.394531250000000000e-02,-4.310825892857143155e-02,-4.352678571428571230e-02,-4.380580357142856845e-02,-4.255022321428571230e-02,-4.268973214285714385e-02,-4.575892857142856845e-02,-4.394531250000000000e-02,-4.255022321428571230e-02,-4.310825892857143155e-02,-4.394531250000000000e-02,-4.185267857142856845e-02,-4.101562500000000000e-02,-4.324776785714285615e-02,-4.324776785714285615e-02,-4.450334821428571230e-02,-4.296875000000000000e-02,-4.213169642857143155e-02,-4.185267857142856845e-02,-4.380580357142856845e-02,-4.422433035714285615e-02,-4.199218750000000000e-02,-4.185267857142856845e-02,-4.436383928571428770e-02,-4.296875000000000000e-02,-4.115513392857143155e-02,-4.282924107142856845e-02,-4.227120535714285615e-02,-4.227120535714285615e-02,-4.310825892857143155e-02,-4.282924107142856845e-02
-1.102120535714285754e-01,-1.139787946428571369e-01,-1.128627232142857123e-01,-1.145368303571428631e-01,-1.136997767857142877e-01,-1.135602678571428631e-01,-1.132812500000000000e-01,-1.136997767857142877e-01,-1.143973214285714246e-01,-1.125837053571428631e-01,-1.111886160714285754e-01,-1.135602678571428631e-01,-1.117466517857142877e-01,-1.120256696428571369e-01,-1.110491071428571369e-01,-1.103515625000000000e-01,-1.121651785714285754e-01,-1.166294642857142877e-01,-1.132812500000000000e-01,-1.132812500000000000e-01,-1.128627232142857123e-01,-1.130022321428571369e-01,-1.106305803571428631e-01,-1.113281250000000000e-01,-1.114676339285714246e-01,-1.099330357142857123e-01,-1.148158482142857123e-01,-1.125837053571428631e-01,-1.128627232142857123e-01,-1.116071428571428631e-01,-1.143973214285714246e-01,-1.145368303571428631e-01,-1.107700892857142877e-01,-1.124441964285714246e-01,-1.142578125000000000e-01,-1.141183035714285754e-01,-1.113281250000000000e-01,-1.136997767857142877e-01,-1.118861607142857123e-01,-1.130022321428571369e-01,-1.117466517857142877e-01,-1.118861607142857123e-01
9.068080357142857886e-03,7.812500000000000000e-03,9.068080357142857886e-03,7.812500000000000000e-03,7.672991071428571057e-03,8.928571428571428076e-03,8.231026785714285962e-03,8.091517857142857886e-03,6.975446428571428943e-03,8.510044642857142114e-03,8.649553571428571924e-03,7.254464285714285962e-03,8.510044642857142114e-03,9.068080357142857886e-03,7.952008928571428076e-03,9.068080357142857886e-03,8.649553571428571924e-03,5.301339285714285962e-03,8.789062500000000000e-03,8.649553571428571924e-03,8.789062500000000000e-03,9.207589285714285962e-03,9.626116071428571924e-03,1.060267857142857192e-02,9.068080357142857886e-03,9.765625000000000000e-03,7.952008928571428076e-03,8.928571428571428076e-03,1.060267857142857192e-02,1.074218750000000000e-02,8.091517857142857886e-03,7.952008928571428076e-03,8.510044642857142114e-03,9.626116071428571924e-03,7.952008928571428076e-03,8.789062500000000000e-03,9.347098214285714038e-03,8.370535714285714038e-03,9.626116071428571924e-03,8.649553571428571924e-03,7.812500000000000000e-03,6.975446428571428943e-03
7.226562500000000000e-02,7.212611607142857539e-02,7.407924107142857539e-02,7.380022321428571230e-02,7.170758928571428770e-02,7.505580357142857539e-02,7.156808035714286309e-02,7.240513392857142461e-02,7.142857142857142461e-02,7.310267857142857539e-02,7.421875000000000000e-02,7.128906250000000000e-02,7.170758928571428770e-02,7.366071428571428770e-02,7.045200892857142461e-02,7.254464285714286309e-02,7.366071428571428770e-02,6.933593750000000000e-02,7.310267857142857539e-02,7.338169642857142461e-02,7.310267857142857539e-02,7.435825892857142461e-02,7.212611607142857539e-02,7.533482142857142461e-02,7.282366071428571230e-02,7.421875000000000000e-02,7.296316964285713691e-02,7.282366071428571230e-02,7.547433035714286309e-02,7.561383928571428770e-02,7.366071428571428770e-02,7.282366071428571230e-02,7.114955357142857539e-02,7.421875000000000000e-02,7.282366071428571230e-02,7.407924107142857539e-02,7.324218750000000000e-02,7.282366071428571230e-02,7.407924107142857539e-02,7.380022321428571230e-02,7.156808035714286309e-02,7.017299107142857539e-02
3.362165178571428770e-02,3.166852678571428770e-02,3.320312500000000000e-02,3.222656250000000000e-02,3.208705357142856845e-02,3.292410714285714385e-02,3.152901785714285615e-02,3.152901785714285615e-02,3.138950892857143155e-02,3.152901785714285615e-02,3.306361607142856845e-02,3.055245535714285615e-02,3.236607142857143155e-02,3.152901785714285615e-02,3.125000000000000000e-02,3.278459821428571230e-02,3.222656250000000000e-02,2.971540178571428423e-02,3.264508928571428770e-02,3.445870535714285615e-02,3.306361607142856845e-02,3.278459821428571230e-02,3.417968750000000000e-02,3.501674107142856845e-02,3.306361607142856845e-02,3.334263392857143155e-02,3.194754464285714385e-02,3.320312500000000000e-02,3.278459821428571230e-02,3.348214285714285615e-02,3.208705357142856845e-02,3.097098214285714385e-02,3.376116071428571230e-02,3.362165178571428770e-02,3.138950892857143155e-02,3.320312500000000000e-02,3.390066964285714385e-02,3.180803571428571230e-02,3.348214285714285615e-02,3.264508928571428770e-02,3.180803571428571230e-02,3.125000000000000000e-02
-6.110491071428571230e-02,-6.431361607142857539e-02,-6.236049107142856845e-02,-6.403459821428571230e-02,-6.459263392857142461e-02,-6.501116071428571230e-02,-6.389508928571428770e-02,-6.417410714285713691e-02,-6.445312500000000000e-02,-6.291852678571428770e-02,-6.166294642857143155e-02,-6.361607142857142461e-02,-6.152343750000000000e-02,-6.180245535714285615e-02,-6.236049107142856845e-02,-6.096540178571428770e-02,-6.277901785714286309e-02,-6.780133928571428770e-02,-6.277901785714286309e-02,-6.361607142857142461e-02,-6.319754464285713691e-02,-6.222098214285714385e-02,-6.012834821428571230e-02,-6.124441964285714385e-02,-6.291852678571428770e-02,-6.012834821428571230e-02,-6.542968750000000000e-02,-6.166294642857143155e-02,-6.236049107142856845e-02,-6.110491071428571230e-02,-6.389508928571428770e-02,-6.431361607142857539e-02,-6.068638392857143155e-02,-6.124441964285714385e-02,-6.347656250000000000e-02,-6.333705357142857539e-02,-6.180245535714285615e-02,-6.431361607142857539e-02,-6.263950892857142461e-02,-6.361607142857142461e-02,-6.250000000000000000e-02,-6.152343750000000000e-02
4.715401785714285615e-02,4.478236607142856845e-02,4.701450892857143155e-02,4.575892857142856845e-02,4.380580357142856845e-02,4.547991071428571230e-02,4.464285714285714385e-02,4.492187500000000000e-02,4.380580357142856845e-02,4.589843750000000000e-02,4.645647321428571230e-02,4.366629464285714385e-02,4.603794642857143155e-02,4.659598214285714385e-02,4.394531250000000000e-02,4.575892857142856845e-02,4.631696428571428770e-02,4.227120535714285615e-02,4.715401785714285615e-02,4.575892857142856845e-02,4.589843750000000000e-02,4.687500000000000000e-02,4.701450892857143155e-02,4.813058035714285615e-02,4.617745535714285615e-02,4.827008928571428770e-02,4.478236607142856845e-02,4.673549107142856845e-02,4.743303571428571230e-02,4.882812500000000000e-02,4.631696428571428770e-02,4.394531250000000000e-02,4.534040178571428770e-02,4.701450892857143155e-02,4.547991071428571230e-02,4.659598214285714385e-02,4.645647321428571230e-02,4.547991071428571230e-02,4.589843750000000000e-02,4.575892857142856845e-02,4.464285714285714385e-02,4.422433035714285615e-02
1.044921875000000000e-01,1.033761160714285754e-01,1.060267857142857123e-01,1.044921875000000000e-01,1.017020089285714246e-01,1.058872767857142877e-01,1.030970982142857123e-01,1.037946428571428631e-01,1.018415178571428631e-01,1.043526785714285754e-01,1.044921875000000000e-01,1.022600446428571369e-01,1.033761160714285754e-01,1.050502232142857123e-01,1.017020089285714246e-01,1.035156250000000000e-01,1.043526785714285754e-01,1.000279017857142877e-01,1.054687500000000000e-01,1.039341517857142877e-01,1.042131696428571369e-01,1.058872767857142877e-01,1.046316964285714246e-01,1.067243303571428631e-01,1.047712053571428631e-01,1.056082589285714246e-01,1.036551339285714246e-01,1.050502232142857123e-01,1.072823660714285754e-01,1.075613839285714246e-01,1.051897321428571369e-01,1.037946428571428631e-01,1.017020089285714246e-01,1.057477678571428631e-01,1.040736607142857123e-01,1.056082589285714246e-01,1.040736607142857123e-01,1.035156250000000000e-01,1.051897321428571369e-01,1.049107142857142877e-01,1.030970982142857123e-01,1.008649553571428631e-01
5.733816964285714385e-02,5.622209821428571230e-02,5.789620535714285615e-02,5.636160714285714385e-02,5.538504464285714385e-02,5.636160714285714385e-02,5.566406250000000000e-02,5.538504464285714385e-02,5.566406250000000000e-02,5.524553571428571230e-02,5.691964285714285615e-02,5.482700892857143155e-02,5.650111607142856845e-02,5.608258928571428770e-02,5.524553571428571230e-02,5.691964285714285615e-02,5.622209821428571230e-02,5.385044642857143155e-02,5.719866071428571230e-02,5.817522321428571230e-02,5.747767857142856845e-02,5.719866071428571230e-02,5.859375000000000000e-02,5.915178571428571230e-02,5.733816964285714385e-02,5.887276785714285615e-02,5.552455357142856845e-02,5.719866071428571230e-02,5.775669642857143155e-02,5.845424107142856845e-02,5.691964285714285615e-02,5.580357142857143155e-02,5.733816964285714385e-02,5.817522321428571230e-02,5.608258928571428770e-02,5.719866071428571230e-02,5.775669642857143155e-02,5.538504464285714385e-02,5.691964285714285615e-02,5.594308035714285615e-02,5.636160714285714385e-02,5.552455357142856845e-02
-5.008370535714285615e-02,-5.524553571428571230e-02,-5.106026785714285615e-02,-5.580357142857143155e-02,-5.580357142857143155e-02,-5.552455357142856845e-02,-5.412946428571428770e-02,-5.329241071428571230e-02,-5.566406250000000000e-02,-5.301339285714285615e-02,-5.203683035714285615e-02,-5.468750000000000000e-02,-5.050223214285714385e-02,-5.050223214285714385e-02,-5.189732142857143155e-02,-5.189732142857143155e-02,-5.273437500000000000e-02,-5.761718750000000000e-02,-5.245535714285714385e-02,-5.426897321428571230e-02,-5.343191964285714385e-02,-5.119977678571428770e-02,-4.827008928571428770e-02,-5.175781250000000000e-02,-5.231584821428571230e-02,-4.785156250000000000e-02,-5.538504464285714385e-02,-5.161830357142856845e-02,-5.245535714285714385e-02,-4.952566964285714385e-02,-5.301339285714285615e-02,-5.496651785714285615e-02,-5.064174107142856845e-02,-5.119977678571428770e-02,-5.398995535714285615e-02,-5.357142857142856845e-02,-5.203683035714285615e-02,-5.287388392857143155e-02,-5.301339285714285615e-02,-5.398995535714285615e-02,-5.273437500000000000e-02,-5.050223214285714385e-02
5.440848214285714385e-02,4.994419642857143155e-02,5.426897321428571230e-02,5.175781250000000000e-02,4.938616071428571230e-02,5.119977678571428770e-02,5.106026785714285615e-02,5.203683035714285615e-02,4.924665178571428770e-02,5.189732142857143155e-02,5.259486607142856845e-02,4.896763392857143155e-02,5.357142857142856845e-02,5.426897321428571230e-02,5.161830357142856845e-02,5.217633928571428770e-02,5.259486607142856845e-02,4.715401785714285615e-02,5.329241071428571230e-02,5.147879464285714385e-02,5.175781250000000000e-02,5.440848214285714385e-02,5.454799107142856845e-02,5.482700892857143155e-02,5.301339285714285615e-02,5.636160714285714385e-02,5.064174107142856845e-02,5.315290178571428770e-02,5.412946428571428770e-02,5.608258928571428770e-02,5.273437500000000000e-02,5.008370535714285615e-02,5.133928571428571230e-02,5.343191964285714385e-02,5.273437500000000000e-02,5.315290178571428770e-02,5.287388392857143155e-02,5.189732142857143155e-02,5.231584821428571230e-02,5.092075892857143155e-02,5.078125000000000000e-02,5.147879464285714385e-02
1.121651785714285754e-01,1.093750000000000000e-01,1.146763392857142877e-01,1.113281250000000000e-01,1.085379464285714246e-01,1.123046875000000000e-01,1.109095982142857123e-01,1.111886160714285754e-01,1.086774553571428631e-01,1.117466517857142877e-01,1.114676339285714246e-01,1.086774553571428631e-01,1.111886160714285754e-01,1.127232142857142877e-01,1.090959821428571369e-01,1.110491071428571369e-01,1.114676339285714246e-01,1.075613839285714246e-01,1.131417410714285754e-01,1.104910714285714246e-01,1.111886160714285754e-01,1.136997767857142877e-01,1.128627232142857123e-01,1.149553571428571369e-01,1.116071428571428631e-01,1.146763392857142877e-01,1.107700892857142877e-01,1.127232142857142877e-01,1.157924107142857123e-01,1.155133928571428631e-01,1.134207589285714246e-01,1.106305803571428631e-01,1.088169642857142877e-01,1.121651785714285754e-01,1.125837053571428631e-01,1.125837053571428631e-01,1.113281250000000000e-01,1.110491071428571369e-01,1.125837053571428631e-01,1.120256696428571369e-01,1.100725446428571369e-01,1.088169642857142877e-01
6.361607142857142461e-02,6.124441964285714385e-02,6.319754464285713691e-02,6.166294642857143155e-02,5.957031250000000000e-02,6.138392857142856845e-02,6.068638392857143155e-02,6.054687500000000000e-02,6.012834821428571230e-02,6.096540178571428770e-02,6.222098214285714385e-02,5.984933035714285615e-02,6.277901785714286309e-02,6.166294642857143155e-02,6.110491071428571230e-02,6.124441964285714385e-02,6.194196428571428770e-02,5.901227678571428770e-02,6.250000000000000000e-02,6.319754464285713691e-02,6.277901785714286309e-02,6.347656250000000000e-02,6.403459821428571230e-02,6.473214285714286309e-02,6.236049107142856845e-02,6.403459821428571230e-02,6.096540178571428770e-02,6.236049107142856845e-02,6.291852678571428770e-02,6.403459821428571230e-02,6.222098214285714385e-02,6.096540178571428770e-02,6.333705357142857539e-02,6.347656250000000000e-02,6.166294642857143155e-02,6.208147321428571230e-02,6.263950892857142461e-02,6.152343750000000000e-02,6.291852678571428770e-02,6.180245535714285615e-02,6.124441964285714385e-02,6.124441964285714385e-02
-6.194196428571428770e-02,-6.933593750000000000e-02,-6.361607142857142461e-02,-6.905691964285713691e-02,-6.975446428571428770e-02,-7.017299107142857539e-02,-6.766183035714286309e-02,-6.584821428571428770e-02,-6.919642857142857539e-02,-6.515066964285713691e-02,-6.584821428571428770e-02,-6.961495535714286309e-02,-6.236049107142856845e-02,-6.124441964285714385e-02,-6.417410714285713691e-02,-6.556919642857142461e-02,-6.501116071428571230e-02,-7.031250000000000000e-02,-6.529017857142857539e-02,-6.849888392857142461e-02,-6.808035714285713691e-02,-6.473214285714286309e-02,-6.208147321428571230e-02,-6.542968750000000000e-02,-6.640625000000000000e-02,-5.970982142857143155e-02,-6.905691964285713691e-02,-6.445312500000000000e-02,-6.473214285714286309e-02,-6.263950892857142461e-02,-6.515066964285713691e-02,-6.863839285714286309e-02,-6.501116071428571230e-02,-6.333705357142857539e-02,-6.640625000000000000e-02,-6.766183035714286309e-02,-6.515066964285713691e-02,-6.556919642857142461e-02,-6.598772321428571230e-02,-6.640625000000000000e-02,-6.766183035714286309e-02,-6.389508928571428770e-02
4.268973214285714385e-02,3.724888392857143155e-02,4.296875000000000000e-02,3.920200892857143155e-02,3.627232142857143155e-02,3.864397321428571230e-02,3.934151785714285615e-02,3.920200892857143155e-02,3.766741071428571230e-02,4.059709821428571230e-02,4.129464285714285615e-02,3.669084821428571230e-02,4.296875000000000000e-02,4.394531250000000000e-02,4.003906250000000000e-02,3.976004464285714385e-02,4.045758928571428770e-02,3.613281250000000000e-02,4.227120535714285615e-02,3.934151785714285615e-02,3.878348214285714385e-02,4.241071428571428770e-02,4.171316964285714385e-02,4.185267857142856845e-02,4.087611607142856845e-02,4.492187500000000000e-02,3.836495535714285615e-02,4.171316964285714385e-02,4.380580357142856845e-02,4.450334821428571230e-02,4.199218750000000000e-02,3.780691964285714385e-02,3.948102678571428770e-02,4.213169642857143155e-02,4.003906250000000000e-02,4.045758928571428770e-02,4.087611607142856845e-02,4.031808035714285615e-02,4.073660714285714385e-02,4.003906250000000000e-02,3.850446428571428770e-02,4.017857142857143155e-02
1.008649553571428631e-01,9.681919642857142461e-02,1.021205357142857123e-01,9.905133928571428770e-02,9.626116071428571230e-02,1.004464285714285754e-01,9.793526785714286309e-02,9.905133928571428770e-02,9.598214285714286309e-02,1.001674107142857123e-01,9.974888392857142461e-02,9.626116071428571230e-02,1.005859375000000000e-01,1.032366071428571369e-01,9.793526785714286309e-02,9.905133928571428770e-02,1.004464285714285754e-01,9.612165178571428770e-02,1.018415178571428631e-01,9.807477678571428770e-02,9.863281250000000000e-02,1.026785714285714246e-01,9.933035714285713691e-02,1.023995535714285754e-01,9.974888392857142461e-02,1.032366071428571369e-01,9.849330357142857539e-02,9.960937500000000000e-02,1.033761160714285754e-01,1.037946428571428631e-01,1.023995535714285754e-01,9.751674107142857539e-02,9.751674107142857539e-02,1.004464285714285754e-01,1.004464285714285754e-01,1.000279017857142877e-01,9.891183035714286309e-02,9.974888392857142461e-02,1.003069196428571369e-01,1.005859375000000000e-01,9.737723214285713691e-02,9.681919642857142461e-02
5.440848214285714385e-02,5.050223214285714385e-02,5.301339285714285615e-02,5.147879464285714385e-02,4.952566964285714385e-02,5.119977678571428770e-02,5.092075892857143155e-02,5.147879464285714385e-02,5.036272321428571230e-02,5.119977678571428770e-02,5.287388392857143155e-02,4.994419642857143155e-02,5.231584821428571230e-02,5.273437500000000000e-02,5.133928571428571230e-02,5.119977678571428770e-02,5.203683035714285615e-02,4.882812500000000000e-02,5.357142857142856845e-02,5.301339285714285615e-02,5.231584821428571230e-02,5.287388392857143155e-02,5.315290178571428770e-02,5.426897321428571230e-02,5.189732142857143155e-02,5.538504464285714385e-02,5.078125000000000000e-02,5.259486607142856845e-02,5.315290178571428770e-02,5.398995535714285615e-02,5.301339285714285615e-02,5.064174107142856845e-02,5.189732142857143155e-02,5.371093750000000000e-02,5.147879464285714385e-02,5.189732142857143155e-02,5.231584821428571230e-02,5.161830357142856845e-02,5.259486607142856845e-02,5.203683035714285615e-02,5.064174107142856845e-02,5.133928571428571230e-02
-3.501674107142856845e-02,-4.003906250000000000e-02,-3.683035714285714385e-02,-3.962053571428571230e-02,-4.213169642857143155e-02,-4.031808035714285615e-02,-3.948102678571428770e-02,-3.864397321428571230e-02,-3.976004464285714385e-02,-3.864397321428571230e-02,-3.752790178571428770e-02,-4.059709821428571230e-02,-3.655133928571428770e-02,-3.641183035714285615e-02,-3.696986607142856845e-02,-3.878348214285714385e-02,-3.794642857142856845e-02,-4.115513392857143155e-02,-3.794642857142856845e-02,-3.794642857142856845e-02,-3.878348214285714385e-02,-3.794642857142856845e-02,-3.543526785714285615e-02,-3.710937500000000000e-02,-3.808593750000000000e-02,-3.390066964285714385e-02,-4.059709821428571230e-02,-3.710937500000000000e-02,-3.696986607142856845e-02,-3.655133928571428770e-02,-3.752790178571428770e-02,-4.087611607142856845e-02,-3.641183035714285615e-02,-3.683035714285714385e-02,-3.948102678571428770e-02,-3.850446428571428770e-02,-3.696986607142856845e-02,-3.822544642857143155e-02,-3.794642857142856845e-02,-3.822544642857143155e-02,-3.864397321428571230e-02,-3.766741071428571230e-02
6.724330357142857539e-02,6.319754464285713691e-02,6.710379464285713691e-02,6.473214285714286309e-02,6.305803571428571230e-02,6.473214285714286309e-02,6.389508928571428770e-02,6.431361607142857539e-02,6.361607142857142461e-02,6.570870535714286309e-02,6.682477678571428770e-02,6.403459821428571230e-02,6.570870535714286309e-02,6.710379464285713691e-02,6.389508928571428770e-02,6.403459821428571230e-02,6.584821428571428770e-02,6.222098214285714385e-02,6.682477678571428770e-02,6.529017857142857539e-02,6.570870535714286309e-02,6.640625000000000000e-02,6.696428571428571230e-02,6.682477678571428770e-02,6.570870535714286309e-02,6.835937500000000000e-02,6.445312500000000000e-02,6.626674107142857539e-02,6.724330357142857539e-02,6.738281250000000000e-02,6.682477678571428770e-02,6.431361607142857539e-02,6.529017857142857539e-02,6.752232142857142461e-02,6.501116071428571230e-02,6.570870535714286309e-02,6.556919642857142461e-02,6.501116071428571230e-02,6.612723214285713691e-02,6.542968750000000000e-02,6.347656250000000000e-02,6.375558035714286309e-02
1.210937500000000000e-01,1.183035714285714246e-01,1.227678571428571369e-01,1.201171875000000000e-01,1.171875000000000000e-01,1.212332589285714246e-01,1.192801339285714246e-01,1.185825892857142877e-01,1.177455357142857123e-01,1.201171875000000000e-01,1.203962053571428631e-01,1.181640625000000000e-01,1.202566964285714246e-01,1.226283482142857123e-01,1.183035714285714246e-01,1.192801339285714246e-01,1.208147321428571369e-01,1.171875000000000000e-01,1.224888392857142877e-01,1.199776785714285754e-01,1.196986607142857123e-01,1.219308035714285754e-01,1.202566964285714246e-01,1.227678571428571369e-01,1.210937500000000000e-01,1.224888392857142877e-01,1.194196428571428631e-01,1.206752232142857123e-01,1.231863839285714246e-01,1.234654017857142877e-01,1.217912946428571369e-01,1.194196428571428631e-01,1.180245535714285754e-01,1.213727678571428631e-01,1.206752232142857123e-01,1.213727678571428631e-01,1.196986607142857123e-01,1.199776785714285754e-01,1.212332589285714246e-01,1.215122767857142877e-01,1.184430803571428631e-01,1.164899553571428631e-01
6.905691964285713691e-02,6.668526785714286309e-02,6.891741071428571230e-02,6.710379464285713691e-02,6.584821428571428770e-02,6.724330357142857539e-02,6.724330357142857539e-02,6.696428571428571230e-02,6.682477678571428770e-02,6.738281250000000000e-02,6.877790178571428770e-02,6.640625000000000000e-02,6.766183035714286309e-02,6.821986607142857539e-02,6.696428571428571230e-02,6.682477678571428770e-02,6.738281250000000000e-02,6.584821428571428770e-02,6.849888392857142461e-02,7.045200892857142461e-02,6.808035714285713691e-02,6.835937500000000000e-02,6.919642857142857539e-02,7.059151785714286309e-02,6.849888392857142461e-02,6.961495535714286309e-02,6.738281250000000000e-02,6.821986607142857539e-02,6.891741071428571230e-02,6.961495535714286309e-02,6.891741071428571230e-02,6.668526785714286309e-02,6.919642857142857539e-02,6.919642857142857539e-02,6.682477678571428770e-02,6.794084821428571230e-02,6.780133928571428770e-02,6.752232142857142461e-02,6.863839285714286309e-02,6.766183035714286309e-02,6.710379464285713691e-02,6.668526785714286309e-02
-8.482142857142857539e-02,-9.333147321428571230e-02,-8.677455357142857539e-02,-9.207589285714286309e-02,-9.388950892857142461e-02,-9.347098214285713691e-02,-9.109933035714286309e-02,-9.012276785714286309e-02,-9.193638392857142461e-02,-8.803013392857142461e-02,-8.761160714285713691e-02,-9.277343750000000000e-02,-8.426339285714286309e-02,-8.454241071428571230e-02,-8.677455357142857539e-02,-8.803013392857142461e-02,-8.803013392857142461e-02,-9.500558035714286309e-02,-8.956473214285713691e-02,-9.361049107142857539e-02,-9.319196428571428770e-02,-8.844866071428571230e-02,-8.747209821428571230e-02,-8.914620535714286309e-02,-9.054129464285713691e-02,-8.328683035714286309e-02,-9.263392857142857539e-02,-8.789062500000000000e-02,-8.775111607142857539e-02,-8.565848214285713691e-02,-8.858816964285713691e-02,-9.319196428571428770e-02,-8.998325892857142461e-02,-8.803013392857142461e-02,-8.984375000000000000e-02,-9.040178571428571230e-02,-8.914620535714286309e-02,-8.830915178571428770e-02,-8.998325892857142461e-02,-8.942522321428571230e-02,-8.998325892857142461e-02,-8.733258928571428770e-02
-5.092075892857143155e-02,-5.817522321428571230e-02,-5.064174107142856845e-02,-5.636160714285714385e-02,-5.859375000000000000e-02,-5.664062500000000000e-02,-5.496651785714285615e-02,-5.482700892857143155e-02,-5.747767857142856845e-02,-5.203683035714285615e-02,-5.301339285714285615e-02,-5.747767857142856845e-02,-4.952566964285714385e-02,-4.757254464285714385e-02,-5.189732142857143155e-02,-5.329241071428571230e-02,-5.287388392857143155e-02,-6.082589285714285615e-02,-5.343191964285714385e-02,-5.831473214285714385e-02,-5.747767857142856845e-02,-5.273437500000000000e-02,-5.203683035714285615e-02,-5.412946428571428770e-02,-5.524553571428571230e-02,-4.840959821428571230e-02,-5.775669642857143155e-02,-5.329241071428571230e-02,-5.203683035714285615e-02,-4.924665178571428770e-02,-5.301339285714285615e-02,-5.733816964285714385e-02,-5.580357142857143155e-02,-5.203683035714285615e-02,-5.440848214285714385e-02,-5.524553571428571230e-02,-5.412946428571428770e-02,-5.245535714285714385e-02,-5.398995535714285615e-02,-5.343191964285714385e-02,-5.566406250000000000e-02,-5.357142857142856845e-02
1.199776785714285789e-02,5.859375000000000000e-03,1.199776785714285789e-02,8.510044642857142114e-03,5.719866071428571057e-03,9.486607142857142114e-03,8.091517857142857886e-03,7.952008928571428076e-03,6.138392857142857019e-03,1.004464285714285789e-02,1.074218750000000000e-02,5.998883928571428943e-03,1.185825892857142808e-02,1.478794642857142808e-02,9.905133928571428076e-03,1.060267857142857192e-02,1.088169642857142808e-02,2.650669642857142981e-03,1.032366071428571404e-02,4.743303571428571057e-03,6.277901785714285962e-03,1.213727678571428596e-02,9.486607142857142114e-03,1.102120535714285789e-02,8.649553571428571924e-03,1.450892857142857192e-02,7.672991071428571057e-03,9.905133928571428076e-03,1.185825892857142808e-02,1.422991071428571404e-02,1.088169642857142808e-02,7.812500000000000000e-03,5.719866071428571057e-03,1.018415178571428596e-02,1.060267857142857192e-02,9.486607142857142114e-03,9.626116071428571924e-03,1.004464285714285789e-02,9.905133928571428076e-03,1.032366071428571404e-02,7.393973214285714038e-03,7.672991071428571057e-03
-2.455357142857142808e-02,-2.832031250000000000e-02,-2.413504464285714385e-02,-2.790178571428571577e-02,-2.887834821428571577e-02,-2.706473214285714385e-02,-2.720424107142857192e-02,-2.678571428571428423e-02,-2.818080357142857192e-02,-2.566964285714285615e-02,-2.497209821428571577e-02,-2.748325892857142808e-02,-2.399553571428571577e-02,-2.385602678571428423e-02,-2.525111607142857192e-02,-2.553013392857142808e-02,-2.497209821428571577e-02,-3.041294642857142808e-02,-2.692522321428571577e-02,-2.706473214285714385e-02,-2.706473214285714385e-02,-2.580915178571428423e-02,-2.497209821428571577e-02,-2.483258928571428423e-02,-2.608816964285714385e-02,-2.315848214285714385e-02,-2.804129464285714385e-02,-2.539062500000000000e-02,-2.511160714285714385e-02,-2.385602678571428423e-02,-2.511160714285714385e-02,-2.818080357142857192e-02,-2.525111607142857192e-02,-2.483258928571428423e-02,-2.692522321428571577e-02,-2.678571428571428423e-02,-2.525111607142857192e-02,-2.539062500000000000e-02,-2.580915178571428423e-02,-2.511160714285714385e-02,-2.664620535714285615e-02,-2.566964285714285615e-02
-1.351841517857142738e-01,-1.388113839285714246e-01,-1.365792410714285754e-01,-1.404854910714285754e-01,-1.400669642857142738e-01,-1.402064732142857262e-01,-1.385323660714285754e-01,-1.381138392857142738e-01,-1.395089285714285754e-01,-1.372767857142857262e-01,-1.360212053571428492e-01,-1.396484375000000000e-01,-1.330915178571428492e-01,-1.363002232142857262e-01,-1.342075892857142738e-01,-1.354631696428571508e-01,-1.351841517857142738e-01,-1.434151785714285754e-01,-1.396484375000000000e-01,-1.410435267857142738e-01,-1.383928571428571508e-01,-1.385323660714285754e-01,-1.343470982142857262e-01,-1.375558035714285754e-01,-1.382533482142857262e-01,-1.335100446428571508e-01,-1.410435267857142738e-01,-1.357421875000000000e-01,-1.382533482142857262e-01,-1.340680803571428492e-01,-1.389508928571428492e-01,-1.400669642857142738e-01,-1.363002232142857262e-01,-1.360212053571428492e-01,-1.388113839285714246e-01,-1.389508928571428492e-01,-1.365792410714285754e-01,-1.365792410714285754e-01,-1.383928571428571508e-01,-1.374162946428571508e-01,-1.371372767857142738e-01,-1.343470982142857262e-01
-1.520647321428571404e-02,-1.702008928571428423e-02,-1.436941964285714211e-02,-1.715959821428571577e-02,-1.785714285714285615e-02,-1.548549107142857192e-02,-1.604352678571428423e-02,-1.590401785714285615e-02,-1.785714285714285615e-02,-1.478794642857142808e-02,-1.478794642857142808e-02,-1.785714285714285615e-02,-1.450892857142857192e-02,-1.436941964285714211e-02,-1.450892857142857192e-02,-1.464843750000000000e-02,-1.520647321428571404e-02,-2.078683035714285615e-02,-1.715959821428571577e-02,-1.813616071428571577e-02,-1.646205357142857192e-02,-1.492745535714285789e-02,-1.353236607142857192e-02,-1.381138392857142808e-02,-1.618303571428571577e-02,-1.311383928571428596e-02,-1.688058035714285615e-02,-1.492745535714285789e-02,-1.422991071428571404e-02,-1.241629464285714211e-02,-1.562500000000000000e-02,-1.688058035714285615e-02,-1.674107142857142808e-02,-1.395089285714285789e-02,-1.674107142857142808e-02,-1.562500000000000000e-02,-1.548549107142857192e-02,-1.436941964285714211e-02,-1.548549107142857192e-02,-1.478794642857142808e-02,-1.618303571428571577e-02,-1.604352678571428423e-02
5.175781250000000000e-02,4.994419642857143155e-02,5.287388392857143155e-02,5.231584821428571230e-02,4.952566964285714385e-02,5.426897321428571230e-02,5.203683035714285615e-02,5.106026785714285615e-02,4.882812500000000000e-02,5.106026785714285615e-02,5.189732142857143155e-02,4.952566964285714385e-02,5.119977678571428770e-02,5.203683035714285615e-02,4.980468750000000000e-02,5.287388392857143155e-02,5.245535714285714385e-02,4.520089285714285615e-02,5.064174107142856845e-02,4.910714285714285615e-02,4.966517857142856845e-02,5.301339285714285615e-02,5.106026785714285615e-02,5.371093750000000000e-02,5.119977678571428770e-02,5.426897321428571230e-02,5.119977678571428770e-02,5.119977678571428770e-02,5.315290178571428770e-02,5.510602678571428770e-02,5.133928571428571230e-02,5.050223214285714385e-02,4.868861607142856845e-02,5.245535714285714385e-02,5.203683035714285615e-02,5.245535714285714385e-02,5.133928571428571230e-02,5.161830357142856845e-02,5.245535714285714385e-02,5.175781250000000000e-02,4.994419642857143155e-02,4.868861607142856845e-02
1.520647321428571404e-02,1.464843750000000000e-02,1.478794642857142808e-02,1.283482142857142808e-02,1.395089285714285789e-02,1.422991071428571404e-02,1.339285714285714211e-02,1.422991071428571404e-02,1.353236607142857192e-02,1.297433035714285789e-02,1.506696428571428596e-02,1.311383928571428596e-02,1.506696428571428596e-02,1.325334821428571404e-02,1.409040178571428596e-02,1.534598214285714211e-02,1.450892857142857192e-02,1.130022321428571404e-02,1.283482142857142808e-02,1.534598214285714211e-02,1.520647321428571404e-02,1.395089285714285789e-02,1.646205357142857192e-02,1.618303571428571577e-02,1.367187500000000000e-02,1.534598214285714211e-02,1.353236607142857192e-02,1.506696428571428596e-02,1.464843750000000000e-02,1.660156250000000000e-02,1.422991071428571404e-02,1.325334821428571404e-02,1.520647321428571404e-02,1.604352678571428423e-02,1.283482142857142808e-02,1.492745535714285789e-02,1.506696428571428596e-02,1.422991071428571404e-02,1.436941964285714211e-02,1.548549107142857192e-02,1.422991071428571404e-02,1.436941964285714211e-02
-8.830915178571428770e-02,-8.789062500000000000e-02,-8.816964285714286309e-02,-8.970424107142857539e-02,-8.816964285714286309e-02,-8.775111607142857539e-02,-8.816964285714286309e-02,-8.761160714285713691e-02,-8.858816964285713691e-02,-8.886718750000000000e-02,-8.663504464285713691e-02,-8.872767857142857539e-02,-8.733258928571428770e-02,-8.872767857142857539e-02,-8.635602678571428770e-02,-8.523995535714286309e-02,-8.607700892857142461e-02,-9.416852678571428770e-02,-9.193638392857142461e-02,-8.956473214285713691e-02,-8.761160714285713691e-02,-8.970424107142857539e-02,-8.607700892857142461e-02,-8.775111607142857539e-02,-8.830915178571428770e-02,-8.816964285714286309e-02,-9.026227678571428770e-02,-8.803013392857142461e-02,-8.830915178571428770e-02,-8.635602678571428770e-02,-9.012276785714286309e-02,-8.942522321428571230e-02,-8.761160714285713691e-02,-8.691406250000000000e-02,-8.998325892857142461e-02,-8.803013392857142461e-02,-8.663504464285713691e-02,-8.761160714285713691e-02,-8.691406250000000000e-02,-8.733258928571428770e-02,-8.775111607142857539e-02,-8.677455357142857539e-02
-4.199218750000000000e-02,-4.059709821428571230e-02,-4.087611607142856845e-02,-4.143415178571428770e-02,-4.115513392857143155e-02,-3.948102678571428770e-02,-4.087611607142856845e-02,-4.031808035714285615e-02,-4.185267857142856845e-02,-4.171316964285714385e-02,-4.045758928571428770e-02,-4.213169642857143155e-02,-4.017857142857143155e-02,-4.199218750000000000e-02,-4.017857142857143155e-02,-3.864397321428571230e-02,-3.962053571428571230e-02,-4.757254464285714385e-02,-4.436383928571428770e-02,-4.282924107142856845e-02,-4.157366071428571230e-02,-4.213169642857143155e-02,-4.017857142857143155e-02,-3.976004464285714385e-02,-4.213169642857143155e-02,-4.101562500000000000e-02,-4.241071428571428770e-02,-4.129464285714285615e-02,-4.157366071428571230e-02,-3.850446428571428770e-02,-4.227120535714285615e-02,-4.199218750000000000e-02,-4.213169642857143155e-02,-3.976004464285714385e-02,-4.338727678571428770e-02,-4.073660714285714385e-02,-4.031808035714285615e-02,-4.031808035714285615e-02,-4.003906250000000000e-02,-4.017857142857143155e-02,-4.101562500000000000e-02,-4.185267857142856845e-02
1.743861607142857192e-02,1.855468750000000000e-02,1.953125000000000000e-02,1.813616071428571577e-02,1.827566964285714385e-02,2.162388392857142808e-02,1.994977678571428423e-02,1.897321428571428423e-02,1.674107142857142808e-02,1.827566964285714385e-02,2.008928571428571577e-02,1.785714285714285615e-02,1.771763392857142808e-02,1.771763392857142808e-02,1.743861607142857192e-02,2.008928571428571577e-02,2.022879464285714385e-02,1.004464285714285789e-02,1.534598214285714211e-02,1.674107142857142808e-02,1.646205357142857192e-02,1.869419642857142808e-02,1.771763392857142808e-02,2.064732142857142808e-02,1.771763392857142808e-02,1.799665178571428423e-02,1.799665178571428423e-02,1.729910714285714385e-02,1.953125000000000000e-02,2.204241071428571577e-02,1.813616071428571577e-02,1.869419642857142808e-02,1.548549107142857192e-02,1.911272321428571577e-02,1.771763392857142808e-02,1.939174107142857192e-02,1.855468750000000000e-02,2.008928571428571577e-02,1.953125000000000000e-02,1.939174107142857192e-02,1.771763392857142808e-02,1.688058035714285615e-02
-2.036830357142857192e-02,-1.967075892857142808e-02,-1.994977678571428423e-02,-1.953125000000000000e-02,-2.022879464285714385e-02,-1.883370535714285615e-02,-2.050781250000000000e-02,-2.050781250000000000e-02,-1.981026785714285615e-02,-2.092633928571428423e-02,-1.939174107142857192e-02,-2.134486607142857192e-02,-2.022879464285714385e-02,-2.204241071428571577e-02,-2.050781250000000000e-02,-1.799665178571428423e-02,-1.967075892857142808e-02,-2.483258928571428423e-02,-2.260044642857142808e-02,-1.981026785714285615e-02,-1.981026785714285615e-02,-2.134486607142857192e-02,-1.981026785714285615e-02,-1.841517857142857192e-02,-2.036830357142857192e-02,-2.162388392857142808e-02,-2.134486607142857192e-02,-2.022879464285714385e-02,-2.120535714285714385e-02,-1.925223214285714385e-02,-2.148437500000000000e-02,-2.092633928571428423e-02,-1.911272321428571577e-02,-1.967075892857142808e-02,-2.218191964285714385e-02,-1.953125000000000000e-02,-1.953125000000000000e-02,-2.050781250000000000e-02,-1.981026785714285615e-02,-1.981026785714285615e-02,-1.967075892857142808e-02,-2.092633928571428423e-02
-1.223493303571428631e-01,-1.201171875000000000e-01,-1.216517857142857123e-01,-1.224888392857142877e-01,-1.203962053571428631e-01,-1.195591517857142877e-01,-1.215122767857142877e-01,-1.205357142857142877e-01,-1.208147321428571369e-01,-1.219308035714285754e-01,-1.196986607142857123e-01,-1.205357142857142877e-01,-1.201171875000000000e-01,-1.234654017857142877e-01,-1.196986607142857123e-01,-1.180245535714285754e-01,-1.190011160714285754e-01,-1.272321428571428492e-01,-1.263950892857142738e-01,-1.209542410714285754e-01,-1.206752232142857123e-01,-1.238839285714285754e-01,-1.194196428571428631e-01,-1.201171875000000000e-01,-1.217912946428571369e-01,-1.233258928571428631e-01,-1.229073660714285754e-01,-1.205357142857142877e-01,-1.220703125000000000e-01,-1.203962053571428631e-01,-1.236049107142857123e-01,-1.217912946428571369e-01,-1.184430803571428631e-01,-1.201171875000000000e-01,-1.241629464285714246e-01,-1.213727678571428631e-01,-1.198381696428571369e-01,-1.212332589285714246e-01,-1.203962053571428631e-01,-1.201171875000000000e-01,-1.191406250000000000e-01,-1.191406250000000000e-01
-3.948102678571428770e-02,-3.683035714285714385e-02,-3.836495535714285615e-02,-3.822544642857143155e-02,-3.710937500000000000e-02,-3.599330357142856845e-02,-3.752790178571428770e-02,-3.808593750000000000e-02,-3.836495535714285615e-02,-3.920200892857143155e-02,-3.696986607142856845e-02,-3.864397321428571230e-02,-3.822544642857143155e-02,-4.003906250000000000e-02,-3.808593750000000000e-02,-3.571428571428571230e-02,-3.683035714285714385e-02,-4.547991071428571230e-02,-4.241071428571428770e-02,-3.892299107142856845e-02,-3.906250000000000000e-02,-3.989955357142856845e-02,-3.920200892857143155e-02,-3.641183035714285615e-02,-3.920200892857143155e-02,-4.017857142857143155e-02,-3.920200892857143155e-02,-3.878348214285714385e-02,-3.878348214285714385e-02,-3.669084821428571230e-02,-4.003906250000000000e-02,-3.822544642857143155e-02,-3.934151785714285615e-02,-3.766741071428571230e-02,-3.976004464285714385e-02,-3.766741071428571230e-02,-3.683035714285714385e-02,-3.808593750000000000e-02,-3.710937500000000000e-02,-3.808593750000000000e-02,-3.836495535714285615e-02,-3.934151785714285615e-02
1.883370535714285615e-02,2.106584821428571577e-02,2.106584821428571577e-02,2.106584821428571577e-02,2.050781250000000000e-02,2.441406250000000000e-02,2.176339285714285615e-02,2.134486607142857192e-02,1.911272321428571577e-02,1.981026785714285615e-02,2.232142857142857192e-02,2.050781250000000000e-02,1.981026785714285615e-02,1.869419642857142808e-02,2.022879464285714385e-02,2.301897321428571577e-02,2.218191964285714385e-02,1.367187500000000000e-02,1.702008928571428423e-02,1.967075892857142808e-02,1.981026785714285615e-02,2.050781250000000000e-02,2.008928571428571577e-02,2.329799107142857192e-02,1.994977678571428423e-02,1.869419642857142808e-02,2.106584821428571577e-02,1.869419642857142808e-02,2.134486607142857192e-02,2.246093750000000000e-02,2.022879464285714385e-02,2.064732142857142808e-02,1.757812500000000000e-02,2.218191964285714385e-02,1.981026785714285615e-02,2.287946428571428423e-02,2.148437500000000000e-02,2.190290178571428423e-02,2.232142857142857192e-02,2.148437500000000000e-02,2.078683035714285615e-02,1.785714285714285615e-02
-1.813616071428571577e-02,-1.618303571428571577e-02,-1.785714285714285615e-02,-1.771763392857142808e-02,-1.688058035714285615e-02,-1.548549107142857192e-02,-1.841517857142857192e-02,-1.757812500000000000e-02,-1.715959821428571577e-02,-1.939174107142857192e-02,-1.660156250000000000e-02,-1.757812500000000000e-02,-1.841517857142857192e-02,-2.050781250000000000e-02,-1.841517857142857192e-02,-1.604352678571428423e-02,-1.688058035714285615e-02,-2.218191964285714385e-02,-2.120535714285714385e-02,-1.618303571428571577e-02,-1.729910714285714385e-02,-2.008928571428571577e-02,-1.757812500000000000e-02,-1.632254464285714385e-02,-1.799665178571428423e-02,-1.953125000000000000e-02,-1.827566964285714385e-02,-1.827566964285714385e-02,-1.855468750000000000e-02,-1.702008928571428423e-02,-1.925223214285714385e-02,-1.813616071428571577e-02,-1.604352678571428423e-02,-1.674107142857142808e-02,-1.953125000000000000e-02,-1.660156250000000000e-02,-1.702008928571428423e-02,-1.841517857142857192e-02,-1.646205357142857192e-02,-1.674107142857142808e-02,-1.702008928571428423e-02,-1.813616071428571577e-02
-1.307198660714285754e-01,-1.252790178571428492e-01,-1.296037946428571508e-01,-1.297433035714285754e-01,-1.255580357142857262e-01,-1.259765625000000000e-01,-1.280691964285714246e-01,-1.268136160714285754e-01,-1.273716517857142738e-01,-1.290457589285714246e-01,-1.269531250000000000e-01,-1.273716517857142738e-01,-1.268136160714285754e-01,-1.311383928571428492e-01,-1.252790178571428492e-01,-1.233258928571428631e-01,-1.251395089285714246e-01,-1.347656250000000000e-01,-1.356026785714285754e-01,-1.290457589285714246e-01,-1.282087053571428492e-01,-1.322544642857142738e-01,-1.256975446428571508e-01,-1.280691964285714246e-01,-1.280691964285714246e-01,-1.308593750000000000e-01,-1.301618303571428492e-01,-1.279296875000000000e-01,-1.301618303571428492e-01,-1.286272321428571508e-01,-1.316964285714285754e-01,-1.286272321428571508e-01,-1.262555803571428492e-01,-1.279296875000000000e-01,-1.311383928571428492e-01,-1.277901785714285754e-01,-1.259765625000000000e-01,-1.273716517857142738e-01,-1.273716517857142738e-01,-1.263950892857142738e-01,-1.254185267857142738e-01,-1.259765625000000000e-01
-9.765625000000000000e-03,-6.556919642857142981e-03,-9.486607142857142114e-03,-8.649553571428571924e-03,-7.393973214285714038e-03,-4.464285714285714038e-03,-7.393973214285714038e-03,-8.091517857142857886e-03,-7.952008928571428076e-03,-9.347098214285714038e-03,-6.975446428571428943e-03,-8.370535714285714038e-03,-8.649553571428571924e-03,-1.171875000000000000e-02,-8.231026785714285962e-03,-5.301339285714285962e-03,-6.417410714285714038e-03,-1.534598214285714211e-02,-1.409040178571428596e-02,-8.789062500000000000e-03,-8.649553571428571924e-03,-1.046316964285714211e-02,-8.928571428571428076e-03,-6.696428571428571057e-03,-8.231026785714285962e-03,-1.032366071428571404e-02,-9.626116071428571924e-03,-9.905133928571428076e-03,-9.347098214285714038e-03,-7.533482142857142981e-03,-1.116071428571428596e-02,-8.789062500000000000e-03,-9.626116071428571924e-03,-7.952008928571428076e-03,-1.004464285714285789e-02,-7.254464285714285962e-03,-7.533482142857142981e-03,-7.393973214285714038e-03,-6.835937500000000000e-03,-8.231026785714285962e-03,-7.533482142857142981e-03,-9.347098214285714038e-03
5.426897321428571230e-02,5.803571428571428770e-02,5.608258928571428770e-02,5.761718750000000000e-02,5.719866071428571230e-02,6.152343750000000000e-02,5.831473214285714385e-02,5.733816964285714385e-02,5.691964285714285615e-02,5.580357142857143155e-02,5.845424107142856845e-02,5.719866071428571230e-02,5.482700892857143155e-02,5.440848214285714385e-02,5.580357142857143155e-02,5.929129464285714385e-02,5.873325892857143155e-02,5.064174107142856845e-02,5.329241071428571230e-02,5.594308035714285615e-02,5.594308035714285615e-02,5.691964285714285615e-02,5.678013392857143155e-02,5.957031250000000000e-02,5.594308035714285615e-02,5.412946428571428770e-02,5.664062500000000000e-02,5.524553571428571230e-02,5.761718750000000000e-02,5.845424107142856845e-02,5.552455357142856845e-02,5.733816964285714385e-02,5.315290178571428770e-02,5.747767857142856845e-02,5.580357142857143155e-02,5.845424107142856845e-02,5.775669642857143155e-02,5.733816964285714385e-02,5.831473214285714385e-02,5.789620535714285615e-02,5.664062500000000000e-02,5.357142857142856845e-02
1.702008928571428423e-02,2.036830357142857192e-02,1.729910714285714385e-02,1.869419642857142808e-02,1.953125000000000000e-02,2.106584821428571577e-02,1.855468750000000000e-02,1.883370535714285615e-02,1.953125000000000000e-02,1.743861607142857192e-02,1.953125000000000000e-02,1.855468750000000000e-02,1.743861607142857192e-02,1.576450892857142808e-02,1.799665178571428423e-02,2.050781250000000000e-02,1.981026785714285615e-02,1.520647321428571404e-02,1.506696428571428596e-02,2.050781250000000000e-02,1.953125000000000000e-02,1.618303571428571577e-02,1.841517857142857192e-02,2.050781250000000000e-02,1.883370535714285615e-02,1.660156250000000000e-02,1.757812500000000000e-02,1.827566964285714385e-02,1.799665178571428423e-02,1.869419642857142808e-02,1.743861607142857192e-02,1.897321428571428423e-02,1.953125000000000000e-02,1.883370535714285615e-02,1.660156250000000000e-02,1.981026785714285615e-02,2.008928571428571577e-02,1.869419642857142808e-02,1.897321428571428423e-02,1.953125000000000000e-02,1.939174107142857192e-02,1.813616071428571577e-02
-4.771205357142856845e-02,-4.310825892857143155e-02,-4.687500000000000000e-02,-4.715401785714285615e-02,-4.394531250000000000e-02,-4.338727678571428770e-02,-4.603794642857143155e-02,-4.589843750000000000e-02,-4.492187500000000000e-02,-4.799107142857143155e-02,-4.631696428571428770e-02,-4.701450892857143155e-02,-4.617745535714285615e-02,-5.078125000000000000e-02,-4.534040178571428770e-02,-4.310825892857143155e-02,-4.478236607142856845e-02,-5.106026785714285615e-02,-5.217633928571428770e-02,-4.520089285714285615e-02,-4.436383928571428770e-02,-4.924665178571428770e-02,-4.324776785714285615e-02,-4.464285714285714385e-02,-4.478236607142856845e-02,-4.813058035714285615e-02,-4.729352678571428770e-02,-4.547991071428571230e-02,-4.813058035714285615e-02,-4.603794642857143155e-02,-4.882812500000000000e-02,-4.575892857142856845e-02,-4.394531250000000000e-02,-4.575892857142856845e-02,-4.840959821428571230e-02,-4.547991071428571230e-02,-4.324776785714285615e-02,-4.534040178571428770e-02,-4.520089285714285615e-02,-4.589843750000000000e-02,-4.324776785714285615e-02,-4.547991071428571230e-02
6.082589285714285615e-02,6.584821428571428770e-02,6.236049107142856845e-02,6.305803571428571230e-02,6.487165178571428770e-02,6.612723214285713691e-02,6.389508928571428770e-02,6.347656250000000000e-02,6.347656250000000000e-02,6.068638392857143155e-02,6.375558035714286309e-02,6.319754464285713691e-02,6.082589285714285615e-02,5.887276785714285615e-02,6.194196428571428770e-02,6.487165178571428770e-02,6.403459821428571230e-02,5.887276785714285615e-02,5.901227678571428770e-02,6.389508928571428770e-02,6.403459821428571230e-02,6.194196428571428770e-02,6.431361607142857539e-02,6.598772321428571230e-02,6.403459821428571230e-02,6.152343750000000000e-02,6.291852678571428770e-02,6.250000000000000000e-02,6.347656250000000000e-02,6.529017857142857539e-02,6.110491071428571230e-02,6.347656250000000000e-02,6.277901785714286309e-02,6.389508928571428770e-02,6.166294642857143155e-02,6.515066964285713691e-02,6.445312500000000000e-02,6.403459821428571230e-02,6.403459821428571230e-02,6.333705357142857539e-02,6.389508928571428770e-02,6.180245535714285615e-02
1.190011160714285754e-01,1.222098214285714246e-01,1.199776785714285754e-01,1.224888392857142877e-01,1.217912946428571369e-01,1.251395089285714246e-01,1.216517857142857123e-01,1.219308035714285754e-01,1.201171875000000000e-01,1.187220982142857123e-01,1.219308035714285754e-01,1.210937500000000000e-01,1.178850446428571369e-01,1.173270089285714246e-01,1.184430803571428631e-01,1.229073660714285754e-01,1.215122767857142877e-01,1.174665178571428631e-01,1.191406250000000000e-01,1.223493303571428631e-01,1.212332589285714246e-01,1.216517857142857123e-01,1.210937500000000000e-01,1.254185267857142738e-01,1.202566964285714246e-01,1.187220982142857123e-01,1.215122767857142877e-01,1.196986607142857123e-01,1.223493303571428631e-01,1.238839285714285754e-01,1.194196428571428631e-01,1.223493303571428631e-01,1.178850446428571369e-01,1.219308035714285754e-01,1.208147321428571369e-01,1.227678571428571369e-01,1.213727678571428631e-01,1.219308035714285754e-01,1.222098214285714246e-01,1.210937500000000000e-01,1.205357142857142877e-01,1.171875000000000000e-01
6.752232142857142461e-02,7.073102678571428770e-02,6.835937500000000000e-02,6.933593750000000000e-02,7.017299107142857539e-02,7.170758928571428770e-02,6.961495535714286309e-02,6.877790178571428770e-02,6.947544642857142461e-02,6.724330357142857539e-02,6.919642857142857539e-02,6.808035714285713691e-02,6.710379464285713691e-02,6.459263392857142461e-02,6.738281250000000000e-02,7.017299107142857539e-02,6.933593750000000000e-02,6.598772321428571230e-02,6.612723214285713691e-02,7.198660714285713691e-02,7.073102678571428770e-02,6.752232142857142461e-02,7.003348214285713691e-02,7.156808035714286309e-02,7.017299107142857539e-02,6.738281250000000000e-02,6.947544642857142461e-02,6.961495535714286309e-02,6.863839285714286309e-02,6.961495535714286309e-02,6.696428571428571230e-02,6.961495535714286309e-02,7.045200892857142461e-02,6.933593750000000000e-02,6.724330357142857539e-02,7.073102678571428770e-02,7.031250000000000000e-02,6.891741071428571230e-02,6.947544642857142461e-02,6.947544642857142461e-02,7.017299107142857539e-02,6.780133928571428770e-02
-5.998883928571428943e-03,-1.395089285714285637e-04,-4.743303571428571057e-03,-5.719866071428571057e-03,-1.395089285714285745e-03,-9.765625000000000000e-04,-3.766741071428571491e-03,-4.045758928571428943e-03,-3.627232142857142981e-03,-6.277901785714285962e-03,-5.161830357142857019e-03,-5.998883928571428943e-03,-5.440848214285714038e-03,-1.171875000000000000e-02,-3.069196428571428509e-03,-6.975446428571428726e-04,-3.208705357142857019e-03,-9.626116071428571924e-03,-1.143973214285714211e-02,-4.185267857142857019e-03,0.000000000000000000e+00,-6.556919642857142981e-03,6.975446428571428726e-04,-2.232142857142857019e-03,-8.370535714285713821e-04,-5.301339285714285962e-03,-4.882812500000000000e-03,-1.813616071428571491e-03,-5.301339285714285962e-03,-2.929687500000000000e-03,-8.370535714285714038e-03,-2.790178571428571491e-03,-2.092633928571428509e-03,-3.766741071428571491e-03,-6.696428571428571057e-03,-2.511160714285714472e-03,-1.813616071428571491e-03,-2.511160714285714472e-03,-3.069196428571428509e-03,-4.464285714285714038e-03,-6.975446428571428726e-04,-2.511160714285714472e-03
9.528459821428571230e-02,1.004464285714285754e-01,9.737723214285713691e-02,9.681919642857142461e-02,9.988839285714286309e-02,1.015625000000000000e-01,9.905133928571428770e-02,9.877232142857142461e-02,9.737723214285713691e-02,9.584263392857142461e-02,9.737723214285713691e-02,9.765625000000000000e-02,9.542410714285713691e-02,9.095982142857142461e-02,9.779575892857142461e-02,1.010044642857142877e-01,9.905133928571428770e-02,9.333147321428571230e-02,9.277343750000000000e-02,9.863281250000000000e-02,1.010044642857142877e-01,9.751674107142857539e-02,1.018415178571428631e-01,1.017020089285714246e-01,1.007254464285714246e-01,9.570312500000000000e-02,9.779575892857142461e-02,9.835379464285713691e-02,9.877232142857142461e-02,1.014229910714285754e-01,9.472656250000000000e-02,9.946986607142857539e-02,9.654017857142857539e-02,9.863281250000000000e-02,9.681919642857142461e-02,9.988839285714286309e-02,9.974888392857142461e-02,9.946986607142857539e-02,9.905133928571428770e-02,9.765625000000000000e-02,9.933035714285713691e-02,9.751674107142857539e-02
1.485770089285714246e-01,1.517857142857142738e-01,1.498325892857142738e-01,1.499720982142857262e-01,1.529017857142857262e-01,1.547154017857142738e-01,1.520647321428571508e-01,1.512276785714285754e-01,1.487165178571428492e-01,1.474609375000000000e-01,1.508091517857142738e-01,1.501116071428571508e-01,1.474609375000000000e-01,1.441127232142857262e-01,1.494140625000000000e-01,1.533203125000000000e-01,1.512276785714285754e-01,1.459263392857142738e-01,1.463448660714285754e-01,1.515066964285714246e-01,1.537388392857142738e-01,1.516462053571428492e-01,1.530412946428571508e-01,1.562500000000000000e-01,1.512276785714285754e-01,1.482979910714285754e-01,1.515066964285714246e-01,1.505301339285714246e-01,1.537388392857142738e-01,1.555524553571428492e-01,1.481584821428571508e-01,1.530412946428571508e-01,1.480189732142857262e-01,1.516462053571428492e-01,1.508091517857142738e-01,1.534598214285714246e-01,1.524832589285714246e-01,1.520647321428571508e-01,1.523437500000000000e-01,1.498325892857142738e-01,1.509486607142857262e-01,1.484375000000000000e-01
9.026227678571428770e-02,9.500558035714286309e-02,9.179687500000000000e-02,9.137834821428571230e-02,9.361049107142857539e-02,9.514508928571428770e-02,9.263392857142857539e-02,9.235491071428571230e-02,9.207589285714286309e-02,9.054129464285713691e-02,9.151785714285713691e-02,9.151785714285713691e-02,9.012276785714286309e-02,8.677455357142857539e-02,9.179687500000000000e-02,9.375000000000000000e-02,9.263392857142857539e-02,8.872767857142857539e-02,8.816964285714286309e-02,9.402901785714286309e-02,9.598214285714286309e-02,9.137834821428571230e-02,9.612165178571428770e-02,9.584263392857142461e-02,9.458705357142857539e-02,9.068080357142857539e-02,9.277343750000000000e-02,9.319196428571428770e-02,9.235491071428571230e-02,9.388950892857142461e-02,8.970424107142857539e-02,9.333147321428571230e-02,9.305245535714286309e-02,9.277343750000000000e-02,9.054129464285713691e-02,9.388950892857142461e-02,9.402901785714286309e-02,9.277343750000000000e-02,9.291294642857142461e-02,9.249441964285713691e-02,9.430803571428571230e-02,9.165736607142857539e-02
1.157924107142857192e-02,1.562500000000000000e-02,1.171875000000000000e-02,1.116071428571428596e-02,1.534598214285714211e-02,1.409040178571428596e-02,1.199776785714285789e-02,1.255580357142857192e-02,1.241629464285714211e-02,1.241629464285714211e-02,1.297433035714285789e-02,1.199776785714285789e-02,1.269531250000000000e-02,7.114955357142857019e-03,1.422991071428571404e-02,1.548549107142857192e-02,1.297433035714285789e-02,8.370535714285714038e-03,8.091517857142857886e-03,1.325334821428571404e-02,1.674107142857142808e-02,1.116071428571428596e-02,1.757812500000000000e-02,1.478794642857142808e-02,1.646205357142857192e-02,1.255580357142857192e-02,1.199776785714285789e-02,1.506696428571428596e-02,1.143973214285714211e-02,1.367187500000000000e-02,8.928571428571428076e-03,1.450892857142857192e-02,1.409040178571428596e-02,1.241629464285714211e-02,1.074218750000000000e-02,1.283482142857142808e-02,1.576450892857142808e-02,1.353236607142857192e-02,1.339285714285714211e-02,1.102120535714285789e-02,1.618303571428571577e-02,1.450892857142857192e-02
1.102120535714285754e-01,1.130022321428571369e-01,1.114676339285714246e-01,1.102120535714285754e-01,1.132812500000000000e-01,1.135602678571428631e-01,1.121651785714285754e-01,1.120256696428571369e-01,1.100725446428571369e-01,1.102120535714285754e-01,1.111886160714285754e-01,1.102120535714285754e-01,1.100725446428571369e-01,1.058872767857142877e-01,1.109095982142857123e-01,1.138392857142857123e-01,1.120256696428571369e-01,1.070033482142857123e-01,1.077008928571428631e-01,1.117466517857142877e-01,1.145368303571428631e-01,1.123046875000000000e-01,1.152343750000000000e-01,1.156529017857142877e-01,1.138392857142857123e-01,1.111886160714285754e-01,1.103515625000000000e-01,1.121651785714285754e-01,1.121651785714285754e-01,1.145368303571428631e-01,1.092354910714285754e-01,1.130022321428571369e-01,1.104910714285714246e-01,1.123046875000000000e-01,1.100725446428571369e-01,1.123046875000000000e-01,1.130022321428571369e-01,1.127232142857142877e-01,1.125837053571428631e-01,1.103515625000000000e-01,1.128627232142857123e-01,1.096540178571428631e-01
1.609933035714285754e-01,1.622488839285714246e-01,1.618303571428571508e-01,1.614118303571428492e-01,1.625279017857142738e-01,1.653180803571428492e-01,1.630859375000000000e-01,1.622488839285714246e-01,1.594587053571428492e-01,1.600167410714285754e-01,1.621093750000000000e-01,1.612723214285714246e-01,1.590401785714285754e-01,1.575055803571428492e-01,1.607142857142857262e-01,1.640625000000000000e-01,1.628069196428571508e-01,1.577845982142857262e-01,1.598772321428571508e-01,1.623883928571428492e-01,1.644810267857142738e-01,1.644810267857142738e-01,1.650390625000000000e-01,1.675502232142857262e-01,1.635044642857142738e-01,1.619698660714285754e-01,1.616908482142857262e-01,1.614118303571428492e-01,1.643415178571428492e-01,1.672712053571428492e-01,1.590401785714285754e-01,1.644810267857142738e-01,1.590401785714285754e-01,1.628069196428571508e-01,1.614118303571428492e-01,1.637834821428571508e-01,1.629464285714285754e-01,1.625279017857142738e-01,1.632254464285714246e-01,1.609933035714285754e-01,1.618303571428571508e-01,1.593191964285714246e-01
9.974888392857142461e-02,1.025390625000000000e-01,1.004464285714285754e-01,1.001674107142857123e-01,1.018415178571428631e-01,1.023995535714285754e-01,1.000279017857142877e-01,1.005859375000000000e-01,9.988839285714286309e-02,9.988839285714286309e-02,1.000279017857142877e-01,9.919084821428571230e-02,9.919084821428571230e-02,9.584263392857142461e-02,9.988839285714286309e-02,1.022600446428571369e-01,1.008649553571428631e-01,9.793526785714286309e-02,9.793526785714286309e-02,1.021205357142857123e-01,1.033761160714285754e-01,1.003069196428571369e-01,1.036551339285714246e-01,1.042131696428571369e-01,1.030970982142857123e-01,1.000279017857142877e-01,1.001674107142857123e-01,1.018415178571428631e-01,1.008649553571428631e-01,1.019810267857142877e-01,9.877232142857142461e-02,1.022600446428571369e-01,1.011439732142857123e-01,1.011439732142857123e-01,9.905133928571428770e-02,1.014229910714285754e-01,1.019810267857142877e-01,1.011439732142857123e-01,1.011439732142857123e-01,1.000279017857142877e-01,1.018415178571428631e-01,9.905133928571428770e-02
1.102120535714285789e-02,1.478794642857142808e-02,1.157924107142857192e-02,1.046316964285714211e-02,1.353236607142857192e-02,1.297433035714285789e-02,1.060267857142857192e-02,1.227678571428571404e-02,1.116071428571428596e-02,1.185825892857142808e-02,1.199776785714285789e-02,1.157924107142857192e-02,1.199776785714285789e-02,6.417410714285714038e-03,1.297433035714285789e-02,1.548549107142857192e-02,1.283482142857142808e-02,7.114955357142857019e-03,9.068080357142857886e-03,1.255580357142857192e-02,1.520647321428571404e-02,1.143973214285714211e-02,1.632254464285714385e-02,1.325334821428571404e-02,1.632254464285714385e-02,1.199776785714285789e-02,9.905133928571428076e-03,1.492745535714285789e-02,1.199776785714285789e-02,1.297433035714285789e-02,1.004464285714285789e-02,1.395089285714285789e-02,1.325334821428571404e-02,1.171875000000000000e-02,9.765625000000000000e-03,1.171875000000000000e-02,1.367187500000000000e-02,1.283482142857142808e-02,1.269531250000000000e-02,1.074218750000000000e-02,1.576450892857142808e-02,1.367187500000000000e-02
1.088169642857142877e-01,1.104910714285714246e-01,1.096540178571428631e-01,1.090959821428571369e-01,1.111886160714285754e-01,1.111886160714285754e-01,1.096540178571428631e-01,1.099330357142857123e-01,1.081194196428571369e-01,1.082589285714285754e-01,1.096540178571428631e-01,1.089564732142857123e-01,1.074218750000000000e-01,1.053292410714285754e-01,1.093750000000000000e-01,1.120256696428571369e-01,1.103515625000000000e-01,1.060267857142857123e-01,1.070033482142857123e-01,1.106305803571428631e-01,1.121651785714285754e-01,1.100725446428571369e-01,1.134207589285714246e-01,1.132812500000000000e-01,1.116071428571428631e-01,1.099330357142857123e-01,1.079799107142857123e-01,1.107700892857142877e-01,1.106305803571428631e-01,1.130022321428571369e-01,1.078404017857142877e-01,1.113281250000000000e-01,1.083984375000000000e-01,1.103515625000000000e-01,1.083984375000000000e-01,1.109095982142857123e-01,1.110491071428571369e-01,1.106305803571428631e-01,1.100725446428571369e-01,1.085379464285714246e-01,1.103515625000000000e-01,1.081194196428571369e-01
1.572265625000000000e-01,1.576450892857142738e-01,1.594587053571428492e-01,1.577845982142857262e-01,1.595982142857142738e-01,1.611328125000000000e-01,1.590401785714285754e-01,1.584821428571428492e-01,1.563895089285714246e-01,1.568080357142857262e-01,1.593191964285714246e-01,1.580636160714285754e-01,1.554129464285714246e-01,1.548549107142857262e-01,1.565290178571428492e-01,1.600167410714285754e-01,1.591796875000000000e-01,1.551339285714285754e-01,1.569475446428571508e-01,1.587611607142857262e-01,1.607142857142857262e-01,1.608537946428571508e-01,1.616908482142857262e-01,1.635044642857142738e-01,1.590401785714285754e-01,1.583426339285714246e-01,1.570870535714285754e-01,1.582031250000000000e-01,1.614118303571428492e-01,1.629464285714285754e-01,1.573660714285714246e-01,1.615513392857142738e-01,1.554129464285714246e-01,1.600167410714285754e-01,1.582031250000000000e-01,1.598772321428571508e-01,1.594587053571428492e-01,1.583426339285714246e-01,1.590401785714285754e-01,1.570870535714285754e-01,1.576450892857142738e-01,1.556919642857142738e-01
9.681919642857142461e-02,9.765625000000000000e-02,9.681919642857142461e-02,9.681919642857142461e-02,9.821428571428571230e-02,9.821428571428571230e-02,9.654017857142857539e-02,9.695870535714286309e-02,9.667968750000000000e-02,9.626116071428571230e-02,9.695870535714286309e-02,9.556361607142857539e-02,9.570312500000000000e-02,9.319196428571428770e-02,9.584263392857142461e-02,9.793526785714286309e-02,9.640066964285713691e-02,9.472656250000000000e-02,9.556361607142857539e-02,9.877232142857142461e-02,9.919084821428571230e-02,9.681919642857142461e-02,9.933035714285713691e-02,9.974888392857142461e-02,9.919084821428571230e-02,9.681919642857142461e-02,9.584263392857142461e-02,9.821428571428571230e-02,9.751674107142857539e-02,9.849330357142857539e-02,9.556361607142857539e-02,9.849330357142857539e-02,9.737723214285713691e-02,9.737723214285713691e-02,9.556361607142857539e-02,9.751674107142857539e-02,9.807477678571428770e-02,9.737723214285713691e-02,9.654017857142857539e-02,9.598214285714286309e-02,9.821428571428571230e-02,9.556361607142857539e-02
-4.199218750000000000e-02,-3.920200892857143155e-02,-3.850446428571428770e-02,-4.059709821428571230e-02,-3.864397321428571230e-02,-3.920200892857143155e-02,-4.115513392857143155e-02,-3.864397321428571230e-02,-4.003906250000000000e-02,-3.920200892857143155e-02,-3.976004464285714385e-02,-3.892299107142856845e-02,-3.892299107142856845e-02,-4.282924107142856845e-02,-3.892299107142856845e-02,-3.613281250000000000e-02,-3.724888392857143155e-02,-4.561941964285714385e-02,-4.310825892857143155e-02,-4.045758928571428770e-02,-3.906250000000000000e-02,-4.213169642857143155e-02,-3.710937500000000000e-02,-3.906250000000000000e-02,-3.752790178571428770e-02,-4.045758928571428770e-02,-4.366629464285714385e-02,-3.822544642857143155e-02,-4.003906250000000000e-02,-3.836495535714285615e-02,-4.129464285714285615e-02,-3.794642857142856845e-02,-4.045758928571428770e-02,-4.003906250000000000e-02,-4.087611607142856845e-02,-4.031808035714285615e-02,-3.906250000000000000e-02,-3.934151785714285615e-02,-3.906250000000000000e-02,-4.101562500000000000e-02,-3.696986607142856845e-02,-3.906250000000000000e-02
-5.719866071428571057e-03,-4.324776785714285962e-03,-3.069196428571428509e-03,-4.185267857142857019e-03,-3.069196428571428509e-03,-2.790178571428571491e-03,-5.161830357142857019e-03,-2.929687500000000000e-03,-5.580357142857142981e-03,-4.603794642857142981e-03,-2.929687500000000000e-03,-4.882812500000000000e-03,-4.185267857142857019e-03,-7.254464285714285962e-03,-4.185267857142857019e-03,4.185267857142856911e-04,-1.953125000000000000e-03,-1.018415178571428596e-02,-7.812500000000000000e-03,-5.022321428571428943e-03,-3.627232142857142981e-03,-5.022321428571428943e-03,-2.092633928571428509e-03,-2.371651785714285528e-03,-3.487723214285714472e-03,-3.906250000000000000e-03,-8.789062500000000000e-03,-3.069196428571428509e-03,-3.208705357142857019e-03,-1.395089285714285745e-03,-5.440848214285714038e-03,-1.674107142857142764e-03,-6.417410714285714038e-03,-4.603794642857142981e-03,-5.022321428571428943e-03,-3.766741071428571491e-03,-3.487723214285714472e-03,-3.766741071428571491e-03,-2.929687500000000000e-03,-6.277901785714285962e-03,-2.511160714285714472e-03,-4.882812500000000000e-03
4.227120535714285615e-02,4.352678571428571230e-02,4.659598214285714385e-02,4.561941964285714385e-02,4.603794642857143155e-02,4.771205357142856845e-02,4.478236607142856845e-02,4.645647321428571230e-02,4.282924107142856845e-02,4.394531250000000000e-02,4.645647321428571230e-02,4.450334821428571230e-02,4.282924107142856845e-02,4.296875000000000000e-02,4.352678571428571230e-02,4.813058035714285615e-02,4.729352678571428770e-02,3.976004464285714385e-02,4.241071428571428770e-02,4.338727678571428770e-02,4.534040178571428770e-02,4.492187500000000000e-02,4.687500000000000000e-02,4.938616071428571230e-02,4.338727678571428770e-02,4.422433035714285615e-02,4.073660714285714385e-02,4.478236607142856845e-02,4.743303571428571230e-02,4.882812500000000000e-02,4.408482142857143155e-02,4.799107142857143155e-02,4.143415178571428770e-02,4.617745535714285615e-02,4.492187500000000000e-02,4.575892857142856845e-02,4.575892857142856845e-02,4.547991071428571230e-02,4.589843750000000000e-02,4.394531250000000000e-02,4.450334821428571230e-02,4.282924107142856845e-02
-2.511160714285714472e-03,-1.395089285714285745e-03,-1.674107142857142764e-03,-1.534598214285714255e-03,-9.765625000000000000e-04,-6.975446428571428726e-04,-3.069196428571428509e-03,-1.395089285714285745e-03,-1.255580357142857236e-03,-1.813616071428571491e-03,-1.116071428571428509e-03,-1.813616071428571491e-03,-1.813616071428571491e-03,-4.603794642857142981e-03,-1.953125000000000000e-03,8.370535714285713821e-04,-4.185267857142856911e-04,-5.440848214285714038e-03,-3.766741071428571491e-03,-6.975446428571428726e-04,-4.185267857142856911e-04,-3.208705357142857019e-03,-6.975446428571428726e-04,0.000000000000000000e+00,-8.370535714285713821e-04,-1.813616071428571491e-03,-3.906250000000000000e-03,-9.765625000000000000e-04,-2.092633928571428509e-03,-5.580357142857142547e-04,-2.929687500000000000e-03,-9.765625000000000000e-04,-1.395089285714285745e-03,-1.813616071428571491e-03,-2.929687500000000000e-03,-2.511160714285714472e-03,-9.765625000000000000e-04,-1.953125000000000000e-03,-4.185267857142856911e-04,-2.650669642857142981e-03,-4.185267857142856911e-04,-3.069196428571428509e-03
-1.640625000000000000e-01,-1.623883928571428492e-01,-1.632254464285714246e-01,-1.644810267857142738e-01,-1.621093750000000000e-01,-1.651785714285714246e-01,-1.654575892857142738e-01,-1.629464285714285754e-01,-1.635044642857142738e-01,-1.644810267857142738e-01,-1.623883928571428492e-01,-1.621093750000000000e-01,-1.637834821428571508e-01,-1.662946428571428492e-01,-1.597377232142857262e-01,-1.584821428571428492e-01,-1.602957589285714246e-01,-1.671316964285714246e-01,-1.688058035714285754e-01,-1.672712053571428492e-01,-1.647600446428571508e-01,-1.681082589285714246e-01,-1.643415178571428492e-01,-1.658761160714285754e-01,-1.642020089285714246e-01,-1.648995535714285754e-01,-1.676897321428571508e-01,-1.614118303571428492e-01,-1.655970982142857262e-01,-1.648995535714285754e-01,-1.646205357142857262e-01,-1.625279017857142738e-01,-1.653180803571428492e-01,-1.633649553571428492e-01,-1.633649553571428492e-01,-1.671316964285714246e-01,-1.629464285714285754e-01,-1.622488839285714246e-01,-1.635044642857142738e-01,-1.674107142857142738e-01,-1.593191964285714246e-01,-1.616908482142857262e-01
-4.450334821428571230e-02,-4.450334821428571230e-02,-4.436383928571428770e-02,-4.366629464285714385e-02,-4.296875000000000000e-02,-4.422433035714285615e-02,-4.492187500000000000e-02,-4.436383928571428770e-02,-4.520089285714285615e-02,-4.701450892857143155e-02,-4.255022321428571230e-02,-4.324776785714285615e-02,-4.645647321428571230e-02,-4.687500000000000000e-02,-4.213169642857143155e-02,-4.073660714285714385e-02,-4.087611607142856845e-02,-4.687500000000000000e-02,-4.715401785714285615e-02,-4.575892857142856845e-02,-4.464285714285714385e-02,-4.659598214285714385e-02,-4.547991071428571230e-02,-4.422433035714285615e-02,-4.547991071428571230e-02,-4.575892857142856845e-02,-4.757254464285714385e-02,-4.380580357142856845e-02,-4.520089285714285615e-02,-4.478236607142856845e-02,-4.520089285714285615e-02,-4.227120535714285615e-02,-4.687500000000000000e-02,-4.324776785714285615e-02,-4.436383928571428770e-02,-4.631696428571428770e-02,-4.450334821428571230e-02,-4.310825892857143155e-02,-4.324776785714285615e-02,-4.799107142857143155e-02,-4.338727678571428770e-02,-4.450334821428571230e-02
2.734375000000000000e-02,2.608816964285714385e-02,2.804129464285714385e-02,2.845982142857142808e-02,2.859933035714285615e-02,2.887834821428571577e-02,2.706473214285714385e-02,2.790178571428571577e-02,2.608816964285714385e-02,2.525111607142857192e-02,2.901785714285714385e-02,2.762276785714285615e-02,2.413504464285714385e-02,2.594866071428571577e-02,2.859933035714285615e-02,3.013392857142857192e-02,2.999441964285714385e-02,2.594866071428571577e-02,2.511160714285714385e-02,2.539062500000000000e-02,2.734375000000000000e-02,2.748325892857142808e-02,2.664620535714285615e-02,2.957589285714285615e-02,2.441406250000000000e-02,2.664620535714285615e-02,2.427455357142857192e-02,2.664620535714285615e-02,2.887834821428571577e-02,2.818080357142857192e-02,2.720424107142857192e-02,2.957589285714285615e-02,2.385602678571428423e-02,2.901785714285714385e-02,2.776227678571428423e-02,2.636718750000000000e-02,2.734375000000000000e-02,2.776227678571428423e-02,2.859933035714285615e-02,2.469308035714285615e-02,2.678571428571428423e-02,2.539062500000000000e-02
-5.161830357142857019e-03,-4.743303571428571057e-03,-5.859375000000000000e-03,-4.743303571428571057e-03,-4.743303571428571057e-03,-5.719866071428571057e-03,-6.835937500000000000e-03,-6.835937500000000000e-03,-5.022321428571428943e-03,-7.533482142857142981e-03,-5.161830357142857019e-03,-4.743303571428571057e-03,-7.952008928571428076e-03,-7.952008928571428076e-03,-4.882812500000000000e-03,-4.324776785714285962e-03,-4.324776785714285962e-03,-6.696428571428571057e-03,-7.393973214285714038e-03,-5.161830357142857019e-03,-5.161830357142857019e-03,-8.370535714285714038e-03,-6.835937500000000000e-03,-5.440848214285714038e-03,-5.580357142857142981e-03,-6.835937500000000000e-03,-6.417410714285714038e-03,-5.301339285714285962e-03,-6.556919642857142981e-03,-6.417410714285714038e-03,-6.696428571428571057e-03,-4.882812500000000000e-03,-6.556919642857142981e-03,-5.161830357142857019e-03,-5.859375000000000000e-03,-7.114955357142857019e-03,-5.580357142857142981e-03,-5.161830357142857019e-03,-5.022321428571428943e-03,-7.952008928571428076e-03,-4.324776785714285962e-03,-6.417410714285714038e-03
-1.250000000000000000e-01,-1.263950892857142738e-01,-1.275111607142857262e-01,-1.256975446428571508e-01,-1.252790178571428492e-01,-1.307198660714285754e-01,-1.296037946428571508e-01,-1.294642857142857262e-01,-1.272321428571428492e-01,-1.303013392857142738e-01,-1.276506696428571508e-01,-1.261160714285714246e-01,-1.297433035714285754e-01,-1.308593750000000000e-01,-1.229073660714285754e-01,-1.256975446428571508e-01,-1.244419642857142877e-01,-1.266741071428571508e-01,-1.300223214285714246e-01,-1.284877232142857262e-01,-1.287667410714285754e-01,-1.303013392857142738e-01,-1.301618303571428492e-01,-1.307198660714285754e-01,-1.276506696428571508e-01,-1.301618303571428492e-01,-1.284877232142857262e-01,-1.259765625000000000e-01,-1.304408482142857262e-01,-1.318359375000000000e-01,-1.280691964285714246e-01,-1.261160714285714246e-01,-1.283482142857142738e-01,-1.265345982142857262e-01,-1.270926339285714246e-01,-1.328125000000000000e-01,-1.286272321428571508e-01,-1.283482142857142738e-01,-1.282087053571428492e-01,-1.322544642857142738e-01,-1.241629464285714246e-01,-1.265345982142857262e-01
-9.347098214285714038e-03,-1.060267857142857192e-02,-1.004464285714285789e-02,-8.928571428571428076e-03,-1.018415178571428596e-02,-1.241629464285714211e-02,-1.241629464285714211e-02,-1.269531250000000000e-02,-1.213727678571428596e-02,-1.409040178571428596e-02,-9.765625000000000000e-03,-9.905133928571428076e-03,-1.548549107142857192e-02,-1.339285714285714211e-02,-8.370535714285714038e-03,-1.018415178571428596e-02,-8.789062500000000000e-03,-1.032366071428571404e-02,-1.241629464285714211e-02,-1.130022321428571404e-02,-1.157924107142857192e-02,-1.241629464285714211e-02,-1.297433035714285789e-02,-1.088169642857142808e-02,-1.283482142857142808e-02,-1.353236607142857192e-02,-1.227678571428571404e-02,-1.074218750000000000e-02,-1.171875000000000000e-02,-1.367187500000000000e-02,-1.171875000000000000e-02,-8.510044642857142114e-03,-1.311383928571428596e-02,-9.347098214285714038e-03,-1.046316964285714211e-02,-1.395089285714285789e-02,-1.269531250000000000e-02,-1.157924107142857192e-02,-1.102120535714285789e-02,-1.450892857142857192e-02,-9.765625000000000000e-03,-1.185825892857142808e-02
5.789620535714285615e-02,5.454799107142856845e-02,5.636160714285714385e-02,5.733816964285714385e-02,5.608258928571428770e-02,5.580357142857143155e-02,5.468750000000000000e-02,5.385044642857143155e-02,5.398995535714285615e-02,5.175781250000000000e-02,5.650111607142856845e-02,5.636160714285714385e-02,5.064174107142856845e-02,5.329241071428571230e-02,5.510602678571428770e-02,5.552455357142856845e-02,5.691964285714285615e-02,5.608258928571428770e-02,5.496651785714285615e-02,5.440848214285714385e-02,5.468750000000000000e-02,5.608258928571428770e-02,5.343191964285714385e-02,5.845424107142856845e-02,5.273437500000000000e-02,5.357142857142856845e-02,5.329241071428571230e-02,5.371093750000000000e-02,5.580357142857143155e-02,5.371093750000000000e-02,5.566406250000000000e-02,5.803571428571428770e-02,5.245535714285714385e-02,5.761718750000000000e-02,5.608258928571428770e-02,5.357142857142856845e-02,5.412946428571428770e-02,5.440848214285714385e-02,5.566406250000000000e-02,5.287388392857143155e-02,5.552455357142856845e-02,5.273437500000000000e-02
1.715959821428571577e-02,1.702008928571428423e-02,1.562500000000000000e-02,1.702008928571428423e-02,1.688058035714285615e-02,1.464843750000000000e-02,1.422991071428571404e-02,1.395089285714285789e-02,1.576450892857142808e-02,1.325334821428571404e-02,1.604352678571428423e-02,1.688058035714285615e-02,1.297433035714285789e-02,1.339285714285714211e-02,1.660156250000000000e-02,1.576450892857142808e-02,1.674107142857142808e-02,1.688058035714285615e-02,1.534598214285714211e-02,1.813616071428571577e-02,1.590401785714285615e-02,1.464843750000000000e-02,1.506696428571428596e-02,1.590401785714285615e-02,1.548549107142857192e-02,1.325334821428571404e-02,1.646205357142857192e-02,1.688058035714285615e-02,1.576450892857142808e-02,1.367187500000000000e-02,1.604352678571428423e-02,1.660156250000000000e-02,1.604352678571428423e-02,1.715959821428571577e-02,1.548549107142857192e-02,1.381138392857142808e-02,1.520647321428571404e-02,1.464843750000000000e-02,1.618303571428571577e-02,1.367187500000000000e-02,1.702008928571428423e-02,1.506696428571428596e-02
-9.165736607142857539e-02,-9.179687500000000000e-02,-9.402901785714286309e-02,-9.151785714285713691e-02,-9.179687500000000000e-02,-9.570312500000000000e-02,-9.472656250000000000e-02,-9.598214285714286309e-02,-9.333147321428571230e-02,-9.626116071428571230e-02,-9.361049107142857539e-02,-9.291294642857142461e-02,-9.598214285714286309e-02,-9.640066964285713691e-02,-9.040178571428571230e-02,-9.277343750000000000e-02,-9.109933035714286309e-02,-9.430803571428571230e-02,-9.570312500000000000e-02,-9.333147321428571230e-02,-9.528459821428571230e-02,-9.640066964285713691e-02,-9.709821428571428770e-02,-9.486607142857142461e-02,-9.528459821428571230e-02,-9.751674107142857539e-02,-9.361049107142857539e-02,-9.291294642857142461e-02,-9.695870535714286309e-02,-9.723772321428571230e-02,-9.458705357142857539e-02,-9.277343750000000000e-02,-9.333147321428571230e-02,-9.207589285714286309e-02,-9.388950892857142461e-02,-9.626116071428571230e-02,-9.388950892857142461e-02,-9.542410714285713691e-02,-9.486607142857142461e-02,-9.570312500000000000e-02,-9.109933035714286309e-02,-9.458705357142857539e-02
-4.701450892857143155e-02,-4.813058035714285615e-02,-4.757254464285714385e-02,-4.687500000000000000e-02,-4.729352678571428770e-02,-4.910714285714285615e-02,-4.896763392857143155e-02,-5.008370535714285615e-02,-4.868861607142856845e-02,-5.119977678571428770e-02,-4.827008928571428770e-02,-4.729352678571428770e-02,-5.203683035714285615e-02,-5.078125000000000000e-02,-4.673549107142856845e-02,-4.813058035714285615e-02,-4.659598214285714385e-02,-4.938616071428571230e-02,-4.980468750000000000e-02,-4.840959821428571230e-02,-5.133928571428571230e-02,-5.092075892857143155e-02,-5.133928571428571230e-02,-4.840959821428571230e-02,-5.092075892857143155e-02,-5.217633928571428770e-02,-4.924665178571428770e-02,-4.952566964285714385e-02,-5.036272321428571230e-02,-5.161830357142856845e-02,-4.938616071428571230e-02,-4.715401785714285615e-02,-4.938616071428571230e-02,-4.729352678571428770e-02,-4.868861607142856845e-02,-5.092075892857143155e-02,-5.036272321428571230e-02,-5.022321428571428770e-02,-4.938616071428571230e-02,-5.022321428571428770e-02,-4.715401785714285615e-02,-4.966517857142856845e-02
1.339285714285714211e-02,1.116071428571428596e-02,1.157924107142857192e-02,1.269531250000000000e-02,1.102120535714285789e-02,1.185825892857142808e-02,1.046316964285714211e-02,9.068080357142857886e-03,1.032366071428571404e-02,7.672991071428571057e-03,1.269531250000000000e-02,1.185825892857142808e-02,6.556919642857142981e-03,9.347098214285714038e-03,1.074218750000000000e-02,1.088169642857142808e-02,1.213727678571428596e-02,9.347098214285714038e-03,9.626116071428571924e-03,1.004464285714285789e-02,8.789062500000000000e-03,9.626116071428571924e-03,7.533482142857142981e-03,1.395089285714285789e-02,7.254464285714285962e-03,8.510044642857142114e-03,9.626116071428571924e-03,7.952008928571428076e-03,9.905133928571428076e-03,9.068080357142857886e-03,1.032366071428571404e-02,1.283482142857142808e-02,8.928571428571428076e-03,1.297433035714285789e-02,1.157924107142857192e-02,1.018415178571428596e-02,9.765625000000000000e-03,8.510044642857142114e-03,1.004464285714285789e-02,9.626116071428571924e-03,1.074218750000000000e-02,8.370535714285714038e-03
-2.678571428571428423e-02,-2.650669642857142808e-02,-2.776227678571428423e-02,-2.608816964285714385e-02,-2.650669642857142808e-02,-2.818080357142857192e-02,-2.832031250000000000e-02,-2.943638392857142808e-02,-2.720424107142857192e-02,-2.915736607142857192e-02,-2.776227678571428423e-02,-2.734375000000000000e-02,-2.971540178571428423e-02,-2.957589285714285615e-02,-2.636718750000000000e-02,-2.832031250000000000e-02,-2.608816964285714385e-02,-2.762276785714285615e-02,-2.845982142857142808e-02,-2.580915178571428423e-02,-2.832031250000000000e-02,-3.027343750000000000e-02,-2.957589285714285615e-02,-2.748325892857142808e-02,-2.845982142857142808e-02,-3.111049107142857192e-02,-2.748325892857142808e-02,-2.790178571428571577e-02,-2.957589285714285615e-02,-3.013392857142857192e-02,-2.818080357142857192e-02,-2.678571428571428423e-02,-2.650669642857142808e-02,-2.678571428571428423e-02,-2.873883928571428423e-02,-2.901785714285714385e-02,-2.776227678571428423e-02,-2.957589285714285615e-02,-2.790178571428571577e-02,-2.845982142857142808e-02,-2.706473214285714385e-02,-2.915736607142857192e-02
-1.545758928571428492e-01,-1.530412946428571508e-01,-1.554129464285714246e-01,-1.534598214285714246e-01,-1.542968750000000000e-01,-1.565290178571428492e-01,-1.554129464285714246e-01,-1.566685267857142738e-01,-1.540178571428571508e-01,-1.572265625000000000e-01,-1.558314732142857262e-01,-1.552734375000000000e-01,-1.556919642857142738e-01,-1.576450892857142738e-01,-1.522042410714285754e-01,-1.541573660714285754e-01,-1.526227678571428492e-01,-1.568080357142857262e-01,-1.580636160714285754e-01,-1.547154017857142738e-01,-1.577845982142857262e-01,-1.582031250000000000e-01,-1.594587053571428492e-01,-1.572265625000000000e-01,-1.566685267857142738e-01,-1.591796875000000000e-01,-1.555524553571428492e-01,-1.544363839285714246e-01,-1.595982142857142738e-01,-1.590401785714285754e-01,-1.566685267857142738e-01,-1.544363839285714246e-01,-1.534598214285714246e-01,-1.541573660714285754e-01,-1.565290178571428492e-01,-1.570870535714285754e-01,-1.561104910714285754e-01,-1.568080357142857262e-01,-1.561104910714285754e-01,-1.562500000000000000e-01,-1.524832589285714246e-01,-1.556919642857142738e-01
-7.128906250000000000e-02,-7.031250000000000000e-02,-7.087053571428571230e-02,-7.017299107142857539e-02,-7.059151785714286309e-02,-7.156808035714286309e-02,-7.156808035714286309e-02,-7.296316964285713691e-02,-7.184709821428571230e-02,-7.352120535714286309e-02,-7.114955357142857539e-02,-7.017299107142857539e-02,-7.380022321428571230e-02,-7.366071428571428770e-02,-7.031250000000000000e-02,-7.101004464285713691e-02,-6.947544642857142461e-02,-7.310267857142857539e-02,-7.435825892857142461e-02,-7.170758928571428770e-02,-7.380022321428571230e-02,-7.393973214285713691e-02,-7.463727678571428770e-02,-7.045200892857142461e-02,-7.393973214285713691e-02,-7.519531250000000000e-02,-7.198660714285713691e-02,-7.338169642857142461e-02,-7.352120535714286309e-02,-7.421875000000000000e-02,-7.338169642857142461e-02,-7.142857142857142461e-02,-7.128906250000000000e-02,-7.017299107142857539e-02,-7.268415178571428770e-02,-7.254464285714286309e-02,-7.226562500000000000e-02,-7.296316964285713691e-02,-7.240513392857142461e-02,-7.128906250000000000e-02,-7.045200892857142461e-02,-7.352120535714286309e-02
-9.765625000000000000e-03,-9.486607142857142114e-03,-9.905133928571428076e-03,-8.370535714285714038e-03,-9.626116071428571924e-03,-9.068080357142857886e-03,-9.207589285714285962e-03,-1.088169642857142808e-02,-1.032366071428571404e-02,-1.269531250000000000e-02,-7.812500000000000000e-03,-7.812500000000000000e-03,-1.339285714285714211e-02,-1.102120535714285789e-02,-1.116071428571428596e-02,-9.068080357142857886e-03,-8.789062500000000000e-03,-1.255580357142857192e-02,-1.227678571428571404e-02,-1.018415178571428596e-02,-1.241629464285714211e-02,-1.227678571428571404e-02,-1.478794642857142808e-02,-8.231026785714285962e-03,-1.339285714285714211e-02,-1.297433035714285789e-02,-1.088169642857142808e-02,-1.353236607142857192e-02,-1.032366071428571404e-02,-1.157924107142857192e-02,-1.171875000000000000e-02,-9.068080357142857886e-03,-1.171875000000000000e-02,-9.068080357142857886e-03,-1.074218750000000000e-02,-1.032366071428571404e-02,-1.143973214285714211e-02,-1.241629464285714211e-02,-1.102120535714285789e-02,-9.068080357142857886e-03,-1.074218750000000000e-02,-1.227678571428571404e-02
-4.227120535714285615e-02,-4.115513392857143155e-02,-4.227120535714285615e-02,-4.129464285714285615e-02,-4.185267857142856845e-02,-4.227120535714285615e-02,-4.268973214285714385e-02,-4.310825892857143155e-02,-4.171316964285714385e-02,-4.436383928571428770e-02,-4.268973214285714385e-02,-4.241071428571428770e-02,-4.450334821428571230e-02,-4.492187500000000000e-02,-4.268973214285714385e-02,-4.282924107142856845e-02,-4.213169642857143155e-02,-4.366629464285714385e-02,-4.450334821428571230e-02,-4.115513392857143155e-02,-4.394531250000000000e-02,-4.492187500000000000e-02,-4.520089285714285615e-02,-4.241071428571428770e-02,-4.408482142857143155e-02,-4.589843750000000000e-02,-4.227120535714285615e-02,-4.310825892857143155e-02,-4.394531250000000000e-02,-4.478236607142856845e-02,-4.296875000000000000e-02,-4.268973214285714385e-02,-4.059709821428571230e-02,-4.227120535714285615e-02,-4.394531250000000000e-02,-4.324776785714285615e-02,-4.282924107142856845e-02,-4.366629464285714385e-02,-4.227120535714285615e-02,-4.213169642857143155e-02,-4.199218750000000000e-02,-4.380580357142856845e-02
-1.941964285714285754e-01,-1.940569196428571508e-01,-1.928013392857142738e-01,-1.937779017857142738e-01,-1.937779017857142738e-01,-1.955915178571428492e-01,-1.964285714285714246e-01,-1.937779017857142738e-01,-1.948939732142857262e-01,-1.933593750000000000e-01,-1.930803571428571508e-01,-1.940569196428571508e-01,-1.928013392857142738e-01,-1.954520089285714246e-01,-1.923828125000000000e-01,-1.916852678571428492e-01,-1.916852678571428492e-01,-2.000558035714285754e-01,-1.981026785714285754e-01,-1.951729910714285754e-01,-1.974051339285714246e-01,-1.981026785714285754e-01,-1.974051339285714246e-01,-1.965680803571428492e-01,-1.961495535714285754e-01,-1.981026785714285754e-01,-1.997767857142857262e-01,-1.951729910714285754e-01,-1.976841517857142738e-01,-1.961495535714285754e-01,-1.950334821428571508e-01,-1.939174107142857262e-01,-1.940569196428571508e-01,-1.941964285714285754e-01,-1.967075892857142738e-01,-1.969866071428571508e-01,-1.947544642857142738e-01,-1.944754464285714246e-01,-1.932198660714285754e-01,-1.955915178571428492e-01,-1.916852678571428492e-01,-1.939174107142857262e-01
-6.668526785714286309e-02,-6.696428571428571230e-02,-6.542968750000000000e-02,-6.501116071428571230e-02,-6.598772321428571230e-02,-6.612723214285713691e-02,-6.752232142857142461e-02,-6.501116071428571230e-02,-6.682477678571428770e-02,-6.668526785714286309e-02,-6.529017857142857539e-02,-6.542968750000000000e-02,-6.710379464285713691e-02,-6.738281250000000000e-02,-6.710379464285713691e-02,-6.459263392857142461e-02,-6.473214285714286309e-02,-7.101004464285713691e-02,-6.849888392857142461e-02,-6.668526785714286309e-02,-6.849888392857142461e-02,-6.919642857142857539e-02,-6.877790178571428770e-02,-6.515066964285713691e-02,-6.919642857142857539e-02,-6.919642857142857539e-02,-7.059151785714286309e-02,-6.752232142857142461e-02,-6.752232142857142461e-02,-6.682477678571428770e-02,-6.640625000000000000e-02,-6.640625000000000000e-02,-6.738281250000000000e-02,-6.612723214285713691e-02,-6.821986607142857539e-02,-6.738281250000000000e-02,-6.710379464285713691e-02,-6.682477678571428770e-02,-6.612723214285713691e-02,-6.696428571428571230e-02,-6.570870535714286309e-02,-6.849888392857142461e-02
9.486607142857142114e-03,8.091517857142857886e-03,1.004464285714285789e-02,1.046316964285714211e-02,9.486607142857142114e-03,1.032366071428571404e-02,9.207589285714285962e-03,1.116071428571428596e-02,8.091517857142857886e-03,8.649553571428571924e-03,1.213727678571428596e-02,1.199776785714285789e-02,6.835937500000000000e-03,8.649553571428571924e-03,6.696428571428571057e-03,1.157924107142857192e-02,1.102120535714285789e-02,4.603794642857142981e-03,7.672991071428571057e-03,1.018415178571428596e-02,7.672991071428571057e-03,7.952008928571428076e-03,6.835937500000000000e-03,1.241629464285714211e-02,6.835937500000000000e-03,7.533482142857142981e-03,6.556919642857142981e-03,6.835937500000000000e-03,1.060267857142857192e-02,9.347098214285714038e-03,9.486607142857142114e-03,1.004464285714285789e-02,8.091517857142857886e-03,9.905133928571428076e-03,7.812500000000000000e-03,8.510044642857142114e-03,7.952008928571428076e-03,8.789062500000000000e-03,1.004464285714285789e-02,9.626116071428571924e-03,8.649553571428571924e-03,7.393973214285714038e-03
-1.799665178571428423e-02,-1.869419642857142808e-02,-1.813616071428571577e-02,-1.688058035714285615e-02,-1.771763392857142808e-02,-1.813616071428571577e-02,-1.953125000000000000e-02,-1.855468750000000000e-02,-1.855468750000000000e-02,-1.925223214285714385e-02,-1.841517857142857192e-02,-1.855468750000000000e-02,-1.897321428571428423e-02,-2.022879464285714385e-02,-1.981026785714285615e-02,-1.785714285714285615e-02,-1.785714285714285615e-02,-2.036830357142857192e-02,-1.981026785714285615e-02,-1.632254464285714385e-02,-1.925223214285714385e-02,-2.036830357142857192e-02,-2.008928571428571577e-02,-1.757812500000000000e-02,-1.967075892857142808e-02,-2.022879464285714385e-02,-2.022879464285714385e-02,-1.869419642857142808e-02,-1.981026785714285615e-02,-1.883370535714285615e-02,-1.827566964285714385e-02,-1.813616071428571577e-02,-1.813616071428571577e-02,-1.771763392857142808e-02,-2.022879464285714385e-02,-1.841517857142857192e-02,-1.897321428571428423e-02,-1.939174107142857192e-02,-1.771763392857142808e-02,-1.911272321428571577e-02,-1.813616071428571577e-02,-2.078683035714285615e-02
-1.436941964285714246e-01,-1.533203125000000000e-01,-1.435546875000000000e-01,-1.491350446428571508e-01,-1.506696428571428492e-01,-1.506696428571428492e-01,-1.501116071428571508e-01,-1.407645089285714246e-01,-1.562500000000000000e-01,-1.455078125000000000e-01,-1.466238839285714246e-01,-1.491350446428571508e-01,-1.439732142857142738e-01,-1.449497767857142738e-01,-1.473214285714285754e-01,-1.431361607142857262e-01,-1.406250000000000000e-01,-1.523437500000000000e-01,-1.428571428571428492e-01,-1.457868303571428492e-01,-1.516462053571428492e-01,-1.498325892857142738e-01,-1.449497767857142738e-01,-1.422991071428571508e-01,-1.471819196428571508e-01,-1.464843750000000000e-01,-1.611328125000000000e-01,-1.456473214285714246e-01,-1.492745535714285754e-01,-1.442522321428571508e-01,-1.445312500000000000e-01,-1.443917410714285754e-01,-1.422991071428571508e-01,-1.455078125000000000e-01,-1.450892857142857262e-01,-1.482979910714285754e-01,-1.485770089285714246e-01,-1.502511160714285754e-01,-1.418805803571428492e-01,-1.527622767857142738e-01,-1.453683035714285754e-01,-1.499720982142857262e-01
-2.008928571428571577e-02,-2.943638392857142808e-02,-2.162388392857142808e-02,-2.511160714285714385e-02,-2.678571428571428423e-02,-2.566964285714285615e-02,-2.650669642857142808e-02,-1.841517857142857192e-02,-3.138950892857143155e-02,-2.399553571428571577e-02,-2.232142857142857192e-02,-2.483258928571428423e-02,-2.301897321428571577e-02,-2.134486607142857192e-02,-2.734375000000000000e-02,-2.092633928571428423e-02,-1.953125000000000000e-02,-2.804129464285714385e-02,-1.911272321428571577e-02,-2.162388392857142808e-02,-2.762276785714285615e-02,-2.622767857142857192e-02,-2.204241071428571577e-02,-1.660156250000000000e-02,-2.469308035714285615e-02,-2.260044642857142808e-02,-3.487723214285714385e-02,-2.315848214285714385e-02,-2.399553571428571577e-02,-2.092633928571428423e-02,-2.092633928571428423e-02,-2.273995535714285615e-02,-2.106584821428571577e-02,-2.315848214285714385e-02,-2.218191964285714385e-02,-2.343750000000000000e-02,-2.580915178571428423e-02,-2.692522321428571577e-02,-1.897321428571428423e-02,-2.832031250000000000e-02,-2.413504464285714385e-02,-2.804129464285714385e-02
4.743303571428571230e-02,3.906250000000000000e-02,4.771205357142856845e-02,4.422433035714285615e-02,4.199218750000000000e-02,4.492187500000000000e-02,4.324776785714285615e-02,5.064174107142856845e-02,3.780691964285714385e-02,4.450334821428571230e-02,4.673549107142856845e-02,4.631696428571428770e-02,4.324776785714285615e-02,4.715401785714285615e-02,4.003906250000000000e-02,4.785156250000000000e-02,4.896763392857143155e-02,4.045758928571428770e-02,4.910714285714285615e-02,4.715401785714285615e-02,4.171316964285714385e-02,4.352678571428571230e-02,4.589843750000000000e-02,5.398995535714285615e-02,4.352678571428571230e-02,4.631696428571428770e-02,3.627232142857143155e-02,4.436383928571428770e-02,4.631696428571428770e-02,4.743303571428571230e-02,4.715401785714285615e-02,4.506138392857143155e-02,4.645647321428571230e-02,4.561941964285714385e-02,4.659598214285714385e-02,4.561941964285714385e-02,4.268973214285714385e-02,4.241071428571428770e-02,4.757254464285714385e-02,4.199218750000000000e-02,4.408482142857143155e-02,4.017857142857143155e-02
1.088169642857142808e-02,6.556919642857142981e-03,1.046316964285714211e-02,8.510044642857142114e-03,7.533482142857142981e-03,8.370535714285714038e-03,7.254464285714285962e-03,1.269531250000000000e-02,4.882812500000000000e-03,8.649553571428571924e-03,1.018415178571428596e-02,7.952008928571428076e-03,9.486607142857142114e-03,9.486607142857142114e-03,6.975446428571428943e-03,1.032366071428571404e-02,1.143973214285714211e-02,6.975446428571428943e-03,1.297433035714285789e-02,1.227678571428571404e-02,7.672991071428571057e-03,7.254464285714285962e-03,1.018415178571428596e-02,1.422991071428571404e-02,9.207589285714285962e-03,9.905133928571428076e-03,2.790178571428571491e-03,1.018415178571428596e-02,8.789062500000000000e-03,1.102120535714285789e-02,1.046316964285714211e-02,1.046316964285714211e-02,1.185825892857142808e-02,1.032366071428571404e-02,1.004464285714285789e-02,9.207589285714285962e-03,8.649553571428571924e-03,6.835937500000000000e-03,1.241629464285714211e-02,6.138392857142857019e-03,9.068080357142857886e-03,5.859375000000000000e-03
-1.102120535714285754e-01,-1.238839285714285754e-01,-1.100725446428571369e-01,-1.159319196428571369e-01,-1.180245535714285754e-01,-1.227678571428571369e-01,-1.173270089285714246e-01,-1.138392857142857123e-01,-1.304408482142857262e-01,-1.180245535714285754e-01,-1.169084821428571369e-01,-1.226283482142857123e-01,-1.160714285714285754e-01,-1.157924107142857123e-01,-1.173270089285714246e-01,-1.152343750000000000e-01,-1.056082589285714246e-01,-1.201171875000000000e-01,-1.100725446428571369e-01,-1.139787946428571369e-01,-1.226283482142857123e-01,-1.156529017857142877e-01,-1.164899553571428631e-01,-1.044921875000000000e-01,-1.111886160714285754e-01,-1.167689732142857123e-01,-1.262555803571428492e-01,-1.125837053571428631e-01,-1.206752232142857123e-01,-1.160714285714285754e-01,-1.167689732142857123e-01,-1.118861607142857123e-01,-1.075613839285714246e-01,-1.117466517857142877e-01,-1.145368303571428631e-01,-1.191406250000000000e-01,-1.196986607142857123e-01,-1.238839285714285754e-01,-1.121651785714285754e-01,-1.220703125000000000e-01,-1.149553571428571369e-01,-1.149553571428571369e-01
4.743303571428571057e-03,-7.114955357142857019e-03,3.487723214285714472e-03,1.116071428571428509e-03,-3.487723214285714472e-03,-5.580357142857142981e-03,-1.116071428571428509e-03,5.580357142857142547e-04,-1.381138392857142808e-02,-4.464285714285714038e-03,-8.370535714285713821e-04,-5.580357142857142981e-03,-2.929687500000000000e-03,-8.370535714285713821e-04,-5.161830357142857019e-03,-4.185267857142856911e-04,7.254464285714285962e-03,-3.906250000000000000e-03,5.440848214285714038e-03,1.953125000000000000e-03,-6.696428571428571057e-03,-2.790178571428571274e-04,-1.953125000000000000e-03,1.171875000000000000e-02,2.929687500000000000e-03,-9.765625000000000000e-04,-9.207589285714285962e-03,9.765625000000000000e-04,-3.208705357142857019e-03,4.185267857142856911e-04,-2.092633928571428509e-03,2.232142857142857019e-03,5.719866071428571057e-03,2.371651785714285528e-03,5.580357142857142547e-04,-3.208705357142857019e-03,-4.743303571428571057e-03,-7.393973214285714038e-03,2.790178571428571491e-03,-5.301339285714285962e-03,-1.674107142857142764e-03,-1.674107142857142764e-03
6.766183035714286309e-02,5.803571428571428770e-02,6.835937500000000000e-02,6.487165178571428770e-02,6.082589285714285615e-02,6.082589285714285615e-02,6.403459821428571230e-02,6.556919642857142461e-02,5.217633928571428770e-02,6.026785714285714385e-02,6.305803571428571230e-02,6.040736607142856845e-02,5.943080357142856845e-02,6.389508928571428770e-02,5.775669642857143155e-02,6.445312500000000000e-02,7.031250000000000000e-02,5.998883928571428770e-02,6.919642857142857539e-02,6.584821428571428770e-02,5.817522321428571230e-02,6.501116071428571230e-02,6.180245535714285615e-02,7.645089285714286309e-02,6.529017857142857539e-02,6.277901785714286309e-02,5.691964285714285615e-02,6.375558035714286309e-02,6.263950892857142461e-02,6.584821428571428770e-02,6.263950892857142461e-02,6.626674107142857539e-02,6.780133928571428770e-02,6.640625000000000000e-02,6.487165178571428770e-02,6.222098214285714385e-02,5.943080357142856845e-02,5.789620535714285615e-02,6.487165178571428770e-02,6.096540178571428770e-02,6.166294642857143155e-02,6.082589285714285615e-02
2.678571428571428423e-02,2.022879464285714385e-02,2.650669642857142808e-02,2.497209821428571577e-02,2.148437500000000000e-02,2.050781250000000000e-02,2.315848214285714385e-02,2.385602678571428423e-02,1.590401785714285615e-02,2.106584821428571577e-02,2.343750000000000000e-02,1.981026785714285615e-02,2.120535714285714385e-02,2.260044642857142808e-02,2.050781250000000000e-02,2.273995535714285615e-02,2.873883928571428423e-02,2.218191964285714385e-02,2.845982142857142808e-02,2.692522321428571577e-02,2.022879464285714385e-02,2.399553571428571577e-02,2.204241071428571577e-02,3.166852678571428770e-02,2.608816964285714385e-02,2.287946428571428423e-02,1.897321428571428423e-02,2.511160714285714385e-02,2.218191964285714385e-02,2.455357142857142808e-02,2.315848214285714385e-02,2.553013392857142808e-02,2.873883928571428423e-02,2.650669642857142808e-02,2.413504464285714385e-02,2.218191964285714385e-02,2.190290178571428423e-02,1.813616071428571577e-02,2.525111607142857192e-02,2.078683035714285615e-02,2.260044642857142808e-02,2.218191964285714385e-02
-9.249441964285713691e-02,-1.011439732142857123e-01,-9.179687500000000000e-02,-9.584263392857142461e-02,-9.654017857142857539e-02,-1.015625000000000000e-01,-9.793526785714286309e-02,-9.416852678571428770e-02,-1.053292410714285754e-01,-9.709821428571428770e-02,-9.709821428571428770e-02,-1.005859375000000000e-01,-9.584263392857142461e-02,-9.640066964285713691e-02,-9.751674107142857539e-02,-9.598214285714286309e-02,-8.970424107142857539e-02,-9.891183035714286309e-02,-9.109933035714286309e-02,-9.347098214285713691e-02,-9.960937500000000000e-02,-9.626116071428571230e-02,-9.654017857142857539e-02,-9.040178571428571230e-02,-9.068080357142857539e-02,-9.737723214285713691e-02,-1.008649553571428631e-01,-9.388950892857142461e-02,-9.919084821428571230e-02,-9.779575892857142461e-02,-9.570312500000000000e-02,-9.263392857142857539e-02,-9.193638392857142461e-02,-9.277343750000000000e-02,-9.626116071428571230e-02,-9.737723214285713691e-02,-9.695870535714286309e-02,-1.014229910714285754e-01,-9.458705357142857539e-02,-1.007254464285714246e-01,-9.626116071428571230e-02,-9.570312500000000000e-02
1.674107142857142808e-02,9.207589285714285962e-03,1.702008928571428423e-02,1.422991071428571404e-02,1.325334821428571404e-02,8.649553571428571924e-03,1.199776785714285789e-02,1.562500000000000000e-02,5.719866071428571057e-03,1.116071428571428596e-02,1.283482142857142808e-02,1.116071428571428596e-02,1.171875000000000000e-02,1.339285714285714211e-02,1.004464285714285789e-02,1.311383928571428596e-02,1.827566964285714385e-02,1.046316964285714211e-02,1.771763392857142808e-02,1.646205357142857192e-02,1.018415178571428596e-02,1.381138392857142808e-02,1.269531250000000000e-02,1.939174107142857192e-02,1.715959821428571577e-02,1.311383928571428596e-02,1.018415178571428596e-02,1.492745535714285789e-02,1.199776785714285789e-02,1.255580357142857192e-02,1.367187500000000000e-02,1.688058035714285615e-02,1.632254464285714385e-02,1.729910714285714385e-02,1.339285714285714211e-02,1.213727678571428596e-02,1.199776785714285789e-02,9.068080357142857886e-03,1.381138392857142808e-02,1.004464285714285789e-02,1.157924107142857192e-02,1.143973214285714211e-02
8.035714285714286309e-02,7.282366071428571230e-02,8.091517857142857539e-02,7.882254464285713691e-02,7.672991071428571230e-02,7.421875000000000000e-02,7.686941964285713691e-02,8.049665178571428770e-02,7.073102678571428770e-02,7.477678571428571230e-02,7.770647321428571230e-02,7.672991071428571230e-02,7.352120535714286309e-02,7.854352678571428770e-02,7.226562500000000000e-02,7.714843750000000000e-02,8.077566964285713691e-02,7.491629464285713691e-02,8.258928571428571230e-02,7.979910714285713691e-02,7.421875000000000000e-02,7.826450892857142461e-02,7.631138392857142461e-02,8.551897321428571230e-02,7.938058035714286309e-02,7.742745535714286309e-02,7.477678571428571230e-02,7.700892857142857539e-02,7.728794642857142461e-02,7.742745535714286309e-02,7.784598214285713691e-02,7.979910714285713691e-02,7.938058035714286309e-02,8.021763392857142461e-02,7.784598214285713691e-02,7.700892857142857539e-02,7.645089285714286309e-02,7.421875000000000000e-02,7.659040178571428770e-02,7.505580357142857539e-02,7.505580357142857539e-02,7.338169642857142461e-02
3.529575892857143155e-02,3.166852678571428770e-02,3.669084821428571230e-02,3.431919642857143155e-02,3.362165178571428770e-02,3.152901785714285615e-02,3.334263392857143155e-02,3.487723214285714385e-02,2.943638392857142808e-02,3.250558035714285615e-02,3.292410714285714385e-02,3.236607142857143155e-02,3.250558035714285615e-02,3.320312500000000000e-02,3.152901785714285615e-02,3.334263392857143155e-02,3.655133928571428770e-02,3.264508928571428770e-02,3.738839285714285615e-02,3.766741071428571230e-02,3.362165178571428770e-02,3.417968750000000000e-02,3.362165178571428770e-02,3.864397321428571230e-02,3.683035714285714385e-02,3.306361607142856845e-02,3.292410714285714385e-02,3.529575892857143155e-02,3.348214285714285615e-02,3.292410714285714385e-02,3.487723214285714385e-02,3.613281250000000000e-02,3.752790178571428770e-02,3.641183035714285615e-02,3.320312500000000000e-02,3.376116071428571230e-02,3.348214285714285615e-02,3.069196428571428423e-02,3.473772321428571230e-02,3.180803571428571230e-02,3.306361607142856845e-02,3.264508928571428770e-02
-9.347098214285713691e-02,-9.640066964285713691e-02,-9.263392857142857539e-02,-9.444754464285713691e-02,-9.291294642857142461e-02,-1.074218750000000000e-01,-9.472656250000000000e-02,-1.005859375000000000e-01,-1.083984375000000000e-01,-1.021205357142857123e-01,-1.046316964285714246e-01,-1.065848214285714246e-01,-1.053292410714285754e-01,-1.017020089285714246e-01,-9.695870535714286309e-02,-1.033761160714285754e-01,-9.319196428571428770e-02,-1.001674107142857123e-01,-8.998325892857142461e-02,-9.416852678571428770e-02,-1.057477678571428631e-01,-9.695870535714286309e-02,-1.044921875000000000e-01,-9.361049107142857539e-02,-9.444754464285713691e-02,-1.047712053571428631e-01,-9.779575892857142461e-02,-9.444754464285713691e-02,-1.056082589285714246e-01,-1.072823660714285754e-01,-1.060267857142857123e-01,-9.193638392857142461e-02,-9.082031250000000000e-02,-9.151785714285713691e-02,-1.047712053571428631e-01,-1.036551339285714246e-01,-1.012834821428571369e-01,-1.083984375000000000e-01,-1.035156250000000000e-01,-9.542410714285713691e-02,-9.500558035714286309e-02,-9.193638392857142461e-02
-5.175781250000000000e-02,-5.329241071428571230e-02,-4.882812500000000000e-02,-5.092075892857143155e-02,-4.980468750000000000e-02,-6.361607142857142461e-02,-5.064174107142856845e-02,-5.678013392857143155e-02,-6.473214285714286309e-02,-5.929129464285714385e-02,-6.124441964285714385e-02,-6.138392857142856845e-02,-6.319754464285713691e-02,-5.761718750000000000e-02,-5.454799107142856845e-02,-5.970982142857143155e-02,-5.064174107142856845e-02,-5.636160714285714385e-02,-4.715401785714285615e-02,-5.106026785714285615e-02,-6.180245535714285615e-02,-5.343191964285714385e-02,-6.026785714285714385e-02,-4.938616071428571230e-02,-5.175781250000000000e-02,-6.138392857142856845e-02,-5.385044642857143155e-02,-5.175781250000000000e-02,-6.082589285714285615e-02,-6.277901785714286309e-02,-6.250000000000000000e-02,-4.827008928571428770e-02,-4.868861607142856845e-02,-4.799107142857143155e-02,-6.068638392857143155e-02,-5.998883928571428770e-02,-5.887276785714285615e-02,-6.361607142857142461e-02,-6.054687500000000000e-02,-5.147879464285714385e-02,-5.259486607142856845e-02,-4.924665178571428770e-02
1.018415178571428596e-02,7.254464285714285962e-03,1.088169642857142808e-02,1.018415178571428596e-02,1.032366071428571404e-02,-9.765625000000000000e-04,1.032366071428571404e-02,4.324776785714285962e-03,-1.953125000000000000e-03,1.813616071428571491e-03,1.674107142857142764e-03,1.953125000000000000e-03,-2.232142857142857019e-03,4.045758928571428943e-03,4.464285714285714038e-03,1.953125000000000000e-03,9.626116071428571924e-03,4.603794642857142981e-03,1.367187500000000000e-02,9.905133928571428076e-03,1.395089285714285637e-04,8.649553571428571924e-03,1.395089285714285637e-04,1.269531250000000000e-02,7.812500000000000000e-03,1.395089285714285745e-03,7.254464285714285962e-03,8.231026785714285962e-03,2.232142857142857019e-03,1.395089285714285637e-04,-9.765625000000000000e-04,1.157924107142857192e-02,1.130022321428571404e-02,1.185825892857142808e-02,1.813616071428571491e-03,2.092633928571428509e-03,2.790178571428571491e-03,-1.813616071428571491e-03,6.975446428571428726e-04,9.905133928571428076e-03,8.510044642857142114e-03,9.068080357142857886e-03
-2.678571428571428423e-02,-2.720424107142857192e-02,-2.553013392857142808e-02,-2.692522321428571577e-02,-2.608816964285714385e-02,-3.348214285714285615e-02,-2.650669642857142808e-02,-3.069196428571428423e-02,-3.431919642857143155e-02,-3.180803571428571230e-02,-3.376116071428571230e-02,-3.404017857142856845e-02,-3.431919642857143155e-02,-3.180803571428571230e-02,-2.929687500000000000e-02,-3.390066964285714385e-02,-2.734375000000000000e-02,-2.971540178571428423e-02,-2.371651785714285615e-02,-2.525111607142857192e-02,-3.292410714285714385e-02,-2.873883928571428423e-02,-3.334263392857143155e-02,-2.594866071428571577e-02,-2.650669642857142808e-02,-3.417968750000000000e-02,-2.776227678571428423e-02,-2.720424107142857192e-02,-3.320312500000000000e-02,-3.431919642857143155e-02,-3.390066964285714385e-02,-2.483258928571428423e-02,-2.455357142857142808e-02,-2.469308035714285615e-02,-3.320312500000000000e-02,-3.250558035714285615e-02,-3.097098214285714385e-02,-3.515625000000000000e-02,-3.250558035714285615e-02,-2.622767857142857192e-02,-2.762276785714285615e-02,-2.622767857142857192e-02
-1.648995535714285754e-01,-1.626674107142857262e-01,-1.635044642857142738e-01,-1.632254464285714246e-01,-1.614118303571428492e-01,-1.764787946428571508e-01,-1.630859375000000000e-01,-1.720145089285714246e-01,-1.753627232142857262e-01,-1.724330357142857262e-01,-1.753627232142857262e-01,-1.763392857142857262e-01,-1.742466517857142738e-01,-1.734095982142857262e-01,-1.654575892857142738e-01,-1.735491071428571508e-01,-1.637834821428571508e-01,-1.692243303571428492e-01,-1.608537946428571508e-01,-1.637834821428571508e-01,-1.756417410714285754e-01,-1.675502232142857262e-01,-1.766183035714285754e-01,-1.661551339285714246e-01,-1.648995535714285754e-01,-1.763392857142857262e-01,-1.654575892857142738e-01,-1.637834821428571508e-01,-1.771763392857142738e-01,-1.801060267857142738e-01,-1.773158482142857262e-01,-1.628069196428571508e-01,-1.611328125000000000e-01,-1.625279017857142738e-01,-1.750837053571428492e-01,-1.746651785714285754e-01,-1.718750000000000000e-01,-1.778738839285714246e-01,-1.742466517857142738e-01,-1.635044642857142738e-01,-1.637834821428571508e-01,-1.602957589285714246e-01
-8.063616071428571230e-02,-7.868303571428571230e-02,-7.840401785714286309e-02,-7.882254464285713691e-02,-7.686941964285713691e-02,-8.970424107142857539e-02,-7.826450892857142461e-02,-8.635602678571428770e-02,-8.928571428571428770e-02,-8.719308035714286309e-02,-8.816964285714286309e-02,-8.803013392857142461e-02,-8.914620535714286309e-02,-8.649553571428571230e-02,-8.217075892857142461e-02,-8.747209821428571230e-02,-7.938058035714286309e-02,-8.384486607142857539e-02,-7.672991071428571230e-02,-7.938058035714286309e-02,-8.942522321428571230e-02,-8.203125000000000000e-02,-8.970424107142857539e-02,-7.854352678571428770e-02,-8.091517857142857539e-02,-8.984375000000000000e-02,-8.091517857142857539e-02,-8.035714285714286309e-02,-8.928571428571428770e-02,-9.137834821428571230e-02,-8.998325892857142461e-02,-7.770647321428571230e-02,-7.672991071428571230e-02,-7.672991071428571230e-02,-8.886718750000000000e-02,-8.761160714285713691e-02,-8.649553571428571230e-02,-8.998325892857142461e-02,-8.816964285714286309e-02,-7.756696428571428770e-02,-7.993861607142857539e-02,-7.770647321428571230e-02
-1.646205357142857192e-02,-1.632254464285714385e-02,-1.534598214285714211e-02,-1.548549107142857192e-02,-1.590401785714285615e-02,-2.371651785714285615e-02,-1.506696428571428596e-02,-2.092633928571428423e-02,-2.413504464285714385e-02,-2.301897321428571577e-02,-2.232142857142857192e-02,-2.106584821428571577e-02,-2.525111607142857192e-02,-2.120535714285714385e-02,-1.939174107142857192e-02,-2.246093750000000000e-02,-1.618303571428571577e-02,-2.078683035714285615e-02,-1.297433035714285789e-02,-1.646205357142857192e-02,-2.469308035714285615e-02,-1.702008928571428423e-02,-2.636718750000000000e-02,-1.409040178571428596e-02,-1.939174107142857192e-02,-2.371651785714285615e-02,-1.855468750000000000e-02,-1.785714285714285615e-02,-2.357700892857142808e-02,-2.539062500000000000e-02,-2.469308035714285615e-02,-1.422991071428571404e-02,-1.436941964285714211e-02,-1.381138392857142808e-02,-2.315848214285714385e-02,-2.218191964285714385e-02,-2.204241071428571577e-02,-2.455357142857142808e-02,-2.399553571428571577e-02,-1.395089285714285789e-02,-1.646205357142857192e-02,-1.604352678571428423e-02
-4.757254464285714385e-02,-4.464285714285714385e-02,-4.603794642857143155e-02,-4.575892857142856845e-02,-4.464285714285714385e-02,-5.036272321428571230e-02,-4.561941964285714385e-02,-5.078125000000000000e-02,-5.092075892857143155e-02,-5.119977678571428770e-02,-5.175781250000000000e-02,-5.231584821428571230e-02,-5.203683035714285615e-02,-5.106026785714285615e-02,-4.799107142857143155e-02,-5.175781250000000000e-02,-4.659598214285714385e-02,-4.868861607142856845e-02,-4.478236607142856845e-02,-4.478236607142856845e-02,-5.133928571428571230e-02,-4.868861607142856845e-02,-5.245535714285714385e-02,-4.589843750000000000e-02,-4.659598214285714385e-02,-5.329241071428571230e-02,-4.631696428571428770e-02,-4.631696428571428770e-02,-5.231584821428571230e-02,-5.440848214285714385e-02,-5.231584821428571230e-02,-4.589843750000000000e-02,-4.464285714285714385e-02,-4.464285714285714385e-02,-5.203683035714285615e-02,-5.092075892857143155e-02,-5.008370535714285615e-02,-5.301339285714285615e-02,-5.133928571428571230e-02,-4.436383928571428770e-02,-4.575892857142856845e-02,-4.547991071428571230e-02
-2.105189732142857262e-01,-2.038225446428571508e-01,-2.074497767857142738e-01,-2.074497767857142738e-01,-2.035435267857142738e-01,-2.137276785714285754e-01,-2.053571428571428492e-01,-2.103794642857142738e-01,-2.103794642857142738e-01,-2.106584821428571508e-01,-2.119140625000000000e-01,-2.114955357142857262e-01,-2.101004464285714246e-01,-2.082868303571428492e-01,-2.091238839285714246e-01,-2.121930803571428492e-01,-2.089843750000000000e-01,-2.141462053571428492e-01,-2.036830357142857262e-01,-2.092633928571428492e-01,-2.130301339285714246e-01,-2.119140625000000000e-01,-2.134486607142857262e-01,-2.112165178571428492e-01,-2.102399553571428492e-01,-2.154017857142857262e-01,-2.091238839285714246e-01,-2.081473214285714246e-01,-2.144252232142857262e-01,-2.191685267857142738e-01,-2.134486607142857262e-01,-2.054966517857142738e-01,-2.047991071428571508e-01,-2.046595982142857262e-01,-2.128906250000000000e-01,-2.094029017857142738e-01,-2.075892857142857262e-01,-2.148437500000000000e-01,-2.128906250000000000e-01,-2.052176339285714246e-01,-2.073102678571428492e-01,-2.015904017857142738e-01
-1.169084821428571369e-01,-1.125837053571428631e-01,-1.152343750000000000e-01,-1.146763392857142877e-01,-1.120256696428571369e-01,-1.192801339285714246e-01,-1.125837053571428631e-01,-1.167689732142857123e-01,-1.173270089285714246e-01,-1.173270089285714246e-01,-1.180245535714285754e-01,-1.171875000000000000e-01,-1.185825892857142877e-01,-1.155133928571428631e-01,-1.173270089285714246e-01,-1.183035714285714246e-01,-1.166294642857142877e-01,-1.206752232142857123e-01,-1.111886160714285754e-01,-1.157924107142857123e-01,-1.209542410714285754e-01,-1.187220982142857123e-01,-1.205357142857142877e-01,-1.156529017857142877e-01,-1.190011160714285754e-01,-1.209542410714285754e-01,-1.170479910714285754e-01,-1.159319196428571369e-01,-1.202566964285714246e-01,-1.236049107142857123e-01,-1.198381696428571369e-01,-1.136997767857142877e-01,-1.130022321428571369e-01,-1.123046875000000000e-01,-1.187220982142857123e-01,-1.150948660714285754e-01,-1.138392857142857123e-01,-1.203962053571428631e-01,-1.194196428571428631e-01,-1.117466517857142877e-01,-1.146763392857142877e-01,-1.116071428571428631e-01
-4.673549107142856845e-02,-4.408482142857143155e-02,-4.561941964285714385e-02,-4.520089285714285615e-02,-4.450334821428571230e-02,-4.799107142857143155e-02,-4.282924107142856845e-02,-4.450334821428571230e-02,-4.673549107142856845e-02,-4.729352678571428770e-02,-4.659598214285714385e-02,-4.408482142857143155e-02,-4.910714285714285615e-02,-4.464285714285714385e-02,-4.854910714285714385e-02,-4.743303571428571230e-02,-4.673549107142856845e-02,-5.022321428571428770e-02,-4.185267857142856845e-02,-4.561941964285714385e-02,-5.036272321428571230e-02,-4.673549107142856845e-02,-5.064174107142856845e-02,-4.422433035714285615e-02,-4.827008928571428770e-02,-4.924665178571428770e-02,-4.729352678571428770e-02,-4.673549107142856845e-02,-4.840959821428571230e-02,-5.092075892857143155e-02,-4.868861607142856845e-02,-4.338727678571428770e-02,-4.338727678571428770e-02,-4.255022321428571230e-02,-4.743303571428571230e-02,-4.464285714285714385e-02,-4.534040178571428770e-02,-5.008370535714285615e-02,-4.896763392857143155e-02,-4.115513392857143155e-02,-4.561941964285714385e-02,-4.338727678571428770e-02
-6.975446428571428770e-02,-6.542968750000000000e-02,-6.808035714285713691e-02,-6.724330357142857539e-02,-6.584821428571428770e-02,-6.975446428571428770e-02,-6.682477678571428770e-02,-6.975446428571428770e-02,-6.808035714285713691e-02,-7.017299107142857539e-02,-6.975446428571428770e-02,-6.961495535714286309e-02,-7.003348214285713691e-02,-6.877790178571428770e-02,-7.073102678571428770e-02,-7.045200892857142461e-02,-6.891741071428571230e-02,-7.059151785714286309e-02,-6.529017857142857539e-02,-6.640625000000000000e-02,-6.961495535714286309e-02,-7.031250000000000000e-02,-7.045200892857142461e-02,-6.863839285714286309e-02,-6.947544642857142461e-02,-7.170758928571428770e-02,-6.766183035714286309e-02,-6.808035714285713691e-02,-7.073102678571428770e-02,-7.310267857142857539e-02,-7.003348214285713691e-02,-6.724330357142857539e-02,-6.626674107142857539e-02,-6.626674107142857539e-02,-7.003348214285713691e-02,-6.752232142857142461e-02,-6.696428571428571230e-02,-7.212611607142857539e-02,-7.017299107142857539e-02,-6.668526785714286309e-02,-6.780133928571428770e-02,-6.654575892857142461e-02
-2.269810267857142738e-01,-2.204241071428571508e-01,-2.234933035714285754e-01,-2.230747767857142738e-01,-2.195870535714285754e-01,-2.267020089285714246e-01,-2.211216517857142738e-01,-2.243303571428571508e-01,-2.241908482142857262e-01,-2.247488839285714246e-01,-2.267020089285714246e-01,-2.254464285714285754e-01,-2.248883928571428492e-01,-2.232142857142857262e-01,-2.247488839285714246e-01,-2.273995535714285754e-01,-2.240513392857142738e-01,-2.280970982142857262e-01,-2.204241071428571508e-01,-2.236328125000000000e-01,-2.268415178571428492e-01,-2.275390625000000000e-01,-2.275390625000000000e-01,-2.264229910714285754e-01,-2.254464285714285754e-01,-2.287946428571428492e-01,-2.237723214285714246e-01,-2.239118303571428492e-01,-2.272600446428571508e-01,-2.315848214285714246e-01,-2.272600446428571508e-01,-2.222377232142857262e-01,-2.202845982142857262e-01,-2.208426339285714246e-01,-2.267020089285714246e-01,-2.225167410714285754e-01,-2.214006696428571508e-01,-2.283761160714285754e-01,-2.267020089285714246e-01,-2.205636160714285754e-01,-2.223772321428571508e-01,-2.183314732142857262e-01
-8.886718750000000000e-02,-8.468191964285713691e-02,-8.719308035714286309e-02,-8.663504464285713691e-02,-8.496093750000000000e-02,-8.886718750000000000e-02,-8.621651785714286309e-02,-8.816964285714286309e-02,-8.803013392857142461e-02,-9.026227678571428770e-02,-8.942522321428571230e-02,-8.844866071428571230e-02,-9.040178571428571230e-02,-8.719308035714286309e-02,-9.026227678571428770e-02,-9.040178571428571230e-02,-8.900669642857142461e-02,-9.054129464285713691e-02,-8.482142857142857539e-02,-8.607700892857142461e-02,-8.984375000000000000e-02,-8.928571428571428770e-02,-9.137834821428571230e-02,-8.733258928571428770e-02,-8.998325892857142461e-02,-9.137834821428571230e-02,-8.733258928571428770e-02,-8.830915178571428770e-02,-9.040178571428571230e-02,-9.319196428571428770e-02,-8.998325892857142461e-02,-8.677455357142857539e-02,-8.537946428571428770e-02,-8.523995535714286309e-02,-8.984375000000000000e-02,-8.635602678571428770e-02,-8.663504464285713691e-02,-9.207589285714286309e-02,-8.970424107142857539e-02,-8.510044642857142461e-02,-8.789062500000000000e-02,-8.468191964285713691e-02
-5.022321428571428943e-03,-3.208705357142857019e-03,-3.766741071428571491e-03,-3.487723214285714472e-03,-3.766741071428571491e-03,-4.464285714285714038e-03,-2.371651785714285528e-03,-2.650669642857142981e-03,-4.464285714285714038e-03,-5.859375000000000000e-03,-5.440848214285714038e-03,-2.929687500000000000e-03,-7.952008928571428076e-03,-3.906250000000000000e-03,-7.533482142857142981e-03,-5.998883928571428943e-03,-5.301339285714285962e-03,-6.417410714285714038e-03,-1.116071428571428509e-03,-2.650669642857142981e-03,-6.138392857142857019e-03,-5.022321428571428943e-03,-7.114955357142857019e-03,-1.813616071428571491e-03,-6.417410714285714038e-03,-7.254464285714285962e-03,-4.324776785714285962e-03,-5.301339285714285962e-03,-5.580357142857142981e-03,-8.091517857142857886e-03,-5.998883928571428943e-03,-2.790178571428571491e-03,-2.371651785714285528e-03,-1.674107142857142764e-03,-5.580357142857142981e-03,-3.348214285714285528e-03,-3.766741071428571491e-03,-8.231026785714285962e-03,-6.835937500000000000e-03,2.790178571428571274e-04,-4.603794642857142981e-03,-3.766741071428571491e-03
-2.720424107142857192e-02,-2.357700892857142808e-02,-2.706473214285714385e-02,-2.539062500000000000e-02,-2.469308035714285615e-02,-2.636718750000000000e-02,-2.539062500000000000e-02,-2.734375000000000000e-02,-2.483258928571428423e-02,-2.734375000000000000e-02,-2.748325892857142808e-02,-2.706473214285714385e-02,-2.748325892857142808e-02,-2.720424107142857192e-02,-2.859933035714285615e-02,-2.887834821428571577e-02,-2.776227678571428423e-02,-2.650669642857142808e-02,-2.371651785714285615e-02,-2.343750000000000000e-02,-2.608816964285714385e-02,-2.776227678571428423e-02,-2.804129464285714385e-02,-2.594866071428571577e-02,-2.678571428571428423e-02,-2.832031250000000000e-02,-2.469308035714285615e-02,-2.622767857142857192e-02,-2.692522321428571577e-02,-2.971540178571428423e-02,-2.692522321428571577e-02,-2.580915178571428423e-02,-2.497209821428571577e-02,-2.525111607142857192e-02,-2.748325892857142808e-02,-2.469308035714285615e-02,-2.497209821428571577e-02,-2.790178571428571577e-02,-2.650669642857142808e-02,-2.441406250000000000e-02,-2.636718750000000000e-02,-2.608816964285714385e-02
-1.420200892857142738e-01,-1.372767857142857262e-01,-1.399274553571428492e-01,-1.388113839285714246e-01,-1.376953125000000000e-01,-1.393694196428571508e-01,-1.383928571428571508e-01,-1.397879464285714246e-01,-1.379743303571428492e-01,-1.403459821428571508e-01,-1.402064732142857262e-01,-1.392299107142857262e-01,-1.397879464285714246e-01,-1.390904017857142738e-01,-1.403459821428571508e-01,-1.406250000000000000e-01,-1.395089285714285754e-01,-1.420200892857142738e-01,-1.393694196428571508e-01,-1.390904017857142738e-01,-1.409040178571428492e-01,-1.432756696428571508e-01,-1.429966517857142738e-01,-1.410435267857142738e-01,-1.414620535714285754e-01,-1.428571428571428492e-01,-1.395089285714285754e-01,-1.400669642857142738e-01,-1.410435267857142738e-01,-1.441127232142857262e-01,-1.403459821428571508e-01,-1.400669642857142738e-01,-1.378348214285714246e-01,-1.382533482142857262e-01,-1.413225446428571508e-01,-1.382533482142857262e-01,-1.385323660714285754e-01,-1.410435267857142738e-01,-1.397879464285714246e-01,-1.371372767857142738e-01,-1.388113839285714246e-01,-1.383928571428571508e-01
-1.177455357142857123e-01,-1.149553571428571369e-01,-1.163504464285714246e-01,-1.155133928571428631e-01,-1.152343750000000000e-01,-1.152343750000000000e-01,-1.150948660714285754e-01,-1.159319196428571369e-01,-1.149553571428571369e-01,-1.170479910714285754e-01,-1.160714285714285754e-01,-1.155133928571428631e-01,-1.173270089285714246e-01,-1.157924107142857123e-01,-1.178850446428571369e-01,-1.167689732142857123e-01,-1.159319196428571369e-01,-1.190011160714285754e-01,-1.164899553571428631e-01,-1.148158482142857123e-01,-1.181640625000000000e-01,-1.187220982142857123e-01,-1.195591517857142877e-01,-1.169084821428571369e-01,-1.183035714285714246e-01,-1.195591517857142877e-01,-1.163504464285714246e-01,-1.180245535714285754e-01,-1.177455357142857123e-01,-1.201171875000000000e-01,-1.167689732142857123e-01,-1.164899553571428631e-01,-1.141183035714285754e-01,-1.152343750000000000e-01,-1.169084821428571369e-01,-1.153738839285714246e-01,-1.149553571428571369e-01,-1.183035714285714246e-01,-1.162109375000000000e-01,-1.139787946428571369e-01,-1.167689732142857123e-01,-1.155133928571428631e-01
-3.864397321428571230e-02,-3.724888392857143155e-02,-3.780691964285714385e-02,-3.655133928571428770e-02,-3.808593750000000000e-02,-3.599330357142856845e-02,-3.696986607142856845e-02,-3.613281250000000000e-02,-3.655133928571428770e-02,-3.864397321428571230e-02,-3.766741071428571230e-02,-3.529575892857143155e-02,-4.003906250000000000e-02,-3.669084821428571230e-02,-3.976004464285714385e-02,-3.836495535714285615e-02,-3.808593750000000000e-02,-4.087611607142856845e-02,-3.836495535714285615e-02,-3.655133928571428770e-02,-3.934151785714285615e-02,-3.962053571428571230e-02,-4.101562500000000000e-02,-3.557477678571428770e-02,-4.073660714285714385e-02,-4.003906250000000000e-02,-3.738839285714285615e-02,-3.989955357142856845e-02,-3.794642857142856845e-02,-4.003906250000000000e-02,-3.808593750000000000e-02,-3.864397321428571230e-02,-3.696986607142856845e-02,-3.669084821428571230e-02,-3.794642857142856845e-02,-3.724888392857143155e-02,-3.627232142857143155e-02,-3.878348214285714385e-02,-3.780691964285714385e-02,-3.404017857142856845e-02,-3.836495535714285615e-02,-3.878348214285714385e-02
-6.124441964285714385e-02,-5.817522321428571230e-02,-6.040736607142856845e-02,-5.887276785714285615e-02,-5.901227678571428770e-02,-5.831473214285714385e-02,-5.929129464285714385e-02,-6.026785714285714385e-02,-5.705915178571428770e-02,-6.068638392857143155e-02,-5.943080357142856845e-02,-5.915178571428571230e-02,-6.012834821428571230e-02,-6.012834821428571230e-02,-6.082589285714285615e-02,-5.984933035714285615e-02,-5.943080357142856845e-02,-6.068638392857143155e-02,-5.984933035714285615e-02,-5.719866071428571230e-02,-5.915178571428571230e-02,-6.180245535714285615e-02,-6.194196428571428770e-02,-5.998883928571428770e-02,-6.082589285714285615e-02,-6.194196428571428770e-02,-5.887276785714285615e-02,-6.054687500000000000e-02,-5.984933035714285615e-02,-6.166294642857143155e-02,-6.026785714285714385e-02,-6.012834821428571230e-02,-5.845424107142856845e-02,-5.929129464285714385e-02,-6.096540178571428770e-02,-5.803571428571428770e-02,-5.873325892857143155e-02,-6.068638392857143155e-02,-5.887276785714285615e-02,-5.817522321428571230e-02,-5.970982142857143155e-02,-6.012834821428571230e-02
-1.969866071428571508e-01,-1.921037946428571508e-01,-1.947544642857142738e-01,-1.940569196428571508e-01,-1.930803571428571508e-01,-1.928013392857142738e-01,-1.940569196428571508e-01,-1.950334821428571508e-01,-1.914062500000000000e-01,-1.940569196428571508e-01,-1.936383928571428492e-01,-1.932198660714285754e-01,-1.936383928571428492e-01,-1.939174107142857262e-01,-1.936383928571428492e-01,-1.934988839285714246e-01,-1.933593750000000000e-01,-1.961495535714285754e-01,-1.962890625000000000e-01,-1.932198660714285754e-01,-1.943359375000000000e-01,-1.979631696428571508e-01,-1.975446428571428492e-01,-1.965680803571428492e-01,-1.960100446428571508e-01,-1.974051339285714246e-01,-1.947544642857142738e-01,-1.944754464285714246e-01,-1.948939732142857262e-01,-1.976841517857142738e-01,-1.943359375000000000e-01,-1.954520089285714246e-01,-1.926618303571428492e-01,-1.932198660714285754e-01,-1.955915178571428492e-01,-1.916852678571428492e-01,-1.926618303571428492e-01,-1.943359375000000000e-01,-1.932198660714285754e-01,-1.932198660714285754e-01,-1.923828125000000000e-01,-1.941964285714285754e-01
-6.431361607142857539e-02,-6.194196428571428770e-02,-6.277901785714286309e-02,-6.236049107142856845e-02,-6.347656250000000000e-02,-6.152343750000000000e-02,-6.277901785714286309e-02,-6.277901785714286309e-02,-6.040736607142856845e-02,-6.305803571428571230e-02,-6.152343750000000000e-02,-6.110491071428571230e-02,-6.403459821428571230e-02,-6.250000000000000000e-02,-6.473214285714286309e-02,-6.291852678571428770e-02,-6.375558035714286309e-02,-6.445312500000000000e-02,-6.403459821428571230e-02,-6.040736607142856845e-02,-6.319754464285713691e-02,-6.487165178571428770e-02,-6.501116071428571230e-02,-6.291852678571428770e-02,-6.431361607142857539e-02,-6.487165178571428770e-02,-6.236049107142856845e-02,-6.361607142857142461e-02,-6.250000000000000000e-02,-6.389508928571428770e-02,-6.222098214285714385e-02,-6.291852678571428770e-02,-6.208147321428571230e-02,-6.208147321428571230e-02,-6.361607142857142461e-02,-6.180245535714285615e-02,-6.208147321428571230e-02,-6.291852678571428770e-02,-6.263950892857142461e-02,-6.068638392857143155e-02,-6.319754464285713691e-02,-6.389508928571428770e-02
1.409040178571428596e-02,1.409040178571428596e-02,1.325334821428571404e-02,1.464843750000000000e-02,1.241629464285714211e-02,1.618303571428571577e-02,1.422991071428571404e-02,1.534598214285714211e-02,1.534598214285714211e-02,1.353236607142857192e-02,1.576450892857142808e-02,1.590401785714285615e-02,1.227678571428571404e-02,1.436941964285714211e-02,1.116071428571428596e-02,1.367187500000000000e-02,1.367187500000000000e-02,1.227678571428571404e-02,1.422991071428571404e-02,1.604352678571428423e-02,1.409040178571428596e-02,1.255580357142857192e-02,1.241629464285714211e-02,1.660156250000000000e-02,1.241629464285714211e-02,1.255580357142857192e-02,1.478794642857142808e-02,1.283482142857142808e-02,1.436941964285714211e-02,1.381138392857142808e-02,1.478794642857142808e-02,1.353236607142857192e-02,1.464843750000000000e-02,1.478794642857142808e-02,1.436941964285714211e-02,1.534598214285714211e-02,1.450892857142857192e-02,1.311383928571428596e-02,1.422991071428571404e-02,1.674107142857142808e-02,1.297433035714285789e-02,1.143973214285714211e-02
-1.297433035714285789e-02,-1.032366071428571404e-02,-1.185825892857142808e-02,-1.116071428571428596e-02,-1.116071428571428596e-02,-9.765625000000000000e-03,-1.213727678571428596e-02,-1.157924107142857192e-02,-9.068080357142857886e-03,-1.157924107142857192e-02,-1.074218750000000000e-02,-1.018415178571428596e-02,-1.157924107142857192e-02,-1.255580357142857192e-02,-1.325334821428571404e-02,-1.213727678571428596e-02,-1.199776785714285789e-02,-1.185825892857142808e-02,-1.227678571428571404e-02,-8.231026785714285962e-03,-1.046316964285714211e-02,-1.255580357142857192e-02,-1.241629464285714211e-02,-1.060267857142857192e-02,-1.199776785714285789e-02,-1.339285714285714211e-02,-1.102120535714285789e-02,-1.171875000000000000e-02,-1.004464285714285789e-02,-1.199776785714285789e-02,-1.032366071428571404e-02,-1.199776785714285789e-02,-1.046316964285714211e-02,-1.157924107142857192e-02,-1.227678571428571404e-02,-9.486607142857142114e-03,-1.032366071428571404e-02,-1.116071428571428596e-02,-1.046316964285714211e-02,-1.004464285714285789e-02,-1.199776785714285789e-02,-1.269531250000000000e-02
-1.202566964285714246e-01,-1.163504464285714246e-01,-1.195591517857142877e-01,-1.180245535714285754e-01,-1.173270089285714246e-01,-1.162109375000000000e-01,-1.191406250000000000e-01,-1.203962053571428631e-01,-1.153738839285714246e-01,-1.183035714285714246e-01,-1.177455357142857123e-01,-1.190011160714285754e-01,-1.176060267857142877e-01,-1.188616071428571369e-01,-1.191406250000000000e-01,-1.190011160714285754e-01,-1.192801339285714246e-01,-1.191406250000000000e-01,-1.208147321428571369e-01,-1.162109375000000000e-01,-1.176060267857142877e-01,-1.209542410714285754e-01,-1.202566964285714246e-01,-1.191406250000000000e-01,-1.190011160714285754e-01,-1.202566964285714246e-01,-1.173270089285714246e-01,-1.191406250000000000e-01,-1.188616071428571369e-01,-1.198381696428571369e-01,-1.184430803571428631e-01,-1.192801339285714246e-01,-1.176060267857142877e-01,-1.184430803571428631e-01,-1.183035714285714246e-01,-1.167689732142857123e-01,-1.173270089285714246e-01,-1.188616071428571369e-01,-1.174665178571428631e-01,-1.181640625000000000e-01,-1.173270089285714246e-01,-1.195591517857142877e-01
-1.674107142857142764e-03,-2.790178571428571274e-04,-1.116071428571428509e-03,-4.185267857142856911e-04,-9.765625000000000000e-04,1.116071428571428509e-03,-1.116071428571428509e-03,-9.765625000000000000e-04,8.370535714285713821e-04,-1.255580357142857236e-03,0.000000000000000000e+00,8.370535714285713821e-04,-1.674107142857142764e-03,-4.185267857142856911e-04,-2.790178571428571491e-03,-6.975446428571428726e-04,-1.813616071428571491e-03,-1.534598214285714255e-03,-1.534598214285714255e-03,1.534598214285714255e-03,-1.395089285714285637e-04,-2.371651785714285528e-03,-1.813616071428571491e-03,0.000000000000000000e+00,-1.674107142857142764e-03,-1.813616071428571491e-03,-2.790178571428571274e-04,-2.092633928571428509e-03,-2.790178571428571274e-04,-1.395089285714285745e-03,-5.580357142857142547e-04,-1.534598214285714255e-03,-1.395089285714285637e-04,-2.790178571428571274e-04,-9.765625000000000000e-04,5.580357142857142547e-04,-9.765625000000000000e-04,-5.580357142857142547e-04,-2.790178571428571274e-04,4.185267857142856911e-04,-1.534598214285714255e-03,-2.790178571428571491e-03
7.003348214285713691e-02,6.877790178571428770e-02,6.821986607142857539e-02,6.905691964285713691e-02,6.668526785714286309e-02,7.128906250000000000e-02,6.891741071428571230e-02,6.891741071428571230e-02,7.059151785714286309e-02,6.696428571428571230e-02,7.003348214285713691e-02,7.073102678571428770e-02,6.682477678571428770e-02,6.849888392857142461e-02,6.598772321428571230e-02,6.863839285714286309e-02,6.710379464285713691e-02,6.849888392857142461e-02,6.905691964285713691e-02,7.073102678571428770e-02,6.891741071428571230e-02,6.808035714285713691e-02,6.794084821428571230e-02,7.142857142857142461e-02,6.724330357142857539e-02,6.849888392857142461e-02,6.961495535714286309e-02,6.752232142857142461e-02,6.947544642857142461e-02,6.835937500000000000e-02,6.905691964285713691e-02,6.794084821428571230e-02,6.961495535714286309e-02,6.919642857142857539e-02,6.919642857142857539e-02,7.003348214285713691e-02,6.919642857142857539e-02,6.835937500000000000e-02,6.961495535714286309e-02,7.101004464285713691e-02,6.738281250000000000e-02,6.515066964285713691e-02
2.915736607142857192e-02,3.166852678571428770e-02,2.943638392857142808e-02,3.083147321428571577e-02,3.027343750000000000e-02,3.250558035714285615e-02,2.999441964285714385e-02,2.985491071428571577e-02,3.292410714285714385e-02,2.999441964285714385e-02,3.055245535714285615e-02,3.069196428571428423e-02,2.999441964285714385e-02,2.887834821428571577e-02,2.818080357142857192e-02,2.929687500000000000e-02,2.943638392857142808e-02,3.055245535714285615e-02,2.943638392857142808e-02,3.445870535714285615e-02,3.236607142857143155e-02,2.957589285714285615e-02,3.027343750000000000e-02,3.180803571428571230e-02,3.041294642857142808e-02,2.957589285714285615e-02,3.222656250000000000e-02,2.971540178571428423e-02,3.111049107142857192e-02,3.041294642857142808e-02,3.125000000000000000e-02,2.999441964285714385e-02,3.069196428571428423e-02,3.069196428571428423e-02,3.027343750000000000e-02,3.222656250000000000e-02,3.111049107142857192e-02,3.055245535714285615e-02,3.111049107142857192e-02,3.138950892857143155e-02,3.027343750000000000e-02,2.804129464285714385e-02
-4.534040178571428770e-02,-4.227120535714285615e-02,-4.520089285714285615e-02,-4.296875000000000000e-02,-4.324776785714285615e-02,-4.059709821428571230e-02,-4.464285714285714385e-02,-4.520089285714285615e-02,-4.059709821428571230e-02,-4.436383928571428770e-02,-4.338727678571428770e-02,-4.380580357142856845e-02,-4.324776785714285615e-02,-4.492187500000000000e-02,-4.478236607142856845e-02,-4.464285714285714385e-02,-4.464285714285714385e-02,-4.352678571428571230e-02,-4.492187500000000000e-02,-4.087611607142856845e-02,-4.157366071428571230e-02,-4.534040178571428770e-02,-4.478236607142856845e-02,-4.450334821428571230e-02,-4.324776785714285615e-02,-4.464285714285714385e-02,-4.213169642857143155e-02,-4.422433035714285615e-02,-4.436383928571428770e-02,-4.450334821428571230e-02,-4.310825892857143155e-02,-4.394531250000000000e-02,-4.296875000000000000e-02,-4.380580357142856845e-02,-4.366629464285714385e-02,-4.199218750000000000e-02,-4.268973214285714385e-02,-4.422433035714285615e-02,-4.255022321428571230e-02,-4.352678571428571230e-02,-4.352678571428571230e-02,-4.534040178571428770e-02
6.542968750000000000e-02,6.710379464285713691e-02,6.584821428571428770e-02,6.654575892857142461e-02,6.556919642857142461e-02,6.821986607142857539e-02,6.556919642857142461e-02,6.626674107142857539e-02,6.752232142857142461e-02,6.570870535714286309e-02,6.724330357142857539e-02,6.682477678571428770e-02,6.445312500000000000e-02,6.445312500000000000e-02,6.333705357142857539e-02,6.570870535714286309e-02,6.431361607142857539e-02,6.640625000000000000e-02,6.640625000000000000e-02,6.891741071428571230e-02,6.738281250000000000e-02,6.529017857142857539e-02,6.626674107142857539e-02,6.780133928571428770e-02,6.459263392857142461e-02,6.556919642857142461e-02,6.738281250000000000e-02,6.556919642857142461e-02,6.640625000000000000e-02,6.584821428571428770e-02,6.724330357142857539e-02,6.515066964285713691e-02,6.710379464285713691e-02,6.612723214285713691e-02,6.570870535714286309e-02,6.696428571428571230e-02,6.654575892857142461e-02,6.584821428571428770e-02,6.654575892857142461e-02,6.752232142857142461e-02,6.501116071428571230e-02,6.319754464285713691e-02
1.254185267857142738e-01,1.244419642857142877e-01,1.240234375000000000e-01,1.245814732142857123e-01,1.227678571428571369e-01,1.265345982142857262e-01,1.248604910714285754e-01,1.255580357142857262e-01,1.250000000000000000e-01,1.223493303571428631e-01,1.254185267857142738e-01,1.265345982142857262e-01,1.217912946428571369e-01,1.240234375000000000e-01,1.205357142857142877e-01,1.248604910714285754e-01,1.227678571428571369e-01,1.248604910714285754e-01,1.245814732142857123e-01,1.273716517857142738e-01,1.256975446428571508e-01,1.245814732142857123e-01,1.238839285714285754e-01,1.275111607142857262e-01,1.224888392857142877e-01,1.247209821428571369e-01,1.247209821428571369e-01,1.236049107142857123e-01,1.255580357142857262e-01,1.245814732142857123e-01,1.254185267857142738e-01,1.236049107142857123e-01,1.248604910714285754e-01,1.252790178571428492e-01,1.247209821428571369e-01,1.254185267857142738e-01,1.241629464285714246e-01,1.245814732142857123e-01,1.248604910714285754e-01,1.263950892857142738e-01,1.229073660714285754e-01,1.209542410714285754e-01
7.254464285714286309e-02,7.463727678571428770e-02,7.282366071428571230e-02,7.477678571428571230e-02,7.380022321428571230e-02,7.631138392857142461e-02,7.268415178571428770e-02,7.268415178571428770e-02,7.561383928571428770e-02,7.338169642857142461e-02,7.421875000000000000e-02,7.463727678571428770e-02,7.310267857142857539e-02,7.184709821428571230e-02,7.128906250000000000e-02,7.226562500000000000e-02,7.156808035714286309e-02,7.449776785714286309e-02,7.338169642857142461e-02,7.714843750000000000e-02,7.645089285714286309e-02,7.254464285714286309e-02,7.366071428571428770e-02,7.477678571428571230e-02,7.324218750000000000e-02,7.296316964285713691e-02,7.547433035714286309e-02,7.268415178571428770e-02,7.435825892857142461e-02,7.324218750000000000e-02,7.491629464285713691e-02,7.268415178571428770e-02,7.407924107142857539e-02,7.393973214285713691e-02,7.352120535714286309e-02,7.533482142857142461e-02,7.380022321428571230e-02,7.380022321428571230e-02,7.477678571428571230e-02,7.463727678571428770e-02,7.282366071428571230e-02,7.114955357142857539e-02
-1.060267857142857192e-02,-6.696428571428571057e-03,-8.370535714285714038e-03,-6.556919642857142981e-03,-7.393973214285714038e-03,-4.464285714285714038e-03,-8.510044642857142114e-03,-8.928571428571428076e-03,-5.998883928571428943e-03,-7.952008928571428076e-03,-7.254464285714285962e-03,-7.533482142857142981e-03,-6.835937500000000000e-03,-9.486607142857142114e-03,-9.068080357142857886e-03,-8.649553571428571924e-03,-9.207589285714285962e-03,-7.533482142857142981e-03,-8.789062500000000000e-03,-4.464285714285714038e-03,-4.882812500000000000e-03,-8.370535714285714038e-03,-8.510044642857142114e-03,-8.649553571428571924e-03,-6.835937500000000000e-03,-7.672991071428571057e-03,-6.277901785714285962e-03,-7.952008928571428076e-03,-7.114955357142857019e-03,-7.952008928571428076e-03,-6.696428571428571057e-03,-8.091517857142857886e-03,-6.835937500000000000e-03,-7.393973214285714038e-03,-7.952008928571428076e-03,-6.277901785714285962e-03,-7.114955357142857019e-03,-7.952008928571428076e-03,-6.975446428571428943e-03,-7.393973214285714038e-03,-7.672991071428571057e-03,-8.091517857142857886e-03
9.528459821428571230e-02,9.584263392857142461e-02,9.486607142857142461e-02,9.556361607142857539e-02,9.500558035714286309e-02,9.723772321428571230e-02,9.556361607142857539e-02,9.570312500000000000e-02,9.640066964285713691e-02,9.472656250000000000e-02,9.598214285714286309e-02,9.542410714285713691e-02,9.444754464285713691e-02,9.416852678571428770e-02,9.193638392857142461e-02,9.458705357142857539e-02,9.388950892857142461e-02,9.667968750000000000e-02,9.570312500000000000e-02,9.891183035714286309e-02,9.723772321428571230e-02,9.472656250000000000e-02,9.542410714285713691e-02,9.751674107142857539e-02,9.416852678571428770e-02,9.486607142857142461e-02,9.598214285714286309e-02,9.430803571428571230e-02,9.598214285714286309e-02,9.640066964285713691e-02,9.626116071428571230e-02,9.416852678571428770e-02,9.598214285714286309e-02,9.584263392857142461e-02,9.486607142857142461e-02,9.654017857142857539e-02,9.640066964285713691e-02,9.542410714285713691e-02,9.598214285714286309e-02,9.667968750000000000e-02,9.402901785714286309e-02,9.207589285714286309e-02
1.502511160714285754e-01,1.496930803571428492e-01,1.506696428571428492e-01,1.498325892857142738e-01,1.481584821428571508e-01,1.515066964285714246e-01,1.502511160714285754e-01,1.522042410714285754e-01,1.509486607142857262e-01,1.495535714285714246e-01,1.503906250000000000e-01,1.513671875000000000e-01,1.474609375000000000e-01,1.503906250000000000e-01,1.453683035714285754e-01,1.499720982142857262e-01,1.494140625000000000e-01,1.496930803571428492e-01,1.505301339285714246e-01,1.537388392857142738e-01,1.513671875000000000e-01,1.506696428571428492e-01,1.498325892857142738e-01,1.537388392857142738e-01,1.484375000000000000e-01,1.506696428571428492e-01,1.506696428571428492e-01,1.484375000000000000e-01,1.520647321428571508e-01,1.512276785714285754e-01,1.516462053571428492e-01,1.480189732142857262e-01,1.510881696428571508e-01,1.502511160714285754e-01,1.494140625000000000e-01,1.519252232142857262e-01,1.505301339285714246e-01,1.508091517857142738e-01,1.512276785714285754e-01,1.524832589285714246e-01,1.481584821428571508e-01,1.462053571428571508e-01
9.291294642857142461e-02,9.388950892857142461e-02,9.277343750000000000e-02,9.444754464285713691e-02,9.347098214285713691e-02,9.640066964285713691e-02,9.305245535714286309e-02,9.305245535714286309e-02,9.514508928571428770e-02,9.291294642857142461e-02,9.430803571428571230e-02,9.361049107142857539e-02,9.319196428571428770e-02,9.207589285714286309e-02,9.123883928571428770e-02,9.207589285714286309e-02,9.165736607142857539e-02,9.514508928571428770e-02,9.319196428571428770e-02,9.737723214285713691e-02,9.612165178571428770e-02,9.375000000000000000e-02,9.388950892857142461e-02,9.528459821428571230e-02,9.402901785714286309e-02,9.333147321428571230e-02,9.472656250000000000e-02,9.388950892857142461e-02,9.486607142857142461e-02,9.416852678571428770e-02,9.486607142857142461e-02,9.305245535714286309e-02,9.402901785714286309e-02,9.375000000000000000e-02,9.319196428571428770e-02,9.556361607142857539e-02,9.388950892857142461e-02,9.388950892857142461e-02,9.500558035714286309e-02,9.361049107142857539e-02,9.305245535714286309e-02,9.137834821428571230e-02
-2.301897321428571577e-02,-2.106584821428571577e-02,-2.162388392857142808e-02,-2.134486607142857192e-02,-2.078683035714285615e-02,-1.813616071428571577e-02,-2.218191964285714385e-02,-2.134486607142857192e-02,-1.994977678571428423e-02,-2.064732142857142808e-02,-2.022879464285714385e-02,-2.078683035714285615e-02,-2.106584821428571577e-02,-2.190290178571428423e-02,-2.218191964285714385e-02,-2.106584821428571577e-02,-2.204241071428571577e-02,-2.315848214285714385e-02,-2.315848214285714385e-02,-1.883370535714285615e-02,-2.036830357142857192e-02,-2.260044642857142808e-02,-2.301897321428571577e-02,-2.232142857142857192e-02,-2.176339285714285615e-02,-2.260044642857142808e-02,-2.064732142857142808e-02,-2.273995535714285615e-02,-2.078683035714285615e-02,-2.190290178571428423e-02,-1.994977678571428423e-02,-2.204241071428571577e-02,-2.120535714285714385e-02,-2.162388392857142808e-02,-2.204241071428571577e-02,-2.078683035714285615e-02,-2.036830357142857192e-02,-2.120535714285714385e-02,-2.008928571428571577e-02,-2.008928571428571577e-02,-2.162388392857142808e-02,-2.176339285714285615e-02
1.367187500000000000e-02,1.492745535714285789e-02,1.367187500000000000e-02,1.520647321428571404e-02,1.353236607142857192e-02,1.674107142857142808e-02,1.450892857142857192e-02,1.520647321428571404e-02,1.576450892857142808e-02,1.450892857142857192e-02,1.632254464285714385e-02,1.548549107142857192e-02,1.478794642857142808e-02,1.422991071428571404e-02,1.241629464285714211e-02,1.562500000000000000e-02,1.395089285714285789e-02,1.227678571428571404e-02,1.269531250000000000e-02,1.632254464285714385e-02,1.450892857142857192e-02,1.283482142857142808e-02,1.227678571428571404e-02,1.576450892857142808e-02,1.269531250000000000e-02,1.381138392857142808e-02,1.520647321428571404e-02,1.185825892857142808e-02,1.506696428571428596e-02,1.409040178571428596e-02,1.492745535714285789e-02,1.255580357142857192e-02,1.464843750000000000e-02,1.436941964285714211e-02,1.353236607142857192e-02,1.548549107142857192e-02,1.520647321428571404e-02,1.450892857142857192e-02,1.576450892857142808e-02,1.590401785714285615e-02,1.381138392857142808e-02,1.241629464285714211e-02
6.626674107142857539e-02,6.598772321428571230e-02,6.584821428571428770e-02,6.556919642857142461e-02,6.417410714285713691e-02,6.682477678571428770e-02,6.612723214285713691e-02,6.849888392857142461e-02,6.710379464285713691e-02,6.584821428571428770e-02,6.780133928571428770e-02,6.849888392857142461e-02,6.487165178571428770e-02,6.766183035714286309e-02,6.417410714285713691e-02,6.696428571428571230e-02,6.682477678571428770e-02,6.403459821428571230e-02,6.417410714285713691e-02,6.738281250000000000e-02,6.529017857142857539e-02,6.501116071428571230e-02,6.542968750000000000e-02,6.919642857142857539e-02,6.389508928571428770e-02,6.542968750000000000e-02,6.640625000000000000e-02,6.375558035714286309e-02,6.696428571428571230e-02,6.696428571428571230e-02,6.654575892857142461e-02,6.417410714285713691e-02,6.682477678571428770e-02,6.640625000000000000e-02,6.556919642857142461e-02,6.766183035714286309e-02,6.682477678571428770e-02,6.724330357142857539e-02,6.626674107142857539e-02,6.891741071428571230e-02,6.570870535714286309e-02,6.319754464285713691e-02
1.729910714285714385e-02,1.883370535714285615e-02,1.771763392857142808e-02,1.911272321428571577e-02,1.869419642857142808e-02,2.106584821428571577e-02,1.855468750000000000e-02,1.841517857142857192e-02,2.064732142857142808e-02,1.813616071428571577e-02,2.022879464285714385e-02,1.911272321428571577e-02,1.897321428571428423e-02,1.785714285714285615e-02,1.757812500000000000e-02,1.827566964285714385e-02,1.771763392857142808e-02,1.757812500000000000e-02,1.674107142857142808e-02,2.134486607142857192e-02,1.953125000000000000e-02,1.785714285714285615e-02,1.785714285714285615e-02,1.827566964285714385e-02,1.813616071428571577e-02,1.799665178571428423e-02,1.981026785714285615e-02,1.743861607142857192e-02,1.939174107142857192e-02,1.841517857142857192e-02,1.939174107142857192e-02,1.757812500000000000e-02,1.897321428571428423e-02,1.841517857142857192e-02,1.799665178571428423e-02,1.953125000000000000e-02,1.939174107142857192e-02,1.911272321428571577e-02,2.022879464285714385e-02,1.953125000000000000e-02,1.813616071428571577e-02,1.688058035714285615e-02
-1.121651785714285754e-01,-1.086774553571428631e-01,-1.109095982142857123e-01,-1.095145089285714246e-01,-1.088169642857142877e-01,-1.067243303571428631e-01,-1.103515625000000000e-01,-1.099330357142857123e-01,-1.070033482142857123e-01,-1.085379464285714246e-01,-1.074218750000000000e-01,-1.083984375000000000e-01,-1.075613839285714246e-01,-1.099330357142857123e-01,-1.093750000000000000e-01,-1.093750000000000000e-01,-1.093750000000000000e-01,-1.121651785714285754e-01,-1.128627232142857123e-01,-1.083984375000000000e-01,-1.095145089285714246e-01,-1.117466517857142877e-01,-1.111886160714285754e-01,-1.113281250000000000e-01,-1.103515625000000000e-01,-1.121651785714285754e-01,-1.095145089285714246e-01,-1.109095982142857123e-01,-1.096540178571428631e-01,-1.102120535714285754e-01,-1.088169642857142877e-01,-1.107700892857142877e-01,-1.095145089285714246e-01,-1.095145089285714246e-01,-1.097935267857142877e-01,-1.082589285714285754e-01,-1.083984375000000000e-01,-1.095145089285714246e-01,-1.086774553571428631e-01,-1.085379464285714246e-01,-1.092354910714285754e-01,-1.104910714285714246e-01
-3.041294642857142808e-02,-2.929687500000000000e-02,-3.041294642857142808e-02,-2.887834821428571577e-02,-3.069196428571428423e-02,-2.720424107142857192e-02,-2.943638392857142808e-02,-2.957589285714285615e-02,-2.818080357142857192e-02,-3.013392857142857192e-02,-2.748325892857142808e-02,-2.804129464285714385e-02,-2.985491071428571577e-02,-2.929687500000000000e-02,-3.125000000000000000e-02,-2.832031250000000000e-02,-2.957589285714285615e-02,-3.278459821428571230e-02,-3.292410714285714385e-02,-2.859933035714285615e-02,-3.041294642857142808e-02,-3.138950892857143155e-02,-3.180803571428571230e-02,-2.985491071428571577e-02,-3.194754464285714385e-02,-3.152901785714285615e-02,-2.971540178571428423e-02,-3.264508928571428770e-02,-2.985491071428571577e-02,-3.013392857142857192e-02,-2.971540178571428423e-02,-3.111049107142857192e-02,-2.915736607142857192e-02,-3.041294642857142808e-02,-2.999441964285714385e-02,-2.845982142857142808e-02,-2.859933035714285615e-02,-2.929687500000000000e-02,-2.845982142857142808e-02,-2.845982142857142808e-02,-2.985491071428571577e-02,-3.180803571428571230e-02
2.790178571428571577e-02,2.873883928571428423e-02,2.832031250000000000e-02,2.832031250000000000e-02,2.608816964285714385e-02,3.013392857142857192e-02,2.957589285714285615e-02,3.083147321428571577e-02,3.083147321428571577e-02,2.790178571428571577e-02,2.915736607142857192e-02,3.027343750000000000e-02,2.762276785714285615e-02,2.957589285714285615e-02,2.566964285714285615e-02,3.027343750000000000e-02,3.013392857142857192e-02,2.692522321428571577e-02,2.553013392857142808e-02,2.873883928571428423e-02,2.706473214285714385e-02,2.720424107142857192e-02,2.762276785714285615e-02,3.027343750000000000e-02,2.469308035714285615e-02,2.790178571428571577e-02,2.776227678571428423e-02,2.594866071428571577e-02,2.818080357142857192e-02,2.804129464285714385e-02,2.957589285714285615e-02,2.608816964285714385e-02,2.859933035714285615e-02,2.915736607142857192e-02,2.901785714285714385e-02,3.027343750000000000e-02,2.957589285714285615e-02,2.929687500000000000e-02,2.985491071428571577e-02,3.166852678571428770e-02,2.818080357142857192e-02,2.497209821428571577e-02
-1.227678571428571404e-02,-9.486607142857142114e-03,-1.171875000000000000e-02,-9.905133928571428076e-03,-1.116071428571428596e-02,-8.091517857142857886e-03,-1.143973214285714211e-02,-1.130022321428571404e-02,-8.649553571428571924e-03,-1.046316964285714211e-02,-8.789062500000000000e-03,-9.905133928571428076e-03,-1.074218750000000000e-02,-1.102120535714285789e-02,-1.143973214285714211e-02,-1.004464285714285789e-02,-1.074218750000000000e-02,-1.255580357142857192e-02,-1.297433035714285789e-02,-8.789062500000000000e-03,-1.074218750000000000e-02,-1.283482142857142808e-02,-1.241629464285714211e-02,-1.102120535714285789e-02,-1.088169642857142808e-02,-1.227678571428571404e-02,-9.905133928571428076e-03,-1.185825892857142808e-02,-1.074218750000000000e-02,-1.074218750000000000e-02,-1.004464285714285789e-02,-1.227678571428571404e-02,-1.088169642857142808e-02,-1.116071428571428596e-02,-1.130022321428571404e-02,-1.004464285714285789e-02,-1.032366071428571404e-02,-1.074218750000000000e-02,-9.905133928571428076e-03,-9.765625000000000000e-03,-1.130022321428571404e-02,-1.213727678571428596e-02
-1.639229910714285754e-01,-1.607142857142857262e-01,-1.616908482142857262e-01,-1.612723214285714246e-01,-1.607142857142857262e-01,-1.579241071428571508e-01,-1.628069196428571508e-01,-1.608537946428571508e-01,-1.580636160714285754e-01,-1.598772321428571508e-01,-1.593191964285714246e-01,-1.601562500000000000e-01,-1.594587053571428492e-01,-1.609933035714285754e-01,-1.601562500000000000e-01,-1.602957589285714246e-01,-1.605747767857142738e-01,-1.648995535714285754e-01,-1.651785714285714246e-01,-1.612723214285714246e-01,-1.619698660714285754e-01,-1.647600446428571508e-01,-1.639229910714285754e-01,-1.630859375000000000e-01,-1.628069196428571508e-01,-1.643415178571428492e-01,-1.615513392857142738e-01,-1.625279017857142738e-01,-1.619698660714285754e-01,-1.611328125000000000e-01,-1.612723214285714246e-01,-1.626674107142857262e-01,-1.618303571428571508e-01,-1.622488839285714246e-01,-1.619698660714285754e-01,-1.597377232142857262e-01,-1.604352678571428492e-01,-1.615513392857142738e-01,-1.602957589285714246e-01,-1.602957589285714246e-01,-1.607142857142857262e-01,-1.621093750000000000e-01
-7.561383928571428770e-02,-7.324218750000000000e-02,-7.435825892857142461e-02,-7.393973214285713691e-02,-7.463727678571428770e-02,-7.170758928571428770e-02,-7.324218750000000000e-02,-7.268415178571428770e-02,-7.045200892857142461e-02,-7.366071428571428770e-02,-7.198660714285713691e-02,-7.156808035714286309e-02,-7.435825892857142461e-02,-7.310267857142857539e-02,-7.463727678571428770e-02,-7.240513392857142461e-02,-7.282366071428571230e-02,-7.659040178571428770e-02,-7.770647321428571230e-02,-7.338169642857142461e-02,-7.533482142857142461e-02,-7.575334821428571230e-02,-7.575334821428571230e-02,-7.380022321428571230e-02,-7.603236607142857539e-02,-7.575334821428571230e-02,-7.491629464285713691e-02,-7.575334821428571230e-02,-7.296316964285713691e-02,-7.449776785714286309e-02,-7.352120535714286309e-02,-7.491629464285713691e-02,-7.380022321428571230e-02,-7.407924107142857539e-02,-7.366071428571428770e-02,-7.268415178571428770e-02,-7.366071428571428770e-02,-7.380022321428571230e-02,-7.296316964285713691e-02,-7.226562500000000000e-02,-7.421875000000000000e-02,-7.547433035714286309e-02
-1.004464285714285789e-02,-1.060267857142857192e-02,-1.143973214285714211e-02,-9.486607142857142114e-03,-1.143973214285714211e-02,-8.649553571428571924e-03,-8.789062500000000000e-03,-8.231026785714285962e-03,-8.091517857142857886e-03,-1.004464285714285789e-02,-9.207589285714285962e-03,-7.533482142857142981e-03,-1.171875000000000000e-02,-8.789062500000000000e-03,-1.297433035714285789e-02,-6.975446428571428943e-03,-8.231026785714285962e-03,-1.241629464285714211e-02,-1.395089285714285789e-02,-1.032366071428571404e-02,-1.241629464285714211e-02,-1.241629464285714211e-02,-1.283482142857142808e-02,-9.207589285714285962e-03,-1.381138392857142808e-02,-1.171875000000000000e-02,-1.116071428571428596e-02,-1.353236607142857192e-02,-1.088169642857142808e-02,-1.018415178571428596e-02,-9.486607142857142114e-03,-1.199776785714285789e-02,-1.018415178571428596e-02,-9.347098214285714038e-03,-1.004464285714285789e-02,-9.347098214285714038e-03,-8.789062500000000000e-03,-8.928571428571428076e-03,-1.004464285714285789e-02,-7.812500000000000000e-03,-1.088169642857142808e-02,-1.381138392857142808e-02
-4.213169642857143155e-02,-3.934151785714285615e-02,-4.073660714285714385e-02,-4.045758928571428770e-02,-4.101562500000000000e-02,-3.752790178571428770e-02,-4.115513392857143155e-02,-4.059709821428571230e-02,-3.794642857142856845e-02,-4.031808035714285615e-02,-3.920200892857143155e-02,-3.976004464285714385e-02,-4.031808035714285615e-02,-4.045758928571428770e-02,-4.073660714285714385e-02,-4.017857142857143155e-02,-4.031808035714285615e-02,-4.213169642857143155e-02,-4.241071428571428770e-02,-3.822544642857143155e-02,-4.045758928571428770e-02,-4.199218750000000000e-02,-4.213169642857143155e-02,-4.031808035714285615e-02,-4.143415178571428770e-02,-4.213169642857143155e-02,-4.003906250000000000e-02,-4.157366071428571230e-02,-4.017857142857143155e-02,-4.017857142857143155e-02,-4.031808035714285615e-02,-4.143415178571428770e-02,-4.059709821428571230e-02,-4.045758928571428770e-02,-4.101562500000000000e-02,-3.920200892857143155e-02,-4.017857142857143155e-02,-4.045758928571428770e-02,-3.920200892857143155e-02,-3.976004464285714385e-02,-4.045758928571428770e-02,-4.171316964285714385e-02
-1.953125000000000000e-01,-1.912667410714285754e-01,-1.922433035714285754e-01,-1.916852678571428492e-01,-1.905691964285714246e-01,-1.884765625000000000e-01,-1.932198660714285754e-01,-1.915457589285714246e-01,-1.891741071428571508e-01,-1.908482142857142738e-01,-1.898716517857142738e-01,-1.901506696428571508e-01,-1.895926339285714246e-01,-1.914062500000000000e-01,-1.916852678571428492e-01,-1.914062500000000000e-01,-1.922433035714285754e-01,-1.957310267857142738e-01,-1.940569196428571508e-01,-1.909877232142857262e-01,-1.911272321428571508e-01,-1.964285714285714246e-01,-1.950334821428571508e-01,-1.946149553571428492e-01,-1.929408482142857262e-01,-1.941964285714285754e-01,-1.925223214285714246e-01,-1.934988839285714246e-01,-1.915457589285714246e-01,-1.936383928571428492e-01,-1.919642857142857262e-01,-1.929408482142857262e-01,-1.914062500000000000e-01,-1.928013392857142738e-01,-1.916852678571428492e-01,-1.891741071428571508e-01,-1.900111607142857262e-01,-1.921037946428571508e-01,-1.912667410714285754e-01,-1.912667410714285754e-01,-1.921037946428571508e-01,-1.912667410714285754e-01
-6.305803571428571230e-02,-6.054687500000000000e-02,-6.124441964285714385e-02,-6.166294642857143155e-02,-6.138392857142856845e-02,-6.054687500000000000e-02,-6.082589285714285615e-02,-5.998883928571428770e-02,-5.929129464285714385e-02,-6.124441964285714385e-02,-6.040736607142856845e-02,-5.915178571428571230e-02,-6.082589285714285615e-02,-6.040736607142856845e-02,-6.277901785714286309e-02,-6.096540178571428770e-02,-6.194196428571428770e-02,-6.347656250000000000e-02,-6.305803571428571230e-02,-6.082589285714285615e-02,-6.236049107142856845e-02,-6.361607142857142461e-02,-6.291852678571428770e-02,-6.152343750000000000e-02,-6.333705357142857539e-02,-6.333705357142857539e-02,-6.194196428571428770e-02,-6.277901785714286309e-02,-6.110491071428571230e-02,-6.305803571428571230e-02,-6.012834821428571230e-02,-6.194196428571428770e-02,-6.040736607142856845e-02,-6.110491071428571230e-02,-6.110491071428571230e-02,-5.943080357142856845e-02,-5.943080357142856845e-02,-6.138392857142856845e-02,-6.040736607142856845e-02,-5.970982142857143155e-02,-6.138392857142856845e-02,-6.222098214285714385e-02
1.381138392857142808e-02,1.395089285714285789e-02,1.283482142857142808e-02,1.381138392857142808e-02,1.213727678571428596e-02,1.381138392857142808e-02,1.422991071428571404e-02,1.492745535714285789e-02,1.422991071428571404e-02,1.199776785714285789e-02,1.436941964285714211e-02,1.562500000000000000e-02,1.143973214285714211e-02,1.436941964285714211e-02,1.074218750000000000e-02,1.478794642857142808e-02,1.381138392857142808e-02,1.157924107142857192e-02,1.171875000000000000e-02,1.436941964285714211e-02,1.185825892857142808e-02,1.171875000000000000e-02,1.185825892857142808e-02,1.422991071428571404e-02,1.018415178571428596e-02,1.185825892857142808e-02,1.353236607142857192e-02,1.130022321428571404e-02,1.255580357142857192e-02,1.116071428571428596e-02,1.478794642857142808e-02,1.213727678571428596e-02,1.339285714285714211e-02,1.464843750000000000e-02,1.395089285714285789e-02,1.492745535714285789e-02,1.548549107142857192e-02,1.450892857142857192e-02,1.492745535714285789e-02,1.492745535714285789e-02,1.269531250000000000e-02,1.102120535714285789e-02
-1.436941964285714211e-02,-1.185825892857142808e-02,-1.269531250000000000e-02,-1.199776785714285789e-02,-1.297433035714285789e-02,-1.004464285714285789e-02,-1.283482142857142808e-02,-1.227678571428571404e-02,-1.032366071428571404e-02,-1.241629464285714211e-02,-1.213727678571428596e-02,-1.171875000000000000e-02,-1.255580357142857192e-02,-1.283482142857142808e-02,-1.395089285714285789e-02,-1.367187500000000000e-02,-1.395089285714285789e-02,-1.269531250000000000e-02,-1.311383928571428596e-02,-1.060267857142857192e-02,-1.143973214285714211e-02,-1.436941964285714211e-02,-1.297433035714285789e-02,-1.199776785714285789e-02,-1.241629464285714211e-02,-1.395089285714285789e-02,-1.116071428571428596e-02,-1.325334821428571404e-02,-1.157924107142857192e-02,-1.325334821428571404e-02,-1.143973214285714211e-02,-1.325334821428571404e-02,-1.185825892857142808e-02,-1.255580357142857192e-02,-1.227678571428571404e-02,-1.074218750000000000e-02,-1.157924107142857192e-02,-1.297433035714285789e-02,-1.199776785714285789e-02,-1.130022321428571404e-02,-1.269531250000000000e-02,-1.367187500000000000e-02
-1.322544642857142738e-01,-1.284877232142857262e-01,-1.316964285714285754e-01,-1.296037946428571508e-01,-1.290457589285714246e-01,-1.279296875000000000e-01,-1.314174107142857262e-01,-1.314174107142857262e-01,-1.280691964285714246e-01,-1.290457589285714246e-01,-1.284877232142857262e-01,-1.293247767857142738e-01,-1.290457589285714246e-01,-1.312779017857142738e-01,-1.296037946428571508e-01,-1.309988839285714246e-01,-1.301618303571428492e-01,-1.329520089285714246e-01,-1.314174107142857262e-01,-1.294642857142857262e-01,-1.279296875000000000e-01,-1.322544642857142738e-01,-1.311383928571428492e-01,-1.314174107142857262e-01,-1.315569196428571508e-01,-1.314174107142857262e-01,-1.291852678571428492e-01,-1.303013392857142738e-01,-1.301618303571428492e-01,-1.325334821428571508e-01,-1.304408482142857262e-01,-1.307198660714285754e-01,-1.296037946428571508e-01,-1.314174107142857262e-01,-1.305803571428571508e-01,-1.276506696428571508e-01,-1.277901785714285754e-01,-1.307198660714285754e-01,-1.287667410714285754e-01,-1.307198660714285754e-01,-1.308593750000000000e-01,-1.311383928571428492e-01
-1.171875000000000000e-02,-9.626116071428571924e-03,-1.143973214285714211e-02,-1.102120535714285789e-02,-1.032366071428571404e-02,-9.626116071428571924e-03,-1.116071428571428596e-02,-1.060267857142857192e-02,-1.018415178571428596e-02,-1.074218750000000000e-02,-1.060267857142857192e-02,-1.032366071428571404e-02,-1.199776785714285789e-02,-1.157924107142857192e-02,-1.269531250000000000e-02,-1.171875000000000000e-02,-1.074218750000000000e-02,-1.269531250000000000e-02,-1.171875000000000000e-02,-1.060267857142857192e-02,-1.018415178571428596e-02,-1.283482142857142808e-02,-1.074218750000000000e-02,-1.018415178571428596e-02,-1.227678571428571404e-02,-1.102120535714285789e-02,-1.074218750000000000e-02,-1.213727678571428596e-02,-1.074218750000000000e-02,-1.297433035714285789e-02,-1.004464285714285789e-02,-1.213727678571428596e-02,-1.032366071428571404e-02,-1.199776785714285789e-02,-1.171875000000000000e-02,-9.207589285714285962e-03,-8.091517857142857886e-03,-1.116071428571428596e-02,-1.032366071428571404e-02,-1.046316964285714211e-02,-1.269531250000000000e-02,-1.297433035714285789e-02
5.873325892857143155e-02,5.873325892857143155e-02,5.761718750000000000e-02,5.775669642857143155e-02,5.747767857142856845e-02,5.873325892857143155e-02,5.929129464285714385e-02,5.887276785714285615e-02,5.817522321428571230e-02,5.691964285714285615e-02,5.831473214285714385e-02,6.012834821428571230e-02,5.608258928571428770e-02,5.901227678571428770e-02,5.524553571428571230e-02,5.943080357142856845e-02,5.984933035714285615e-02,5.622209821428571230e-02,5.901227678571428770e-02,5.831473214285714385e-02,5.761718750000000000e-02,5.733816964285714385e-02,5.831473214285714385e-02,6.026785714285714385e-02,5.608258928571428770e-02,5.873325892857143155e-02,5.803571428571428770e-02,5.636160714285714385e-02,5.761718750000000000e-02,5.566406250000000000e-02,5.859375000000000000e-02,5.705915178571428770e-02,5.859375000000000000e-02,5.873325892857143155e-02,5.747767857142856845e-02,5.901227678571428770e-02,6.054687500000000000e-02,5.831473214285714385e-02,5.901227678571428770e-02,5.817522321428571230e-02,5.678013392857143155e-02,5.552455357142856845e-02
2.106584821428571577e-02,2.343750000000000000e-02,2.120535714285714385e-02,2.232142857142857192e-02,2.301897321428571577e-02,2.441406250000000000e-02,2.134486607142857192e-02,2.148437500000000000e-02,2.371651785714285615e-02,2.260044642857142808e-02,2.246093750000000000e-02,2.218191964285714385e-02,2.176339285714285615e-02,2.120535714285714385e-02,2.022879464285714385e-02,2.092633928571428423e-02,2.134486607142857192e-02,2.148437500000000000e-02,2.260044642857142808e-02,2.441406250000000000e-02,2.413504464285714385e-02,2.148437500000000000e-02,2.246093750000000000e-02,2.315848214285714385e-02,2.190290178571428423e-02,2.246093750000000000e-02,2.385602678571428423e-02,2.120535714285714385e-02,2.260044642857142808e-02,2.120535714285714385e-02,2.287946428571428423e-02,2.134486607142857192e-02,2.232142857142857192e-02,2.134486607142857192e-02,2.190290178571428423e-02,2.385602678571428423e-02,2.371651785714285615e-02,2.176339285714285615e-02,2.315848214285714385e-02,2.260044642857142808e-02,2.120535714285714385e-02,1.981026785714285615e-02
-1.040736607142857123e-01,-1.000279017857142877e-01,-1.025390625000000000e-01,-1.012834821428571369e-01,-1.010044642857142877e-01,-9.863281250000000000e-02,-1.032366071428571369e-01,-1.025390625000000000e-01,-9.960937500000000000e-02,-1.008649553571428631e-01,-1.007254464285714246e-01,-1.007254464285714246e-01,-1.005859375000000000e-01,-1.019810267857142877e-01,-1.022600446428571369e-01,-1.028180803571428631e-01,-1.028180803571428631e-01,-1.035156250000000000e-01,-1.018415178571428631e-01,-9.974888392857142461e-02,-9.933035714285713691e-02,-1.036551339285714246e-01,-1.022600446428571369e-01,-1.026785714285714246e-01,-1.023995535714285754e-01,-1.022600446428571369e-01,-1.005859375000000000e-01,-1.014229910714285754e-01,-1.010044642857142877e-01,-1.026785714285714246e-01,-1.011439732142857123e-01,-1.019810267857142877e-01,-1.008649553571428631e-01,-1.026785714285714246e-01,-1.019810267857142877e-01,-9.905133928571428770e-02,-1.003069196428571369e-01,-1.022600446428571369e-01,-1.007254464285714246e-01,-1.014229910714285754e-01,-1.022600446428571369e-01,-1.019810267857142877e-01
1.241629464285714211e-02,1.450892857142857192e-02,1.199776785714285789e-02,1.353236607142857192e-02,1.325334821428571404e-02,1.436941964285714211e-02,1.269531250000000000e-02,1.297433035714285789e-02,1.409040178571428596e-02,1.213727678571428596e-02,1.381138392857142808e-02,1.339285714285714211e-02,1.185825892857142808e-02,1.255580357142857192e-02,1.046316964285714211e-02,1.255580357142857192e-02,1.255580357142857192e-02,1.143973214285714211e-02,1.339285714285714211e-02,1.450892857142857192e-02,1.381138392857142808e-02,1.185825892857142808e-02,1.395089285714285789e-02,1.395089285714285789e-02,1.185825892857142808e-02,1.241629464285714211e-02,1.311383928571428596e-02,1.199776785714285789e-02,1.297433035714285789e-02,1.185825892857142808e-02,1.297433035714285789e-02,1.213727678571428596e-02,1.325334821428571404e-02,1.283482142857142808e-02,1.213727678571428596e-02,1.450892857142857192e-02,1.450892857142857192e-02,1.213727678571428596e-02,1.283482142857142808e-02,1.353236607142857192e-02,1.213727678571428596e-02,1.074218750000000000e-02
7.854352678571428770e-02,7.896205357142857539e-02,7.840401785714286309e-02,7.784598214285713691e-02,7.770647321428571230e-02,7.952008928571428770e-02,7.979910714285713691e-02,7.979910714285713691e-02,7.910156250000000000e-02,7.659040178571428770e-02,7.882254464285713691e-02,8.063616071428571230e-02,7.547433035714286309e-02,7.868303571428571230e-02,7.575334821428571230e-02,7.938058035714286309e-02,7.812500000000000000e-02,7.728794642857142461e-02,7.868303571428571230e-02,7.910156250000000000e-02,7.784598214285713691e-02,7.826450892857142461e-02,7.938058035714286309e-02,8.063616071428571230e-02,7.714843750000000000e-02,7.840401785714286309e-02,7.784598214285713691e-02,7.645089285714286309e-02,7.728794642857142461e-02,7.700892857142857539e-02,7.896205357142857539e-02,7.798549107142857539e-02,7.854352678571428770e-02,7.910156250000000000e-02,7.798549107142857539e-02,7.840401785714286309e-02,8.035714285714286309e-02,7.840401785714286309e-02,7.840401785714286309e-02,7.979910714285713691e-02,7.756696428571428770e-02,7.561383928571428770e-02
3.710937500000000000e-02,3.906250000000000000e-02,3.710937500000000000e-02,3.794642857142856845e-02,3.780691964285714385e-02,3.962053571428571230e-02,3.696986607142856845e-02,3.683035714285714385e-02,3.906250000000000000e-02,3.766741071428571230e-02,3.808593750000000000e-02,3.752790178571428770e-02,3.710937500000000000e-02,3.724888392857143155e-02,3.543526785714285615e-02,3.655133928571428770e-02,3.627232142857143155e-02,3.738839285714285615e-02,3.850446428571428770e-02,4.017857142857143155e-02,4.003906250000000000e-02,3.710937500000000000e-02,3.808593750000000000e-02,3.864397321428571230e-02,3.794642857142856845e-02,3.766741071428571230e-02,3.892299107142856845e-02,3.752790178571428770e-02,3.822544642857143155e-02,3.780691964285714385e-02,3.822544642857143155e-02,3.738839285714285615e-02,3.808593750000000000e-02,3.724888392857143155e-02,3.752790178571428770e-02,3.976004464285714385e-02,3.892299107142856845e-02,3.738839285714285615e-02,3.822544642857143155e-02,3.794642857142856845e-02,3.655133928571428770e-02,3.585379464285714385e-02
-3.459821428571428770e-02,-2.999441964285714385e-02,-3.320312500000000000e-02,-3.194754464285714385e-02,-3.208705357142856845e-02,-2.887834821428571577e-02,-3.404017857142856845e-02,-3.320312500000000000e-02,-3.041294642857142808e-02,-3.083147321428571577e-02,-3.097098214285714385e-02,-3.180803571428571230e-02,-3.208705357142856845e-02,-3.250558035714285615e-02,-3.320312500000000000e-02,-3.334263392857143155e-02,-3.376116071428571230e-02,-3.264508928571428770e-02,-3.166852678571428770e-02,-2.929687500000000000e-02,-2.943638392857142808e-02,-3.362165178571428770e-02,-3.180803571428571230e-02,-3.250558035714285615e-02,-3.250558035714285615e-02,-3.278459821428571230e-02,-3.055245535714285615e-02,-3.152901785714285615e-02,-3.055245535714285615e-02,-3.194754464285714385e-02,-3.138950892857143155e-02,-3.180803571428571230e-02,-3.125000000000000000e-02,-3.292410714285714385e-02,-3.166852678571428770e-02,-3.041294642857142808e-02,-3.208705357142856845e-02,-3.278459821428571230e-02,-3.222656250000000000e-02,-3.236607142857143155e-02,-3.250558035714285615e-02,-3.264508928571428770e-02
7.533482142857142461e-02,7.659040178571428770e-02,7.435825892857142461e-02,7.561383928571428770e-02,7.533482142857142461e-02,7.714843750000000000e-02,7.561383928571428770e-02,7.505580357142857539e-02,7.659040178571428770e-02,7.421875000000000000e-02,7.589285714285713691e-02,7.617187500000000000e-02,7.407924107142857539e-02,7.491629464285713691e-02,7.198660714285713691e-02,7.533482142857142461e-02,7.380022321428571230e-02,7.575334821428571230e-02,7.603236607142857539e-02,7.756696428571428770e-02,7.686941964285713691e-02,7.505580357142857539e-02,7.645089285714286309e-02,7.686941964285713691e-02,7.421875000000000000e-02,7.575334821428571230e-02,7.617187500000000000e-02,7.519531250000000000e-02,7.603236607142857539e-02,7.477678571428571230e-02,7.617187500000000000e-02,7.463727678571428770e-02,7.533482142857142461e-02,7.477678571428571230e-02,7.491629464285713691e-02,7.700892857142857539e-02,7.659040178571428770e-02,7.491629464285713691e-02,7.659040178571428770e-02,7.589285714285713691e-02,7.477678571428571230e-02,7.366071428571428770e-02
1.335100446428571508e-01,1.325334821428571508e-01,1.325334821428571508e-01,1.332310267857142738e-01,1.323939732142857262e-01,1.336495535714285754e-01,1.343470982142857262e-01,1.339285714285714246e-01,1.339285714285714246e-01,1.303013392857142738e-01,1.323939732142857262e-01,1.350446428571428492e-01,1.298828125000000000e-01,1.325334821428571508e-01,1.286272321428571508e-01,1.328125000000000000e-01,1.319754464285714246e-01,1.340680803571428492e-01,1.329520089285714246e-01,1.342075892857142738e-01,1.321149553571428492e-01,1.333705357142857262e-01,1.340680803571428492e-01,1.347656250000000000e-01,1.308593750000000000e-01,1.323939732142857262e-01,1.322544642857142738e-01,1.311383928571428492e-01,1.322544642857142738e-01,1.318359375000000000e-01,1.344866071428571508e-01,1.321149553571428492e-01,1.328125000000000000e-01,1.326729910714285754e-01,1.323939732142857262e-01,1.330915178571428492e-01,1.339285714285714246e-01,1.328125000000000000e-01,1.332310267857142738e-01,1.340680803571428492e-01,1.322544642857142738e-01,1.294642857142857262e-01
7.965959821428571230e-02,8.161272321428571230e-02,7.924107142857142461e-02,8.091517857142857539e-02,7.924107142857142461e-02,8.231026785714286309e-02,7.882254464285713691e-02,7.868303571428571230e-02,8.119419642857142461e-02,7.952008928571428770e-02,8.063616071428571230e-02,7.993861607142857539e-02,7.965959821428571230e-02,7.882254464285713691e-02,7.742745535714286309e-02,7.882254464285713691e-02,7.826450892857142461e-02,8.091517857142857539e-02,8.021763392857142461e-02,8.314732142857142461e-02,8.217075892857142461e-02,7.979910714285713691e-02,8.007812500000000000e-02,8.133370535714286309e-02,7.993861607142857539e-02,8.021763392857142461e-02,8.147321428571428770e-02,7.979910714285713691e-02,8.077566964285713691e-02,8.049665178571428770e-02,7.979910714285713691e-02,7.924107142857142461e-02,8.049665178571428770e-02,7.952008928571428770e-02,7.993861607142857539e-02,8.133370535714286309e-02,8.077566964285713691e-02,7.993861607142857539e-02,8.021763392857142461e-02,7.965959821428571230e-02,7.896205357142857539e-02,7.798549107142857539e-02
1.450892857142857192e-02,1.743861607142857192e-02,1.548549107142857192e-02,1.702008928571428423e-02,1.618303571428571577e-02,1.981026785714285615e-02,1.436941964285714211e-02,1.450892857142857192e-02,1.813616071428571577e-02,1.674107142857142808e-02,1.632254464285714385e-02,1.562500000000000000e-02,1.646205357142857192e-02,1.450892857142857192e-02,1.492745535714285789e-02,1.492745535714285789e-02,1.422991071428571404e-02,1.660156250000000000e-02,1.660156250000000000e-02,1.883370535714285615e-02,1.925223214285714385e-02,1.506696428571428596e-02,1.604352678571428423e-02,1.646205357142857192e-02,1.646205357142857192e-02,1.520647321428571404e-02,1.869419642857142808e-02,1.674107142857142808e-02,1.743861607142857192e-02,1.618303571428571577e-02,1.702008928571428423e-02,1.604352678571428423e-02,1.674107142857142808e-02,1.548549107142857192e-02,1.674107142857142808e-02,1.757812500000000000e-02,1.632254464285714385e-02,1.632254464285714385e-02,1.688058035714285615e-02,1.618303571428571577e-02,1.534598214285714211e-02,1.478794642857142808e-02
1.167689732142857123e-01,1.174665178571428631e-01,1.163504464285714246e-01,1.176060267857142877e-01,1.162109375000000000e-01,1.181640625000000000e-01,1.163504464285714246e-01,1.166294642857142877e-01,1.177455357142857123e-01,1.153738839285714246e-01,1.173270089285714246e-01,1.173270089285714246e-01,1.148158482142857123e-01,1.157924107142857123e-01,1.141183035714285754e-01,1.157924107142857123e-01,1.152343750000000000e-01,1.177455357142857123e-01,1.176060267857142877e-01,1.201171875000000000e-01,1.180245535714285754e-01,1.167689732142857123e-01,1.173270089285714246e-01,1.178850446428571369e-01,1.160714285714285754e-01,1.170479910714285754e-01,1.170479910714285754e-01,1.164899553571428631e-01,1.178850446428571369e-01,1.167689732142857123e-01,1.176060267857142877e-01,1.163504464285714246e-01,1.177455357142857123e-01,1.167689732142857123e-01,1.163504464285714246e-01,1.169084821428571369e-01,1.178850446428571369e-01,1.156529017857142877e-01,1.170479910714285754e-01,1.173270089285714246e-01,1.156529017857142877e-01,1.145368303571428631e-01
1.690848214285714246e-01,1.675502232142857262e-01,1.676897321428571508e-01,1.689453125000000000e-01,1.681082589285714246e-01,1.686662946428571508e-01,1.689453125000000000e-01,1.697823660714285754e-01,1.685267857142857262e-01,1.653180803571428492e-01,1.678292410714285754e-01,1.690848214285714246e-01,1.660156250000000000e-01,1.676897321428571508e-01,1.643415178571428492e-01,1.682477678571428492e-01,1.674107142857142738e-01,1.693638392857142738e-01,1.686662946428571508e-01,1.700613839285714246e-01,1.682477678571428492e-01,1.686662946428571508e-01,1.696428571428571508e-01,1.711774553571428492e-01,1.668526785714285754e-01,1.688058035714285754e-01,1.671316964285714246e-01,1.671316964285714246e-01,1.676897321428571508e-01,1.678292410714285754e-01,1.700613839285714246e-01,1.669921875000000000e-01,1.692243303571428492e-01,1.689453125000000000e-01,1.671316964285714246e-01,1.686662946428571508e-01,1.692243303571428492e-01,1.676897321428571508e-01,1.683872767857142738e-01,1.695033482142857262e-01,1.675502232142857262e-01,1.654575892857142738e-01
1.072823660714285754e-01,1.083984375000000000e-01,1.067243303571428631e-01,1.085379464285714246e-01,1.072823660714285754e-01,1.096540178571428631e-01,1.067243303571428631e-01,1.068638392857142877e-01,1.088169642857142877e-01,1.070033482142857123e-01,1.077008928571428631e-01,1.075613839285714246e-01,1.060267857142857123e-01,1.061662946428571369e-01,1.050502232142857123e-01,1.063058035714285754e-01,1.067243303571428631e-01,1.086774553571428631e-01,1.083984375000000000e-01,1.113281250000000000e-01,1.097935267857142877e-01,1.072823660714285754e-01,1.079799107142857123e-01,1.089564732142857123e-01,1.075613839285714246e-01,1.079799107142857123e-01,1.092354910714285754e-01,1.082589285714285754e-01,1.088169642857142877e-01,1.078404017857142877e-01,1.085379464285714246e-01,1.070033482142857123e-01,1.085379464285714246e-01,1.074218750000000000e-01,1.077008928571428631e-01,1.083984375000000000e-01,1.079799107142857123e-01,1.075613839285714246e-01,1.082589285714285754e-01,1.082589285714285754e-01,1.065848214285714246e-01,1.053292410714285754e-01
-3.208705357142857019e-03,-1.674107142857142764e-03,-3.487723214285714472e-03,-1.674107142857142764e-03,-2.929687500000000000e-03,9.765625000000000000e-04,-3.348214285714285528e-03,-3.208705357142857019e-03,-8.370535714285713821e-04,-1.953125000000000000e-03,-1.255580357142857236e-03,-1.953125000000000000e-03,-2.092633928571428509e-03,-2.650669642857142981e-03,-3.487723214285714472e-03,-2.929687500000000000e-03,-3.208705357142857019e-03,-3.487723214285714472e-03,-3.766741071428571491e-03,-5.580357142857142547e-04,-1.116071428571428509e-03,-4.603794642857142981e-03,-4.045758928571428943e-03,-2.232142857142857019e-03,-3.208705357142857019e-03,-3.766741071428571491e-03,-8.370535714285713821e-04,-2.371651785714285528e-03,-1.395089285714285745e-03,-2.650669642857142981e-03,-2.092633928571428509e-03,-3.487723214285714472e-03,-2.092633928571428509e-03,-2.790178571428571491e-03,-1.953125000000000000e-03,-1.116071428571428509e-03,-2.371651785714285528e-03,-2.371651785714285528e-03,-1.116071428571428509e-03,-1.116071428571428509e-03,-2.650669642857142981e-03,-4.045758928571428943e-03
3.278459821428571230e-02,3.306361607142856845e-02,3.278459821428571230e-02,3.348214285714285615e-02,3.250558035714285615e-02,3.445870535714285615e-02,3.348214285714285615e-02,3.417968750000000000e-02,3.515625000000000000e-02,3.292410714285714385e-02,3.501674107142856845e-02,3.459821428571428770e-02,3.264508928571428770e-02,3.320312500000000000e-02,3.208705357142856845e-02,3.362165178571428770e-02,3.348214285714285615e-02,3.208705357142856845e-02,3.222656250000000000e-02,3.501674107142856845e-02,3.306361607142856845e-02,3.194754464285714385e-02,3.236607142857143155e-02,3.334263392857143155e-02,3.194754464285714385e-02,3.222656250000000000e-02,3.334263392857143155e-02,3.250558035714285615e-02,3.376116071428571230e-02,3.236607142857143155e-02,3.431919642857143155e-02,3.264508928571428770e-02,3.417968750000000000e-02,3.320312500000000000e-02,3.264508928571428770e-02,3.376116071428571230e-02,3.362165178571428770e-02,3.348214285714285615e-02,3.376116071428571230e-02,3.473772321428571230e-02,3.292410714285714385e-02,3.208705357142856845e-02
8.272879464285713691e-02,8.077566964285713691e-02,8.119419642857142461e-02,8.175223214285713691e-02,8.091517857142857539e-02,8.189174107142857539e-02,8.161272321428571230e-02,8.300781250000000000e-02,8.258928571428571230e-02,8.021763392857142461e-02,8.286830357142857539e-02,8.272879464285713691e-02,8.035714285714286309e-02,8.105468750000000000e-02,7.896205357142857539e-02,8.258928571428571230e-02,8.231026785714286309e-02,8.035714285714286309e-02,8.049665178571428770e-02,8.203125000000000000e-02,8.007812500000000000e-02,8.119419642857142461e-02,8.175223214285713691e-02,8.231026785714286309e-02,7.910156250000000000e-02,8.105468750000000000e-02,7.868303571428571230e-02,8.021763392857142461e-02,8.077566964285713691e-02,8.077566964285713691e-02,8.203125000000000000e-02,8.007812500000000000e-02,8.217075892857142461e-02,8.161272321428571230e-02,8.007812500000000000e-02,8.189174107142857539e-02,8.203125000000000000e-02,8.133370535714286309e-02,8.217075892857142461e-02,8.300781250000000000e-02,8.119419642857142461e-02,7.840401785714286309e-02
2.832031250000000000e-02,3.055245535714285615e-02,2.873883928571428423e-02,2.985491071428571577e-02,2.901785714285714385e-02,3.194754464285714385e-02,2.943638392857142808e-02,2.887834821428571577e-02,3.152901785714285615e-02,2.957589285714285615e-02,2.999441964285714385e-02,3.055245535714285615e-02,2.957589285714285615e-02,2.901785714285714385e-02,2.887834821428571577e-02,2.957589285714285615e-02,2.901785714285714385e-02,2.887834821428571577e-02,2.845982142857142808e-02,3.152901785714285615e-02,3.041294642857142808e-02,2.845982142857142808e-02,2.887834821428571577e-02,2.985491071428571577e-02,2.873883928571428423e-02,2.859933035714285615e-02,3.111049107142857192e-02,2.901785714285714385e-02,3.041294642857142808e-02,2.985491071428571577e-02,3.027343750000000000e-02,2.887834821428571577e-02,2.985491071428571577e-02,2.957589285714285615e-02,2.929687500000000000e-02,3.069196428571428423e-02,2.957589285714285615e-02,2.957589285714285615e-02,3.055245535714285615e-02,3.041294642857142808e-02,2.929687500000000000e-02,2.818080357142857192e-02
-1.480189732142857262e-01,-1.446707589285714246e-01,-1.464843750000000000e-01,-1.448102678571428492e-01,-1.459263392857142738e-01,-1.425781250000000000e-01,-1.457868303571428492e-01,-1.450892857142857262e-01,-1.429966517857142738e-01,-1.441127232142857262e-01,-1.435546875000000000e-01,-1.438337053571428492e-01,-1.436941964285714246e-01,-1.439732142857142738e-01,-1.448102678571428492e-01,-1.438337053571428492e-01,-1.445312500000000000e-01,-1.501116071428571508e-01,-1.496930803571428492e-01,-1.467633928571428492e-01,-1.469029017857142738e-01,-1.496930803571428492e-01,-1.489955357142857262e-01,-1.476004464285714246e-01,-1.477399553571428492e-01,-1.481584821428571508e-01,-1.456473214285714246e-01,-1.473214285714285754e-01,-1.467633928571428492e-01,-1.466238839285714246e-01,-1.459263392857142738e-01,-1.471819196428571508e-01,-1.466238839285714246e-01,-1.464843750000000000e-01,-1.452287946428571508e-01,-1.435546875000000000e-01,-1.442522321428571508e-01,-1.449497767857142738e-01,-1.448102678571428492e-01,-1.443917410714285754e-01,-1.445312500000000000e-01,-1.471819196428571508e-01
-8.733258928571428770e-02,-8.551897321428571230e-02,-8.579799107142857539e-02,-8.551897321428571230e-02,-8.551897321428571230e-02,-8.412388392857142461e-02,-8.523995535714286309e-02,-8.440290178571428770e-02,-8.328683035714286309e-02,-8.454241071428571230e-02,-8.398437500000000000e-02,-8.356584821428571230e-02,-8.510044642857142461e-02,-8.384486607142857539e-02,-8.565848214285713691e-02,-8.370535714285713691e-02,-8.384486607142857539e-02,-8.942522321428571230e-02,-8.886718750000000000e-02,-8.579799107142857539e-02,-8.705357142857142461e-02,-8.858816964285713691e-02,-8.719308035714286309e-02,-8.635602678571428770e-02,-8.886718750000000000e-02,-8.761160714285713691e-02,-8.691406250000000000e-02,-8.705357142857142461e-02,-8.621651785714286309e-02,-8.635602678571428770e-02,-8.551897321428571230e-02,-8.635602678571428770e-02,-8.551897321428571230e-02,-8.593750000000000000e-02,-8.565848214285713691e-02,-8.496093750000000000e-02,-8.523995535714286309e-02,-8.551897321428571230e-02,-8.454241071428571230e-02,-8.370535714285713691e-02,-8.523995535714286309e-02,-8.635602678571428770e-02
-1.799665178571428423e-02,-1.897321428571428423e-02,-1.981026785714285615e-02,-1.897321428571428423e-02,-1.994977678571428423e-02,-1.827566964285714385e-02,-1.813616071428571577e-02,-1.757812500000000000e-02,-1.646205357142857192e-02,-2.008928571428571577e-02,-1.674107142857142808e-02,-1.702008928571428423e-02,-1.911272321428571577e-02,-1.785714285714285615e-02,-2.064732142857142808e-02,-1.646205357142857192e-02,-1.757812500000000000e-02,-2.120535714285714385e-02,-2.134486607142857192e-02,-1.911272321428571577e-02,-2.148437500000000000e-02,-2.106584821428571577e-02,-1.967075892857142808e-02,-1.897321428571428423e-02,-2.246093750000000000e-02,-1.939174107142857192e-02,-2.134486607142857192e-02,-2.036830357142857192e-02,-2.092633928571428423e-02,-2.022879464285714385e-02,-1.897321428571428423e-02,-2.050781250000000000e-02,-1.785714285714285615e-02,-1.883370535714285615e-02,-1.967075892857142808e-02,-1.813616071428571577e-02,-1.827566964285714385e-02,-1.897321428571428423e-02,-1.785714285714285615e-02,-1.743861607142857192e-02,-1.841517857142857192e-02,-2.120535714285714385e-02
-4.854910714285714385e-02,-4.589843750000000000e-02,-4.715401785714285615e-02,-4.561941964285714385e-02,-4.687500000000000000e-02,-4.436383928571428770e-02,-4.673549107142856845e-02,-4.687500000000000000e-02,-4.464285714285714385e-02,-4.561941964285714385e-02,-4.589843750000000000e-02,-4.575892857142856845e-02,-4.603794642857143155e-02,-4.617745535714285615e-02,-4.687500000000000000e-02,-4.575892857142856845e-02,-4.575892857142856845e-02,-4.840959821428571230e-02,-4.910714285714285615e-02,-4.603794642857143155e-02,-4.645647321428571230e-02,-4.896763392857143155e-02,-4.813058035714285615e-02,-4.715401785714285615e-02,-4.729352678571428770e-02,-4.827008928571428770e-02,-4.603794642857143155e-02,-4.771205357142856845e-02,-4.659598214285714385e-02,-4.715401785714285615e-02,-4.659598214285714385e-02,-4.771205357142856845e-02,-4.687500000000000000e-02,-4.701450892857143155e-02,-4.631696428571428770e-02,-4.561941964285714385e-02,-4.589843750000000000e-02,-4.547991071428571230e-02,-4.520089285714285615e-02,-4.575892857142856845e-02,-4.673549107142856845e-02,-4.785156250000000000e-02
-1.629464285714285754e-01,-1.589006696428571508e-01,-1.612723214285714246e-01,-1.587611607142857262e-01,-1.601562500000000000e-01,-1.572265625000000000e-01,-1.609933035714285754e-01,-1.612723214285714246e-01,-1.575055803571428492e-01,-1.586216517857142738e-01,-1.584821428571428492e-01,-1.594587053571428492e-01,-1.586216517857142738e-01,-1.597377232142857262e-01,-1.591796875000000000e-01,-1.595982142857142738e-01,-1.598772321428571508e-01,-1.642020089285714246e-01,-1.633649553571428492e-01,-1.604352678571428492e-01,-1.605747767857142738e-01,-1.632254464285714246e-01,-1.640625000000000000e-01,-1.621093750000000000e-01,-1.618303571428571508e-01,-1.625279017857142738e-01,-1.595982142857142738e-01,-1.619698660714285754e-01,-1.608537946428571508e-01,-1.605747767857142738e-01,-1.609933035714285754e-01,-1.614118303571428492e-01,-1.611328125000000000e-01,-1.611328125000000000e-01,-1.598772321428571508e-01,-1.591796875000000000e-01,-1.591796875000000000e-01,-1.604352678571428492e-01,-1.594587053571428492e-01,-1.594587053571428492e-01,-1.604352678571428492e-01,-1.619698660714285754e-01
-7.254464285714286309e-02,-7.101004464285713691e-02,-7.156808035714286309e-02,-7.114955357142857539e-02,-7.142857142857142461e-02,-6.989397321428571230e-02,-7.101004464285713691e-02,-7.059151785714286309e-02,-6.947544642857142461e-02,-7.087053571428571230e-02,-6.989397321428571230e-02,-6.975446428571428770e-02,-7.045200892857142461e-02,-7.114955357142857539e-02,-7.198660714285713691e-02,-7.031250000000000000e-02,-7.017299107142857539e-02,-7.366071428571428770e-02,-7.449776785714286309e-02,-7.212611607142857539e-02,-7.240513392857142461e-02,-7.421875000000000000e-02,-7.282366071428571230e-02,-7.226562500000000000e-02,-7.421875000000000000e-02,-7.352120535714286309e-02,-7.282366071428571230e-02,-7.352120535714286309e-02,-7.212611607142857539e-02,-7.240513392857142461e-02,-7.128906250000000000e-02,-7.324218750000000000e-02,-7.101004464285713691e-02,-7.087053571428571230e-02,-7.226562500000000000e-02,-7.087053571428571230e-02,-7.101004464285713691e-02,-7.101004464285713691e-02,-7.031250000000000000e-02,-7.017299107142857539e-02,-7.128906250000000000e-02,-7.240513392857142461e-02
-5.440848214285714038e-03,-6.138392857142857019e-03,-5.580357142857142981e-03,-5.998883928571428943e-03,-6.835937500000000000e-03,-4.045758928571428943e-03,-4.743303571428571057e-03,-4.185267857142857019e-03,-4.464285714285714038e-03,-7.114955357142857019e-03,-4.045758928571428943e-03,-3.348214285714285528e-03,-6.417410714285714038e-03,-5.440848214285714038e-03,-7.254464285714285962e-03,-3.627232142857142981e-03,-3.906250000000000000e-03,-7.533482142857142981e-03,-8.510044642857142114e-03,-5.580357142857142981e-03,-7.533482142857142981e-03,-7.393973214285714038e-03,-6.835937500000000000e-03,-5.998883928571428943e-03,-9.765625000000000000e-03,-6.417410714285714038e-03,-9.068080357142857886e-03,-7.812500000000000000e-03,-7.533482142857142981e-03,-5.998883928571428943e-03,-5.580357142857142981e-03,-7.254464285714285962e-03,-4.603794642857142981e-03,-6.277901785714285962e-03,-6.556919642857142981e-03,-5.301339285714285962e-03,-5.998883928571428943e-03,-6.277901785714285962e-03,-4.743303571428571057e-03,-4.464285714285714038e-03,-5.998883928571428943e-03,-6.556919642857142981e-03
-3.850446428571428770e-02,-3.696986607142856845e-02,-3.794642857142856845e-02,-3.724888392857143155e-02,-3.724888392857143155e-02,-3.515625000000000000e-02,-3.724888392857143155e-02,-3.738839285714285615e-02,-3.543526785714285615e-02,-3.669084821428571230e-02,-3.669084821428571230e-02,-3.683035714285714385e-02,-3.710937500000000000e-02,-3.780691964285714385e-02,-3.766741071428571230e-02,-3.683035714285714385e-02,-3.808593750000000000e-02,-3.836495535714285615e-02,-3.906250000000000000e-02,-3.557477678571428770e-02,-3.669084821428571230e-02,-3.892299107142856845e-02,-3.934151785714285615e-02,-3.724888392857143155e-02,-3.864397321428571230e-02,-3.878348214285714385e-02,-3.683035714285714385e-02,-3.850446428571428770e-02,-3.710937500000000000e-02,-3.724888392857143155e-02,-3.696986607142856845e-02,-3.836495535714285615e-02,-3.780691964285714385e-02,-3.724888392857143155e-02,-3.696986607142856845e-02,-3.669084821428571230e-02,-3.683035714285714385e-02,-3.696986607142856845e-02,-3.683035714285714385e-02,-3.613281250000000000e-02,-3.752790178571428770e-02,-3.892299107142856845e-02
-1.854073660714285754e-01,-1.820591517857142738e-01,-1.834542410714285754e-01,-1.820591517857142738e-01,-1.823381696428571508e-01,-1.795479910714285754e-01,-1.828962053571428492e-01,-1.827566964285714246e-01,-1.802455357142857262e-01,-1.812220982142857262e-01,-1.808035714285714246e-01,-1.809430803571428492e-01,-1.817801339285714246e-01,-1.816406250000000000e-01,-1.815011160714285754e-01,-1.816406250000000000e-01,-1.820591517857142738e-01,-1.869419642857142738e-01,-1.862444196428571508e-01,-1.827566964285714246e-01,-1.833147321428571508e-01,-1.855468750000000000e-01,-1.861049107142857262e-01,-1.847098214285714246e-01,-1.837332589285714246e-01,-1.847098214285714246e-01,-1.821986607142857262e-01,-1.844308035714285754e-01,-1.817801339285714246e-01,-1.823381696428571508e-01,-1.826171875000000000e-01,-1.835937500000000000e-01,-1.830357142857142738e-01,-1.837332589285714246e-01,-1.827566964285714246e-01,-1.817801339285714246e-01,-1.826171875000000000e-01,-1.821986607142857262e-01,-1.817801339285714246e-01,-1.816406250000000000e-01,-1.823381696428571508e-01,-1.826171875000000000e-01
-9.193638392857142461e-02,-9.068080357142857539e-02,-9.151785714285713691e-02,-9.082031250000000000e-02,-9.095982142857142461e-02,-8.928571428571428770e-02,-9.040178571428571230e-02,-9.054129464285713691e-02,-8.942522321428571230e-02,-9.109933035714286309e-02,-8.956473214285713691e-02,-8.984375000000000000e-02,-9.012276785714286309e-02,-9.054129464285713691e-02,-9.109933035714286309e-02,-8.956473214285713691e-02,-8.956473214285713691e-02,-9.375000000000000000e-02,-9.375000000000000000e-02,-9.095982142857142461e-02,-9.207589285714286309e-02,-9.416852678571428770e-02,-9.291294642857142461e-02,-9.207589285714286309e-02,-9.402901785714286309e-02,-9.235491071428571230e-02,-9.179687500000000000e-02,-9.305245535714286309e-02,-9.165736607142857539e-02,-9.123883928571428770e-02,-9.123883928571428770e-02,-9.221540178571428770e-02,-9.151785714285713691e-02,-9.123883928571428770e-02,-9.221540178571428770e-02,-9.040178571428571230e-02,-9.068080357142857539e-02,-9.082031250000000000e-02,-8.970424107142857539e-02,-8.984375000000000000e-02,-9.095982142857142461e-02,-9.263392857142857539e-02
-2.301897321428571577e-02,-2.413504464285714385e-02,-2.329799107142857192e-02,-2.301897321428571577e-02,-2.427455357142857192e-02,-2.287946428571428423e-02,-2.329799107142857192e-02,-2.162388392857142808e-02,-2.287946428571428423e-02,-2.427455357142857192e-02,-2.190290178571428423e-02,-2.134486607142857192e-02,-2.357700892857142808e-02,-2.329799107142857192e-02,-2.483258928571428423e-02,-2.162388392857142808e-02,-2.134486607142857192e-02,-2.608816964285714385e-02,-2.720424107142857192e-02,-2.301897321428571577e-02,-2.580915178571428423e-02,-2.539062500000000000e-02,-2.399553571428571577e-02,-2.357700892857142808e-02,-2.734375000000000000e-02,-2.455357142857142808e-02,-2.580915178571428423e-02,-2.539062500000000000e-02,-2.427455357142857192e-02,-2.357700892857142808e-02,-2.329799107142857192e-02,-2.455357142857142808e-02,-2.287946428571428423e-02,-2.246093750000000000e-02,-2.483258928571428423e-02,-2.343750000000000000e-02,-2.371651785714285615e-02,-2.301897321428571577e-02,-2.162388392857142808e-02,-2.134486607142857192e-02,-2.357700892857142808e-02,-2.427455357142857192e-02
-5.106026785714285615e-02,-4.910714285714285615e-02,-4.980468750000000000e-02,-4.840959821428571230e-02,-4.938616071428571230e-02,-4.757254464285714385e-02,-5.008370535714285615e-02,-4.980468750000000000e-02,-4.757254464285714385e-02,-4.910714285714285615e-02,-4.868861607142856845e-02,-4.840959821428571230e-02,-4.910714285714285615e-02,-4.938616071428571230e-02,-5.022321428571428770e-02,-4.882812500000000000e-02,-4.994419642857143155e-02,-5.133928571428571230e-02,-5.231584821428571230e-02,-4.840959821428571230e-02,-4.938616071428571230e-02,-5.147879464285714385e-02,-5.161830357142856845e-02,-4.994419642857143155e-02,-5.022321428571428770e-02,-5.119977678571428770e-02,-4.896763392857143155e-02,-5.078125000000000000e-02,-4.910714285714285615e-02,-4.938616071428571230e-02,-4.896763392857143155e-02,-5.078125000000000000e-02,-5.008370535714285615e-02,-5.008370535714285615e-02,-4.952566964285714385e-02,-4.827008928571428770e-02,-4.952566964285714385e-02,-4.910714285714285615e-02,-4.882812500000000000e-02,-4.868861607142856845e-02,-4.994419642857143155e-02,-5.106026785714285615e-02
-2.011718750000000000e-01,-1.969866071428571508e-01,-1.981026785714285754e-01,-1.978236607142857262e-01,-1.969866071428571508e-01,-1.948939732142857262e-01,-1.986607142857142738e-01,-1.990792410714285754e-01,-1.958705357142857262e-01,-1.957310267857142738e-01,-1.967075892857142738e-01,-1.975446428571428492e-01,-1.967075892857142738e-01,-1.972656250000000000e-01,-1.967075892857142738e-01,-1.967075892857142738e-01,-1.979631696428571508e-01,-2.042410714285714246e-01,-2.032645089285714246e-01,-2.004743303571428492e-01,-1.999162946428571508e-01,-2.022879464285714246e-01,-2.027064732142857262e-01,-2.013113839285714246e-01,-2.004743303571428492e-01,-2.028459821428571508e-01,-1.982421875000000000e-01,-2.018694196428571508e-01,-1.982421875000000000e-01,-1.997767857142857262e-01,-1.993582589285714246e-01,-2.000558035714285754e-01,-1.989397321428571508e-01,-1.986607142857142738e-01,-1.979631696428571508e-01,-1.968470982142857262e-01,-1.979631696428571508e-01,-1.978236607142857262e-01,-1.969866071428571508e-01,-1.972656250000000000e-01,-1.981026785714285754e-01,-1.992187500000000000e-01
-6.542968750000000000e-02,-6.431361607142857539e-02,-6.542968750000000000e-02,-6.417410714285713691e-02,-6.570870535714286309e-02,-6.347656250000000000e-02,-6.515066964285713691e-02,-6.501116071428571230e-02,-6.361607142857142461e-02,-6.542968750000000000e-02,-6.389508928571428770e-02,-6.445312500000000000e-02,-6.473214285714286309e-02,-6.529017857142857539e-02,-6.626674107142857539e-02,-6.403459821428571230e-02,-6.445312500000000000e-02,-6.835937500000000000e-02,-6.933593750000000000e-02,-6.640625000000000000e-02,-6.696428571428571230e-02,-6.849888392857142461e-02,-6.808035714285713691e-02,-6.668526785714286309e-02,-6.794084821428571230e-02,-6.724330357142857539e-02,-6.654575892857142461e-02,-6.808035714285713691e-02,-6.612723214285713691e-02,-6.584821428571428770e-02,-6.584821428571428770e-02,-6.710379464285713691e-02,-6.556919642857142461e-02,-6.570870535714286309e-02,-6.584821428571428770e-02,-6.459263392857142461e-02,-6.473214285714286309e-02,-6.473214285714286309e-02,-6.389508928571428770e-02,-6.473214285714286309e-02,-6.501116071428571230e-02,-6.710379464285713691e-02
9.905133928571428076e-03,9.207589285714285962e-03,9.905133928571428076e-03,9.626116071428571924e-03,8.928571428571428076e-03,1.046316964285714211e-02,1.018415178571428596e-02,1.116071428571428596e-02,1.004464285714285789e-02,8.649553571428571924e-03,1.074218750000000000e-02,1.102120535714285789e-02,9.207589285714285962e-03,9.068080357142857886e-03,8.231026785714285962e-03,1.004464285714285789e-02,1.171875000000000000e-02,8.091517857142857886e-03,6.277901785714285962e-03,1.018415178571428596e-02,7.672991071428571057e-03,6.556919642857142981e-03,9.068080357142857886e-03,9.486607142857142114e-03,6.835937500000000000e-03,8.649553571428571924e-03,7.672991071428571057e-03,7.672991071428571057e-03,7.393973214285714038e-03,8.928571428571428076e-03,9.626116071428571924e-03,8.370535714285714038e-03,1.046316964285714211e-02,1.004464285714285789e-02,8.091517857142857886e-03,9.626116071428571924e-03,1.032366071428571404e-02,1.004464285714285789e-02,1.116071428571428596e-02,1.213727678571428596e-02,1.074218750000000000e-02,8.231026785714285962e-03
-1.604352678571428423e-02,-1.353236607142857192e-02,-1.492745535714285789e-02,-1.367187500000000000e-02,-1.450892857142857192e-02,-1.227678571428571404e-02,-1.520647321428571404e-02,-1.548549107142857192e-02,-1.325334821428571404e-02,-1.464843750000000000e-02,-1.367187500000000000e-02,-1.422991071428571404e-02,-1.506696428571428596e-02,-1.548549107142857192e-02,-1.604352678571428423e-02,-1.464843750000000000e-02,-1.534598214285714211e-02,-1.674107142857142808e-02,-1.618303571428571577e-02,-1.325334821428571404e-02,-1.506696428571428596e-02,-1.618303571428571577e-02,-1.660156250000000000e-02,-1.478794642857142808e-02,-1.576450892857142808e-02,-1.646205357142857192e-02,-1.395089285714285789e-02,-1.618303571428571577e-02,-1.422991071428571404e-02,-1.492745535714285789e-02,-1.395089285714285789e-02,-1.618303571428571577e-02,-1.436941964285714211e-02,-1.492745535714285789e-02,-1.478794642857142808e-02,-1.311383928571428596e-02,-1.409040178571428596e-02,-1.436941964285714211e-02,-1.367187500000000000e-02,-1.464843750000000000e-02,-1.506696428571428596e-02,-1.674107142857142808e-02
-1.523437500000000000e-01,-1.485770089285714246e-01,-1.505301339285714246e-01,-1.499720982142857262e-01,-1.494140625000000000e-01,-1.471819196428571508e-01,-1.501116071428571508e-01,-1.505301339285714246e-01,-1.481584821428571508e-01,-1.484375000000000000e-01,-1.495535714285714246e-01,-1.491350446428571508e-01,-1.489955357142857262e-01,-1.489955357142857262e-01,-1.495535714285714246e-01,-1.485770089285714246e-01,-1.509486607142857262e-01,-1.535993303571428492e-01,-1.530412946428571508e-01,-1.508091517857142738e-01,-1.501116071428571508e-01,-1.526227678571428492e-01,-1.522042410714285754e-01,-1.510881696428571508e-01,-1.508091517857142738e-01,-1.527622767857142738e-01,-1.482979910714285754e-01,-1.517857142857142738e-01,-1.492745535714285754e-01,-1.510881696428571508e-01,-1.495535714285714246e-01,-1.510881696428571508e-01,-1.509486607142857262e-01,-1.499720982142857262e-01,-1.492745535714285754e-01,-1.482979910714285754e-01,-1.496930803571428492e-01,-1.489955357142857262e-01,-1.496930803571428492e-01,-1.494140625000000000e-01,-1.502511160714285754e-01,-1.508091517857142738e-01
-2.622767857142857192e-02,-2.455357142857142808e-02,-2.622767857142857192e-02,-2.539062500000000000e-02,-2.622767857142857192e-02,-2.455357142857142808e-02,-2.580915178571428423e-02,-2.553013392857142808e-02,-2.525111607142857192e-02,-2.636718750000000000e-02,-2.539062500000000000e-02,-2.511160714285714385e-02,-2.622767857142857192e-02,-2.692522321428571577e-02,-2.776227678571428423e-02,-2.608816964285714385e-02,-2.594866071428571577e-02,-2.748325892857142808e-02,-2.748325892857142808e-02,-2.483258928571428423e-02,-2.636718750000000000e-02,-2.804129464285714385e-02,-2.706473214285714385e-02,-2.622767857142857192e-02,-2.734375000000000000e-02,-2.678571428571428423e-02,-2.608816964285714385e-02,-2.762276785714285615e-02,-2.608816964285714385e-02,-2.650669642857142808e-02,-2.566964285714285615e-02,-2.720424107142857192e-02,-2.553013392857142808e-02,-2.608816964285714385e-02,-2.608816964285714385e-02,-2.539062500000000000e-02,-2.553013392857142808e-02,-2.608816964285714385e-02,-2.497209821428571577e-02,-2.511160714285714385e-02,-2.594866071428571577e-02,-2.720424107142857192e-02
4.673549107142856845e-02,4.617745535714285615e-02,4.603794642857143155e-02,4.575892857142856845e-02,4.534040178571428770e-02,4.701450892857143155e-02,4.589843750000000000e-02,4.813058035714285615e-02,4.631696428571428770e-02,4.450334821428571230e-02,4.645647321428571230e-02,4.701450892857143155e-02,4.478236607142856845e-02,4.506138392857143155e-02,4.380580357142856845e-02,4.506138392857143155e-02,4.659598214285714385e-02,4.617745535714285615e-02,4.436383928571428770e-02,4.715401785714285615e-02,4.464285714285714385e-02,4.478236607142856845e-02,4.589843750000000000e-02,4.673549107142856845e-02,4.296875000000000000e-02,4.659598214285714385e-02,4.408482142857143155e-02,4.450334821428571230e-02,4.520089285714285615e-02,4.701450892857143155e-02,4.687500000000000000e-02,4.436383928571428770e-02,4.715401785714285615e-02,4.701450892857143155e-02,4.561941964285714385e-02,4.575892857142856845e-02,4.673549107142856845e-02,4.589843750000000000e-02,4.757254464285714385e-02,4.799107142857143155e-02,4.645647321428571230e-02,4.366629464285714385e-02
1.269531250000000000e-02,1.464843750000000000e-02,1.297433035714285789e-02,1.436941964285714211e-02,1.339285714285714211e-02,1.506696428571428596e-02,1.339285714285714211e-02,1.269531250000000000e-02,1.534598214285714211e-02,1.381138392857142808e-02,1.422991071428571404e-02,1.325334821428571404e-02,1.283482142857142808e-02,1.311383928571428596e-02,1.199776785714285789e-02,1.339285714285714211e-02,1.227678571428571404e-02,1.325334821428571404e-02,1.255580357142857192e-02,1.604352678571428423e-02,1.464843750000000000e-02,1.255580357142857192e-02,1.283482142857142808e-02,1.381138392857142808e-02,1.367187500000000000e-02,1.255580357142857192e-02,1.450892857142857192e-02,1.297433035714285789e-02,1.381138392857142808e-02,1.395089285714285789e-02,1.395089285714285789e-02,1.297433035714285789e-02,1.353236607142857192e-02,1.339285714285714211e-02,1.339285714285714211e-02,1.478794642857142808e-02,1.436941964285714211e-02,1.367187500000000000e-02,1.409040178571428596e-02,1.395089285714285789e-02,1.269531250000000000e-02,1.171875000000000000e-02
-5.357142857142856845e-02,-5.078125000000000000e-02,-5.287388392857143155e-02,-5.133928571428571230e-02,-5.189732142857143155e-02,-4.952566964285714385e-02,-5.273437500000000000e-02,-5.371093750000000000e-02,-5.092075892857143155e-02,-5.106026785714285615e-02,-5.189732142857143155e-02,-5.245535714285714385e-02,-5.189732142857143155e-02,-5.217633928571428770e-02,-5.329241071428571230e-02,-5.217633928571428770e-02,-5.385044642857143155e-02,-5.273437500000000000e-02,-5.343191964285714385e-02,-5.133928571428571230e-02,-5.092075892857143155e-02,-5.259486607142856845e-02,-5.343191964285714385e-02,-5.245535714285714385e-02,-5.189732142857143155e-02,-5.343191964285714385e-02,-5.008370535714285615e-02,-5.203683035714285615e-02,-5.078125000000000000e-02,-5.231584821428571230e-02,-5.245535714285714385e-02,-5.287388392857143155e-02,-5.273437500000000000e-02,-5.301339285714285615e-02,-5.147879464285714385e-02,-5.022321428571428770e-02,-5.189732142857143155e-02,-5.231584821428571230e-02,-5.203683035714285615e-02,-5.231584821428571230e-02,-5.287388392857143155e-02,-5.426897321428571230e-02
5.873325892857143155e-02,5.970982142857143155e-02,5.901227678571428770e-02,5.915178571428571230e-02,5.887276785714285615e-02,6.068638392857143155e-02,5.859375000000000000e-02,5.901227678571428770e-02,5.998883928571428770e-02,5.789620535714285615e-02,5.915178571428571230e-02,5.984933035714285615e-02,5.789620535714285615e-02,5.803571428571428770e-02,5.678013392857143155e-02,5.817522321428571230e-02,5.789620535714285615e-02,5.915178571428571230e-02,5.831473214285714385e-02,6.124441964285714385e-02,5.887276785714285615e-02,5.859375000000000000e-02,5.943080357142856845e-02,6.012834821428571230e-02,5.859375000000000000e-02,5.873325892857143155e-02,5.957031250000000000e-02,5.859375000000000000e-02,6.012834821428571230e-02,5.943080357142856845e-02,5.970982142857143155e-02,5.873325892857143155e-02,6.012834821428571230e-02,5.929129464285714385e-02,5.873325892857143155e-02,5.970982142857143155e-02,5.859375000000000000e-02,5.901227678571428770e-02,5.998883928571428770e-02,5.929129464285714385e-02,5.845424107142856845e-02,5.691964285714285615e-02
1.195591517857142877e-01,1.180245535714285754e-01,1.187220982142857123e-01,1.188616071428571369e-01,1.171875000000000000e-01,1.188616071428571369e-01,1.183035714285714246e-01,1.201171875000000000e-01,1.187220982142857123e-01,1.162109375000000000e-01,1.184430803571428631e-01,1.185825892857142877e-01,1.163504464285714246e-01,1.164899553571428631e-01,1.157924107142857123e-01,1.173270089285714246e-01,1.184430803571428631e-01,1.205357142857142877e-01,1.184430803571428631e-01,1.213727678571428631e-01,1.183035714285714246e-01,1.178850446428571369e-01,1.192801339285714246e-01,1.206752232142857123e-01,1.170479910714285754e-01,1.196986607142857123e-01,1.176060267857142877e-01,1.178850446428571369e-01,1.180245535714285754e-01,1.195591517857142877e-01,1.198381696428571369e-01,1.176060267857142877e-01,1.195591517857142877e-01,1.180245535714285754e-01,1.185825892857142877e-01,1.178850446428571369e-01,1.191406250000000000e-01,1.185825892857142877e-01,1.196986607142857123e-01,1.196986607142857123e-01,1.187220982142857123e-01,1.166294642857142877e-01
6.933593750000000000e-02,7.003348214285713691e-02,6.933593750000000000e-02,6.975446428571428770e-02,6.863839285714286309e-02,7.059151785714286309e-02,6.835937500000000000e-02,6.863839285714286309e-02,7.101004464285713691e-02,6.933593750000000000e-02,6.919642857142857539e-02,6.947544642857142461e-02,6.821986607142857539e-02,6.794084821428571230e-02,6.696428571428571230e-02,6.863839285714286309e-02,6.780133928571428770e-02,7.045200892857142461e-02,6.933593750000000000e-02,7.226562500000000000e-02,7.031250000000000000e-02,6.947544642857142461e-02,6.947544642857142461e-02,7.087053571428571230e-02,7.017299107142857539e-02,6.891741071428571230e-02,7.142857142857142461e-02,6.947544642857142461e-02,7.059151785714286309e-02,6.989397321428571230e-02,7.031250000000000000e-02,6.877790178571428770e-02,6.905691964285713691e-02,6.975446428571428770e-02,6.961495535714286309e-02,7.031250000000000000e-02,6.975446428571428770e-02,6.947544642857142461e-02,6.877790178571428770e-02,7.003348214285713691e-02,6.849888392857142461e-02,6.738281250000000000e-02
-2.971540178571428423e-02,-2.762276785714285615e-02,-3.013392857142857192e-02,-2.845982142857142808e-02,-2.845982142857142808e-02,-2.748325892857142808e-02,-2.985491071428571577e-02,-3.027343750000000000e-02,-2.720424107142857192e-02,-2.845982142857142808e-02,-2.776227678571428423e-02,-2.873883928571428423e-02,-2.832031250000000000e-02,-2.901785714285714385e-02,-2.999441964285714385e-02,-2.845982142857142808e-02,-2.971540178571428423e-02,-3.055245535714285615e-02,-3.055245535714285615e-02,-2.818080357142857192e-02,-2.832031250000000000e-02,-3.027343750000000000e-02,-3.055245535714285615e-02,-2.943638392857142808e-02,-2.901785714285714385e-02,-3.055245535714285615e-02,-2.776227678571428423e-02,-2.943638392857142808e-02,-2.804129464285714385e-02,-2.929687500000000000e-02,-2.859933035714285615e-02,-2.971540178571428423e-02,-2.929687500000000000e-02,-3.055245535714285615e-02,-2.873883928571428423e-02,-2.748325892857142808e-02,-2.887834821428571577e-02,-2.915736607142857192e-02,-2.929687500000000000e-02,-2.873883928571428423e-02,-2.943638392857142808e-02,-3.041294642857142808e-02
1.395089285714285789e-02,1.464843750000000000e-02,1.436941964285714211e-02,1.478794642857142808e-02,1.478794642857142808e-02,1.604352678571428423e-02,1.506696428571428596e-02,1.506696428571428596e-02,1.562500000000000000e-02,1.478794642857142808e-02,1.562500000000000000e-02,1.632254464285714385e-02,1.422991071428571404e-02,1.436941964285714211e-02,1.353236607142857192e-02,1.520647321428571404e-02,1.492745535714285789e-02,1.353236607142857192e-02,1.339285714285714211e-02,1.590401785714285615e-02,1.478794642857142808e-02,1.283482142857142808e-02,1.506696428571428596e-02,1.534598214285714211e-02,1.409040178571428596e-02,1.325334821428571404e-02,1.409040178571428596e-02,1.409040178571428596e-02,1.492745535714285789e-02,1.450892857142857192e-02,1.492745535714285789e-02,1.409040178571428596e-02,1.492745535714285789e-02,1.478794642857142808e-02,1.478794642857142808e-02,1.562500000000000000e-02,1.534598214285714211e-02,1.506696428571428596e-02,1.590401785714285615e-02,1.548549107142857192e-02,1.464843750000000000e-02,1.409040178571428596e-02
6.808035714285713691e-02,6.682477678571428770e-02,6.710379464285713691e-02,6.821986607142857539e-02,6.668526785714286309e-02,6.849888392857142461e-02,6.752232142857142461e-02,6.947544642857142461e-02,6.794084821428571230e-02,6.598772321428571230e-02,6.947544642857142461e-02,6.905691964285713691e-02,6.612723214285713691e-02,6.682477678571428770e-02,6.542968750000000000e-02,6.794084821428571230e-02,6.849888392857142461e-02,6.752232142857142461e-02,6.682477678571428770e-02,6.891741071428571230e-02,6.710379464285713691e-02,6.598772321428571230e-02,6.752232142857142461e-02,6.919642857142857539e-02,6.626674107142857539e-02,6.780133928571428770e-02,6.640625000000000000e-02,6.654575892857142461e-02,6.682477678571428770e-02,6.821986607142857539e-02,6.877790178571428770e-02,6.668526785714286309e-02,6.877790178571428770e-02,6.766183035714286309e-02,6.780133928571428770e-02,6.752232142857142461e-02,6.891741071428571230e-02,6.780133928571428770e-02,7.031250000000000000e-02,6.947544642857142461e-02,6.863839285714286309e-02,6.682477678571428770e-02
1.897321428571428423e-02,2.008928571428571577e-02,1.994977678571428423e-02,2.036830357142857192e-02,1.981026785714285615e-02,2.273995535714285615e-02,1.994977678571428423e-02,1.939174107142857192e-02,2.120535714285714385e-02,2.078683035714285615e-02,2.036830357142857192e-02,2.078683035714285615e-02,1.953125000000000000e-02,1.981026785714285615e-02,1.925223214285714385e-02,1.953125000000000000e-02,1.939174107142857192e-02,1.939174107142857192e-02,1.911272321428571577e-02,2.148437500000000000e-02,2.050781250000000000e-02,1.883370535714285615e-02,1.939174107142857192e-02,2.022879464285714385e-02,1.953125000000000000e-02,1.869419642857142808e-02,2.106584821428571577e-02,1.967075892857142808e-02,2.050781250000000000e-02,1.981026785714285615e-02,2.050781250000000000e-02,1.953125000000000000e-02,2.064732142857142808e-02,1.967075892857142808e-02,2.022879464285714385e-02,2.148437500000000000e-02,2.050781250000000000e-02,2.022879464285714385e-02,2.008928571428571577e-02,2.036830357142857192e-02,1.994977678571428423e-02,1.841517857142857192e-02
-1.012834821428571369e-01,-9.877232142857142461e-02,-1.018415178571428631e-01,-9.891183035714286309e-02,-1.007254464285714246e-01,-9.863281250000000000e-02,-1.008649553571428631e-01,-1.017020089285714246e-01,-9.751674107142857539e-02,-9.905133928571428770e-02,-9.946986607142857539e-02,-1.001674107142857123e-01,-9.919084821428571230e-02,-9.946986607142857539e-02,-9.988839285714286309e-02,-9.946986607142857539e-02,-1.019810267857142877e-01,-1.033761160714285754e-01,-1.017020089285714246e-01,-1.004464285714285754e-01,-1.005859375000000000e-01,-1.014229910714285754e-01,-1.026785714285714246e-01,-1.007254464285714246e-01,-1.003069196428571369e-01,-1.023995535714285754e-01,-9.974888392857142461e-02,-1.007254464285714246e-01,-9.988839285714286309e-02,-1.019810267857142877e-01,-1.008649553571428631e-01,-1.001674107142857123e-01,-1.012834821428571369e-01,-1.019810267857142877e-01,-9.877232142857142461e-02,-9.863281250000000000e-02,-9.988839285714286309e-02,-1.004464285714285754e-01,-1.010044642857142877e-01,-1.003069196428571369e-01,-1.007254464285714246e-01,-1.019810267857142877e-01
1.450892857142857192e-02,1.520647321428571404e-02,1.409040178571428596e-02,1.534598214285714211e-02,1.464843750000000000e-02,1.576450892857142808e-02,1.464843750000000000e-02,1.506696428571428596e-02,1.604352678571428423e-02,1.464843750000000000e-02,1.562500000000000000e-02,1.576450892857142808e-02,1.478794642857142808e-02,1.422991071428571404e-02,1.297433035714285789e-02,1.478794642857142808e-02,1.450892857142857192e-02,1.367187500000000000e-02,1.450892857142857192e-02,1.576450892857142808e-02,1.520647321428571404e-02,1.367187500000000000e-02,1.409040178571428596e-02,1.562500000000000000e-02,1.367187500000000000e-02,1.422991071428571404e-02,1.506696428571428596e-02,1.381138392857142808e-02,1.520647321428571404e-02,1.478794642857142808e-02,1.548549107142857192e-02,1.395089285714285789e-02,1.562500000000000000e-02,1.436941964285714211e-02,1.464843750000000000e-02,1.590401785714285615e-02,1.548549107142857192e-02,1.422991071428571404e-02,1.562500000000000000e-02,1.590401785714285615e-02,1.478794642857142808e-02,1.339285714285714211e-02
7.603236607142857539e-02,7.477678571428571230e-02,7.589285714285713691e-02,7.589285714285713691e-02,7.491629464285713691e-02,7.575334821428571230e-02,7.519531250000000000e-02,7.686941964285713691e-02,7.589285714285713691e-02,7.366071428571428770e-02,7.714843750000000000e-02,7.700892857142857539e-02,7.477678571428571230e-02,7.533482142857142461e-02,7.268415178571428770e-02,7.575334821428571230e-02,7.686941964285713691e-02,7.533482142857142461e-02,7.561383928571428770e-02,7.700892857142857539e-02,7.547433035714286309e-02,7.491629464285713691e-02,7.631138392857142461e-02,7.714843750000000000e-02,7.463727678571428770e-02,7.672991071428571230e-02,7.477678571428571230e-02,7.449776785714286309e-02,7.505580357142857539e-02,7.645089285714286309e-02,7.617187500000000000e-02,7.463727678571428770e-02,7.714843750000000000e-02,7.631138392857142461e-02,7.505580357142857539e-02,7.519531250000000000e-02,7.714843750000000000e-02,7.519531250000000000e-02,7.756696428571428770e-02,7.672991071428571230e-02,7.631138392857142461e-02,7.477678571428571230e-02
3.515625000000000000e-02,3.599330357142856845e-02,3.501674107142856845e-02,3.613281250000000000e-02,3.445870535714285615e-02,3.683035714285714385e-02,3.445870535714285615e-02,3.445870535714285615e-02,3.669084821428571230e-02,3.529575892857143155e-02,3.529575892857143155e-02,3.557477678571428770e-02,3.473772321428571230e-02,3.459821428571428770e-02,3.404017857142856845e-02,3.529575892857143155e-02,3.376116071428571230e-02,3.487723214285714385e-02,3.515625000000000000e-02,3.724888392857143155e-02,3.683035714285714385e-02,3.445870535714285615e-02,3.487723214285714385e-02,3.599330357142856845e-02,3.473772321428571230e-02,3.404017857142856845e-02,3.613281250000000000e-02,3.515625000000000000e-02,3.571428571428571230e-02,3.515625000000000000e-02,3.599330357142856845e-02,3.459821428571428770e-02,3.557477678571428770e-02,3.515625000000000000e-02,3.501674107142856845e-02,3.655133928571428770e-02,3.543526785714285615e-02,3.501674107142856845e-02,3.557477678571428770e-02,3.543526785714285615e-02,3.473772321428571230e-02,3.334263392857143155e-02
-5.329241071428571230e-02,-4.994419642857143155e-02,-5.259486607142856845e-02,-5.078125000000000000e-02,-5.259486607142856845e-02,-4.910714285714285615e-02,-5.231584821428571230e-02,-5.385044642857143155e-02,-4.966517857142856845e-02,-5.050223214285714385e-02,-5.147879464285714385e-02,-5.078125000000000000e-02,-5.119977678571428770e-02,-5.231584821428571230e-02,-5.161830357142856845e-02,-5.175781250000000000e-02,-5.385044642857143155e-02,-5.287388392857143155e-02,-5.203683035714285615e-02,-5.036272321428571230e-02,-4.994419642857143155e-02,-5.203683035714285615e-02,-5.189732142857143155e-02,-5.119977678571428770e-02,-5.147879464285714385e-02,-5.287388392857143155e-02,-4.952566964285714385e-02,-5.189732142857143155e-02,-5.050223214285714385e-02,-5.231584821428571230e-02,-5.147879464285714385e-02,-5.189732142857143155e-02,-5.175781250000000000e-02,-5.175781250000000000e-02,-5.119977678571428770e-02,-5.022321428571428770e-02,-5.217633928571428770e-02,-5.203683035714285615e-02,-5.245535714285714385e-02,-5.161830357142856845e-02,-5.245535714285714385e-02,-5.357142857142856845e-02
5.691964285714285615e-02,5.719866071428571230e-02,5.608258928571428770e-02,5.719866071428571230e-02,5.608258928571428770e-02,5.803571428571428770e-02,5.691964285714285615e-02,5.608258928571428770e-02,5.831473214285714385e-02,5.566406250000000000e-02,5.705915178571428770e-02,5.691964285714285615e-02,5.636160714285714385e-02,5.594308035714285615e-02,5.454799107142856845e-02,5.636160714285714385e-02,5.622209821428571230e-02,5.705915178571428770e-02,5.747767857142856845e-02,5.901227678571428770e-02,5.803571428571428770e-02,5.594308035714285615e-02,5.705915178571428770e-02,5.775669642857143155e-02,5.650111607142856845e-02,5.650111607142856845e-02,5.719866071428571230e-02,5.650111607142856845e-02,5.678013392857143155e-02,5.747767857142856845e-02,5.747767857142856845e-02,5.608258928571428770e-02,5.678013392857143155e-02,5.650111607142856845e-02,5.650111607142856845e-02,5.789620535714285615e-02,5.705915178571428770e-02,5.608258928571428770e-02,5.719866071428571230e-02,5.733816964285714385e-02,5.650111607142856845e-02,5.538504464285714385e-02
1.146763392857142877e-01,1.142578125000000000e-01,1.152343750000000000e-01,1.143973214285714246e-01,1.142578125000000000e-01,1.153738839285714246e-01,1.143973214285714246e-01,1.157924107142857123e-01,1.160714285714285754e-01,1.125837053571428631e-01,1.149553571428571369e-01,1.166294642857142877e-01,1.131417410714285754e-01,1.136997767857142877e-01,1.114676339285714246e-01,1.150948660714285754e-01,1.155133928571428631e-01,1.152343750000000000e-01,1.152343750000000000e-01,1.166294642857142877e-01,1.153738839285714246e-01,1.148158482142857123e-01,1.162109375000000000e-01,1.160714285714285754e-01,1.148158482142857123e-01,1.156529017857142877e-01,1.132812500000000000e-01,1.141183035714285754e-01,1.139787946428571369e-01,1.164899553571428631e-01,1.159319196428571369e-01,1.142578125000000000e-01,1.156529017857142877e-01,1.153738839285714246e-01,1.152343750000000000e-01,1.141183035714285754e-01,1.157924107142857123e-01,1.150948660714285754e-01,1.152343750000000000e-01,1.157924107142857123e-01,1.152343750000000000e-01,1.135602678571428631e-01
6.570870535714286309e-02,6.612723214285713691e-02,6.473214285714286309e-02,6.640625000000000000e-02,6.515066964285713691e-02,6.710379464285713691e-02,6.487165178571428770e-02,6.459263392857142461e-02,6.724330357142857539e-02,6.529017857142857539e-02,6.570870535714286309e-02,6.556919642857142461e-02,6.515066964285713691e-02,6.431361607142857539e-02,6.403459821428571230e-02,6.556919642857142461e-02,6.431361607142857539e-02,6.612723214285713691e-02,6.640625000000000000e-02,6.794084821428571230e-02,6.780133928571428770e-02,6.570870535714286309e-02,6.556919642857142461e-02,6.724330357142857539e-02,6.612723214285713691e-02,6.515066964285713691e-02,6.766183035714286309e-02,6.584821428571428770e-02,6.668526785714286309e-02,6.640625000000000000e-02,6.598772321428571230e-02,6.598772321428571230e-02,6.556919642857142461e-02,6.542968750000000000e-02,6.556919642857142461e-02,6.668526785714286309e-02,6.584821428571428770e-02,6.542968750000000000e-02,6.529017857142857539e-02,6.640625000000000000e-02,6.529017857142857539e-02,6.361607142857142461e-02
-6.068638392857143155e-02,-5.733816964285714385e-02,-5.901227678571428770e-02,-5.775669642857143155e-02,-5.915178571428571230e-02,-5.552455357142856845e-02,-5.929129464285714385e-02,-5.901227678571428770e-02,-5.678013392857143155e-02,-5.622209821428571230e-02,-5.817522321428571230e-02,-5.761718750000000000e-02,-5.845424107142856845e-02,-5.873325892857143155e-02,-5.817522321428571230e-02,-5.789620535714285615e-02,-6.040736607142856845e-02,-5.943080357142856845e-02,-5.845424107142856845e-02,-5.622209821428571230e-02,-5.664062500000000000e-02,-5.845424107142856845e-02,-5.901227678571428770e-02,-5.789620535714285615e-02,-5.775669642857143155e-02,-5.998883928571428770e-02,-5.705915178571428770e-02,-5.845424107142856845e-02,-5.664062500000000000e-02,-5.845424107142856845e-02,-5.859375000000000000e-02,-5.789620535714285615e-02,-5.817522321428571230e-02,-5.831473214285714385e-02,-5.775669642857143155e-02,-5.622209821428571230e-02,-5.831473214285714385e-02,-5.817522321428571230e-02,-5.887276785714285615e-02,-5.789620535714285615e-02,-5.915178571428571230e-02,-5.957031250000000000e-02
4.659598214285714385e-02,4.813058035714285615e-02,4.687500000000000000e-02,4.799107142857143155e-02,4.659598214285714385e-02,4.813058035714285615e-02,4.659598214285714385e-02,4.659598214285714385e-02,4.813058035714285615e-02,4.575892857142856845e-02,4.771205357142856845e-02,4.785156250000000000e-02,4.631696428571428770e-02,4.603794642857143155e-02,4.464285714285714385e-02,4.715401785714285615e-02,4.631696428571428770e-02,4.757254464285714385e-02,4.659598214285714385e-02,4.924665178571428770e-02,4.785156250000000000e-02,4.659598214285714385e-02,4.743303571428571230e-02,4.785156250000000000e-02,4.687500000000000000e-02,4.729352678571428770e-02,4.715401785714285615e-02,4.687500000000000000e-02,4.729352678571428770e-02,4.771205357142856845e-02,4.757254464285714385e-02,4.659598214285714385e-02,4.743303571428571230e-02,4.701450892857143155e-02,4.701450892857143155e-02,4.785156250000000000e-02,4.729352678571428770e-02,4.645647321428571230e-02,4.799107142857143155e-02,4.701450892857143155e-02,4.743303571428571230e-02,4.561941964285714385e-02
1.039341517857142877e-01,1.032366071428571369e-01,1.037946428571428631e-01,1.042131696428571369e-01,1.035156250000000000e-01,1.043526785714285754e-01,1.043526785714285754e-01,1.049107142857142877e-01,1.050502232142857123e-01,1.015625000000000000e-01,1.037946428571428631e-01,1.049107142857142877e-01,1.022600446428571369e-01,1.030970982142857123e-01,1.005859375000000000e-01,1.032366071428571369e-01,1.054687500000000000e-01,1.044921875000000000e-01,1.037946428571428631e-01,1.050502232142857123e-01,1.044921875000000000e-01,1.026785714285714246e-01,1.042131696428571369e-01,1.051897321428571369e-01,1.026785714285714246e-01,1.049107142857142877e-01,1.029575892857142877e-01,1.030970982142857123e-01,1.035156250000000000e-01,1.053292410714285754e-01,1.056082589285714246e-01,1.032366071428571369e-01,1.046316964285714246e-01,1.039341517857142877e-01,1.040736607142857123e-01,1.035156250000000000e-01,1.044921875000000000e-01,1.028180803571428631e-01,1.053292410714285754e-01,1.047712053571428631e-01,1.039341517857142877e-01,1.029575892857142877e-01
5.622209821428571230e-02,5.789620535714285615e-02,5.594308035714285615e-02,5.775669642857143155e-02,5.678013392857143155e-02,5.831473214285714385e-02,5.594308035714285615e-02,5.566406250000000000e-02,5.845424107142856845e-02,5.608258928571428770e-02,5.705915178571428770e-02,5.650111607142856845e-02,5.608258928571428770e-02,5.552455357142856845e-02,5.524553571428571230e-02,5.594308035714285615e-02,5.538504464285714385e-02,5.747767857142856845e-02,5.678013392857143155e-02,5.984933035714285615e-02,5.859375000000000000e-02,5.678013392857143155e-02,5.747767857142856845e-02,5.817522321428571230e-02,5.761718750000000000e-02,5.719866071428571230e-02,5.817522321428571230e-02,5.719866071428571230e-02,5.831473214285714385e-02,5.747767857142856845e-02,5.733816964285714385e-02,5.678013392857143155e-02,5.705915178571428770e-02,5.664062500000000000e-02,5.622209821428571230e-02,5.789620535714285615e-02,5.691964285714285615e-02,5.636160714285714385e-02,5.747767857142856845e-02,5.705915178571428770e-02,5.622209821428571230e-02,5.496651785714285615e-02
-3.013392857142857192e-02,-2.706473214285714385e-02,-2.859933035714285615e-02,-2.818080357142857192e-02,-2.873883928571428423e-02,-2.580915178571428423e-02,-2.887834821428571577e-02,-2.915736607142857192e-02,-2.706473214285714385e-02,-2.776227678571428423e-02,-2.845982142857142808e-02,-2.859933035714285615e-02,-2.832031250000000000e-02,-2.901785714285714385e-02,-2.873883928571428423e-02,-2.901785714285714385e-02,-3.027343750000000000e-02,-2.748325892857142808e-02,-2.845982142857142808e-02,-2.553013392857142808e-02,-2.678571428571428423e-02,-2.832031250000000000e-02,-2.971540178571428423e-02,-2.720424107142857192e-02,-2.873883928571428423e-02,-2.971540178571428423e-02,-2.650669642857142808e-02,-2.790178571428571577e-02,-2.594866071428571577e-02,-2.859933035714285615e-02,-2.832031250000000000e-02,-2.804129464285714385e-02,-2.887834821428571577e-02,-2.790178571428571577e-02,-2.832031250000000000e-02,-2.720424107142857192e-02,-2.887834821428571577e-02,-2.818080357142857192e-02,-2.901785714285714385e-02,-2.790178571428571577e-02,-2.943638392857142808e-02,-3.138950892857143155e-02
7.659040178571428770e-02,7.631138392857142461e-02,7.561383928571428770e-02,7.631138392857142461e-02,7.519531250000000000e-02,7.686941964285713691e-02,7.561383928571428770e-02,7.519531250000000000e-02,7.686941964285713691e-02,7.463727678571428770e-02,7.645089285714286309e-02,7.631138392857142461e-02,7.491629464285713691e-02,7.477678571428571230e-02,7.366071428571428770e-02,7.533482142857142461e-02,7.561383928571428770e-02,7.686941964285713691e-02,7.631138392857142461e-02,7.798549107142857539e-02,7.686941964285713691e-02,7.617187500000000000e-02,7.617187500000000000e-02,7.617187500000000000e-02,7.589285714285713691e-02,7.659040178571428770e-02,7.589285714285713691e-02,7.589285714285713691e-02,7.589285714285713691e-02,7.645089285714286309e-02,7.645089285714286309e-02,7.519531250000000000e-02,7.631138392857142461e-02,7.561383928571428770e-02,7.575334821428571230e-02,7.617187500000000000e-02,7.603236607142857539e-02,7.603236607142857539e-02,7.645089285714286309e-02,7.617187500000000000e-02,7.505580357142857539e-02,7.421875000000000000e-02
1.311383928571428492e-01,1.300223214285714246e-01,1.297433035714285754e-01,1.305803571428571508e-01,1.300223214285714246e-01,1.315569196428571508e-01,1.308593750000000000e-01,1.316964285714285754e-01,1.312779017857142738e-01,1.277901785714285754e-01,1.308593750000000000e-01,1.314174107142857262e-01,1.293247767857142738e-01,1.301618303571428492e-01,1.279296875000000000e-01,1.297433035714285754e-01,1.315569196428571508e-01,1.319754464285714246e-01,1.311383928571428492e-01,1.322544642857142738e-01,1.322544642857142738e-01,1.301618303571428492e-01,1.308593750000000000e-01,1.318359375000000000e-01,1.304408482142857262e-01,1.316964285714285754e-01,1.296037946428571508e-01,1.297433035714285754e-01,1.298828125000000000e-01,1.314174107142857262e-01,1.325334821428571508e-01,1.294642857142857262e-01,1.323939732142857262e-01,1.304408482142857262e-01,1.309988839285714246e-01,1.300223214285714246e-01,1.312779017857142738e-01,1.303013392857142738e-01,1.322544642857142738e-01,1.315569196428571508e-01,1.305803571428571508e-01,1.300223214285714246e-01
7.784598214285713691e-02,7.812500000000000000e-02,7.700892857142857539e-02,7.826450892857142461e-02,7.714843750000000000e-02,7.924107142857142461e-02,7.728794642857142461e-02,7.672991071428571230e-02,7.854352678571428770e-02,7.686941964285713691e-02,7.728794642857142461e-02,7.756696428571428770e-02,7.645089285714286309e-02,7.672991071428571230e-02,7.617187500000000000e-02,7.659040178571428770e-02,7.672991071428571230e-02,7.910156250000000000e-02,7.840401785714286309e-02,8.091517857142857539e-02,7.952008928571428770e-02,7.826450892857142461e-02,7.784598214285713691e-02,7.924107142857142461e-02,7.840401785714286309e-02,7.784598214285713691e-02,7.882254464285713691e-02,7.770647321428571230e-02,7.882254464285713691e-02,7.826450892857142461e-02,7.840401785714286309e-02,7.770647321428571230e-02,7.756696428571428770e-02,7.770647321428571230e-02,7.714843750000000000e-02,7.854352678571428770e-02,7.742745535714286309e-02,7.728794642857142461e-02,7.812500000000000000e-02,7.728794642857142461e-02,7.700892857142857539e-02,7.561383928571428770e-02
-2.971540178571428423e-02,-2.818080357142857192e-02,-2.887834821428571577e-02,-2.790178571428571577e-02,-2.887834821428571577e-02,-2.553013392857142808e-02,-2.887834821428571577e-02,-2.971540178571428423e-02,-2.706473214285714385e-02,-2.692522321428571577e-02,-2.790178571428571577e-02,-2.929687500000000000e-02,-2.859933035714285615e-02,-2.901785714285714385e-02,-2.832031250000000000e-02,-2.859933035714285615e-02,-3.041294642857142808e-02,-2.832031250000000000e-02,-2.929687500000000000e-02,-2.622767857142857192e-02,-2.664620535714285615e-02,-2.790178571428571577e-02,-2.971540178571428423e-02,-2.776227678571428423e-02,-2.873883928571428423e-02,-2.999441964285714385e-02,-2.720424107142857192e-02,-2.748325892857142808e-02,-2.608816964285714385e-02,-2.943638392857142808e-02,-2.818080357142857192e-02,-2.845982142857142808e-02,-2.943638392857142808e-02,-2.845982142857142808e-02,-2.859933035714285615e-02,-2.650669642857142808e-02,-2.887834821428571577e-02,-2.887834821428571577e-02,-2.901785714285714385e-02,-2.818080357142857192e-02,-2.804129464285714385e-02,-3.152901785714285615e-02
7.226562500000000000e-02,7.226562500000000000e-02,7.198660714285713691e-02,7.226562500000000000e-02,7.156808035714286309e-02,7.352120535714286309e-02,7.198660714285713691e-02,7.212611607142857539e-02,7.407924107142857539e-02,7.114955357142857539e-02,7.254464285714286309e-02,7.310267857142857539e-02,7.156808035714286309e-02,7.170758928571428770e-02,7.031250000000000000e-02,7.156808035714286309e-02,7.170758928571428770e-02,7.310267857142857539e-02,7.254464285714286309e-02,7.491629464285713691e-02,7.338169642857142461e-02,7.198660714285713691e-02,7.254464285714286309e-02,7.338169642857142461e-02,7.240513392857142461e-02,7.254464285714286309e-02,7.282366071428571230e-02,7.268415178571428770e-02,7.296316964285713691e-02,7.324218750000000000e-02,7.324218750000000000e-02,7.268415178571428770e-02,7.338169642857142461e-02,7.156808035714286309e-02,7.226562500000000000e-02,7.296316964285713691e-02,7.226562500000000000e-02,7.198660714285713691e-02,7.310267857142857539e-02,7.254464285714286309e-02,7.198660714285713691e-02,7.101004464285713691e-02
1.262555803571428492e-01,1.252790178571428492e-01,1.251395089285714246e-01,1.255580357142857262e-01,1.245814732142857123e-01,1.259765625000000000e-01,1.248604910714285754e-01,1.254185267857142738e-01,1.262555803571428492e-01,1.229073660714285754e-01,1.262555803571428492e-01,1.270926339285714246e-01,1.240234375000000000e-01,1.244419642857142877e-01,1.224888392857142877e-01,1.247209821428571369e-01,1.268136160714285754e-01,1.263950892857142738e-01,1.269531250000000000e-01,1.276506696428571508e-01,1.263950892857142738e-01,1.248604910714285754e-01,1.266741071428571508e-01,1.270926339285714246e-01,1.258370535714285754e-01,1.275111607142857262e-01,1.245814732142857123e-01,1.250000000000000000e-01,1.240234375000000000e-01,1.263950892857142738e-01,1.269531250000000000e-01,1.248604910714285754e-01,1.270926339285714246e-01,1.248604910714285754e-01,1.255580357142857262e-01,1.259765625000000000e-01,1.256975446428571508e-01,1.259765625000000000e-01,1.266741071428571508e-01,1.262555803571428492e-01,1.250000000000000000e-01,1.252790178571428492e-01
7.184709821428571230e-02,7.310267857142857539e-02,7.282366071428571230e-02,7.310267857142857539e-02,7.212611607142857539e-02,7.352120535714286309e-02,7.170758928571428770e-02,7.212611607142857539e-02,7.352120535714286309e-02,7.254464285714286309e-02,7.212611607142857539e-02,7.268415178571428770e-02,7.156808035714286309e-02,7.142857142857142461e-02,7.142857142857142461e-02,7.184709821428571230e-02,7.128906250000000000e-02,7.407924107142857539e-02,7.310267857142857539e-02,7.561383928571428770e-02,7.491629464285713691e-02,7.282366071428571230e-02,7.338169642857142461e-02,7.449776785714286309e-02,7.296316964285713691e-02,7.212611607142857539e-02,7.449776785714286309e-02,7.268415178571428770e-02,7.477678571428571230e-02,7.324218750000000000e-02,7.380022321428571230e-02,7.268415178571428770e-02,7.268415178571428770e-02,7.310267857142857539e-02,7.184709821428571230e-02,7.366071428571428770e-02,7.240513392857142461e-02,7.296316964285713691e-02,7.310267857142857539e-02,7.282366071428571230e-02,7.184709821428571230e-02,7.031250000000000000e-02
-7.533482142857142981e-03,-6.138392857142857019e-03,-7.114955357142857019e-03,-5.859375000000000000e-03,-7.393973214285714038e-03,-4.464285714285714038e-03,-7.952008928571428076e-03,-7.812500000000000000e-03,-5.301339285714285962e-03,-5.301339285714285962e-03,-6.138392857142857019e-03,-7.114955357142857019e-03,-6.277901785714285962e-03,-7.254464285714285962e-03,-6.277901785714285962e-03,-7.254464285714285962e-03,-8.510044642857142114e-03,-6.417410714285714038e-03,-7.533482142857142981e-03,-3.348214285714285528e-03,-4.882812500000000000e-03,-5.719866071428571057e-03,-7.254464285714285962e-03,-5.859375000000000000e-03,-6.975446428571428943e-03,-7.393973214285714038e-03,-4.464285714285714038e-03,-5.580357142857142981e-03,-4.324776785714285962e-03,-6.696428571428571057e-03,-6.975446428571428943e-03,-6.277901785714285962e-03,-7.533482142857142981e-03,-6.138392857142857019e-03,-6.417410714285714038e-03,-4.882812500000000000e-03,-6.835937500000000000e-03,-6.696428571428571057e-03,-7.533482142857142981e-03,-6.556919642857142981e-03,-7.114955357142857019e-03,-9.626116071428571924e-03
9.458705357142857539e-02,9.430803571428571230e-02,9.375000000000000000e-02,9.430803571428571230e-02,9.347098214285713691e-02,9.500558035714286309e-02,9.375000000000000000e-02,9.347098214285713691e-02,9.472656250000000000e-02,9.361049107142857539e-02,9.416852678571428770e-02,9.430803571428571230e-02,9.291294642857142461e-02,9.361049107142857539e-02,9.221540178571428770e-02,9.291294642857142461e-02,9.333147321428571230e-02,9.514508928571428770e-02,9.416852678571428770e-02,9.626116071428571230e-02,9.584263392857142461e-02,9.375000000000000000e-02,9.528459821428571230e-02,9.528459821428571230e-02,9.430803571428571230e-02,9.458705357142857539e-02,9.472656250000000000e-02,9.402901785714286309e-02,9.472656250000000000e-02,9.458705357142857539e-02,9.472656250000000000e-02,9.402901785714286309e-02,9.500558035714286309e-02,9.388950892857142461e-02,9.402901785714286309e-02,9.444754464285713691e-02,9.458705357142857539e-02,9.375000000000000000e-02,9.500558035714286309e-02,9.444754464285713691e-02,9.319196428571428770e-02,9.221540178571428770e-02
1.467633928571428492e-01,1.459263392857142738e-01,1.445312500000000000e-01,1.453683035714285754e-01,1.446707589285714246e-01,1.459263392857142738e-01,1.448102678571428492e-01,1.450892857142857262e-01,1.467633928571428492e-01,1.422991071428571508e-01,1.457868303571428492e-01,1.463448660714285754e-01,1.439732142857142738e-01,1.446707589285714246e-01,1.420200892857142738e-01,1.446707589285714246e-01,1.457868303571428492e-01,1.470424107142857262e-01,1.464843750000000000e-01,1.470424107142857262e-01,1.466238839285714246e-01,1.450892857142857262e-01,1.466238839285714246e-01,1.470424107142857262e-01,1.462053571428571508e-01,1.473214285714285754e-01,1.455078125000000000e-01,1.439732142857142738e-01,1.427176339285714246e-01,1.470424107142857262e-01,1.462053571428571508e-01,1.446707589285714246e-01,1.476004464285714246e-01,1.446707589285714246e-01,1.462053571428571508e-01,1.452287946428571508e-01,1.457868303571428492e-01,1.452287946428571508e-01,1.470424107142857262e-01,1.459263392857142738e-01,1.449497767857142738e-01,1.442522321428571508e-01
8.789062500000000000e-02,8.830915178571428770e-02,8.789062500000000000e-02,8.844866071428571230e-02,8.747209821428571230e-02,8.928571428571428770e-02,8.789062500000000000e-02,8.691406250000000000e-02,8.900669642857142461e-02,8.789062500000000000e-02,8.733258928571428770e-02,8.747209821428571230e-02,8.719308035714286309e-02,8.677455357142857539e-02,8.663504464285713691e-02,8.705357142857142461e-02,8.663504464285713691e-02,8.914620535714286309e-02,8.816964285714286309e-02,9.082031250000000000e-02,8.998325892857142461e-02,8.830915178571428770e-02,8.816964285714286309e-02,8.900669642857142461e-02,8.844866071428571230e-02,8.761160714285713691e-02,8.942522321428571230e-02,8.816964285714286309e-02,8.984375000000000000e-02,8.900669642857142461e-02,8.858816964285713691e-02,8.803013392857142461e-02,8.830915178571428770e-02,8.816964285714286309e-02,8.803013392857142461e-02,8.900669642857142461e-02,8.858816964285713691e-02,8.803013392857142461e-02,8.830915178571428770e-02,8.872767857142857539e-02,8.761160714285713691e-02,8.593750000000000000e-02
-1.534598214285714255e-03,-4.185267857142856911e-04,-9.765625000000000000e-04,5.580357142857142547e-04,-1.116071428571428509e-03,1.674107142857142764e-03,-1.813616071428571491e-03,-1.674107142857142764e-03,1.395089285714285637e-04,2.790178571428571274e-04,-2.790178571428571274e-04,-1.674107142857142764e-03,-8.370535714285713821e-04,-1.674107142857142764e-03,-1.255580357142857236e-03,-1.395089285714285637e-04,-2.371651785714285528e-03,0.000000000000000000e+00,-1.534598214285714255e-03,2.092633928571428509e-03,1.116071428571428509e-03,1.395089285714285637e-04,-1.255580357142857236e-03,1.395089285714285637e-04,-5.580357142857142547e-04,-1.395089285714285745e-03,1.674107142857142764e-03,2.790178571428571274e-04,1.255580357142857236e-03,-8.370535714285713821e-04,-5.580357142857142547e-04,-6.975446428571428726e-04,-1.395089285714285745e-03,-2.790178571428571274e-04,1.395089285714285637e-04,0.000000000000000000e+00,-1.255580357142857236e-03,-9.765625000000000000e-04,-1.813616071428571491e-03,-1.116071428571428509e-03,-1.395089285714285745e-03,-3.208705357142857019e-03
9.737723214285713691e-02,9.723772321428571230e-02,9.626116071428571230e-02,9.654017857142857539e-02,9.709821428571428770e-02,9.807477678571428770e-02,9.640066964285713691e-02,9.612165178571428770e-02,9.681919642857142461e-02,9.556361607142857539e-02,9.640066964285713691e-02,9.723772321428571230e-02,9.542410714285713691e-02,9.542410714285713691e-02,9.514508928571428770e-02,9.556361607142857539e-02,9.556361607142857539e-02,9.751674107142857539e-02,9.667968750000000000e-02,9.877232142857142461e-02,9.807477678571428770e-02,9.626116071428571230e-02,9.737723214285713691e-02,9.821428571428571230e-02,9.695870535714286309e-02,9.723772321428571230e-02,9.765625000000000000e-02,9.640066964285713691e-02,9.654017857142857539e-02,9.751674107142857539e-02,9.709821428571428770e-02,9.598214285714286309e-02,9.695870535714286309e-02,9.654017857142857539e-02,9.681919642857142461e-02,9.709821428571428770e-02,9.681919642857142461e-02,9.612165178571428770e-02,9.681919642857142461e-02,9.751674107142857539e-02,9.626116071428571230e-02,9.514508928571428770e-02
1.512276785714285754e-01,1.501116071428571508e-01,1.487165178571428492e-01,1.498325892857142738e-01,1.488560267857142738e-01,1.501116071428571508e-01,1.496930803571428492e-01,1.498325892857142738e-01,1.503906250000000000e-01,1.469029017857142738e-01,1.508091517857142738e-01,1.513671875000000000e-01,1.484375000000000000e-01,1.494140625000000000e-01,1.469029017857142738e-01,1.491350446428571508e-01,1.501116071428571508e-01,1.515066964285714246e-01,1.509486607142857262e-01,1.512276785714285754e-01,1.510881696428571508e-01,1.488560267857142738e-01,1.502511160714285754e-01,1.516462053571428492e-01,1.494140625000000000e-01,1.516462053571428492e-01,1.494140625000000000e-01,1.485770089285714246e-01,1.477399553571428492e-01,1.520647321428571508e-01,1.510881696428571508e-01,1.492745535714285754e-01,1.520647321428571508e-01,1.491350446428571508e-01,1.498325892857142738e-01,1.495535714285714246e-01,1.503906250000000000e-01,1.498325892857142738e-01,1.508091517857142738e-01,1.501116071428571508e-01,1.498325892857142738e-01,1.489955357142857262e-01
9.095982142857142461e-02,9.137834821428571230e-02,9.137834821428571230e-02,9.207589285714286309e-02,9.109933035714286309e-02,9.263392857142857539e-02,9.082031250000000000e-02,9.012276785714286309e-02,9.207589285714286309e-02,9.082031250000000000e-02,9.137834821428571230e-02,9.095982142857142461e-02,9.040178571428571230e-02,8.998325892857142461e-02,8.970424107142857539e-02,9.012276785714286309e-02,8.942522321428571230e-02,9.347098214285713691e-02,9.109933035714286309e-02,9.402901785714286309e-02,9.333147321428571230e-02,9.165736607142857539e-02,9.165736607142857539e-02,9.235491071428571230e-02,9.165736607142857539e-02,9.123883928571428770e-02,9.263392857142857539e-02,9.207589285714286309e-02,9.263392857142857539e-02,9.151785714285713691e-02,9.207589285714286309e-02,9.151785714285713691e-02,9.165736607142857539e-02,9.137834821428571230e-02,9.082031250000000000e-02,9.207589285714286309e-02,9.082031250000000000e-02,9.137834821428571230e-02,9.109933035714286309e-02,9.179687500000000000e-02,9.095982142857142461e-02,8.914620535714286309e-02
-1.660156250000000000e-02,-1.660156250000000000e-02,-1.618303571428571577e-02,-1.492745535714285789e-02,-1.646205357142857192e-02,-1.464843750000000000e-02,-1.646205357142857192e-02,-1.674107142857142808e-02,-1.548549107142857192e-02,-1.506696428571428596e-02,-1.562500000000000000e-02,-1.674107142857142808e-02,-1.757812500000000000e-02,-1.715959821428571577e-02,-1.646205357142857192e-02,-1.674107142857142808e-02,-1.883370535714285615e-02,-1.674107142857142808e-02,-1.715959821428571577e-02,-1.464843750000000000e-02,-1.436941964285714211e-02,-1.548549107142857192e-02,-1.702008928571428423e-02,-1.590401785714285615e-02,-1.702008928571428423e-02,-1.729910714285714385e-02,-1.450892857142857192e-02,-1.548549107142857192e-02,-1.478794642857142808e-02,-1.660156250000000000e-02,-1.618303571428571577e-02,-1.618303571428571577e-02,-1.715959821428571577e-02,-1.632254464285714385e-02,-1.590401785714285615e-02,-1.618303571428571577e-02,-1.688058035714285615e-02,-1.632254464285714385e-02,-1.715959821428571577e-02,-1.618303571428571577e-02,-1.646205357142857192e-02,-1.897321428571428423e-02
8.272879464285713691e-02,8.189174107142857539e-02,8.133370535714286309e-02,8.300781250000000000e-02,8.147321428571428770e-02,8.300781250000000000e-02,8.203125000000000000e-02,8.189174107142857539e-02,8.231026785714286309e-02,8.105468750000000000e-02,8.231026785714286309e-02,8.217075892857142461e-02,8.105468750000000000e-02,8.091517857142857539e-02,8.049665178571428770e-02,8.161272321428571230e-02,8.119419642857142461e-02,8.258928571428571230e-02,8.272879464285713691e-02,8.356584821428571230e-02,8.300781250000000000e-02,8.217075892857142461e-02,8.258928571428571230e-02,8.356584821428571230e-02,8.203125000000000000e-02,8.258928571428571230e-02,8.314732142857142461e-02,8.161272321428571230e-02,8.244977678571428770e-02,8.272879464285713691e-02,8.272879464285713691e-02,8.203125000000000000e-02,8.286830357142857539e-02,8.217075892857142461e-02,8.203125000000000000e-02,8.231026785714286309e-02,8.231026785714286309e-02,8.231026785714286309e-02,8.203125000000000000e-02,8.217075892857142461e-02,8.175223214285713691e-02,8.077566964285713691e-02
1.347656250000000000e-01,1.353236607142857262e-01,1.333705357142857262e-01,1.333705357142857262e-01,1.339285714285714246e-01,1.343470982142857262e-01,1.340680803571428492e-01,1.353236607142857262e-01,1.349051339285714246e-01,1.323939732142857262e-01,1.354631696428571508e-01,1.360212053571428492e-01,1.340680803571428492e-01,1.343470982142857262e-01,1.329520089285714246e-01,1.349051339285714246e-01,1.353236607142857262e-01,1.350446428571428492e-01,1.364397321428571508e-01,1.361607142857142738e-01,1.354631696428571508e-01,1.343470982142857262e-01,1.357421875000000000e-01,1.358816964285714246e-01,1.346261160714285754e-01,1.365792410714285754e-01,1.349051339285714246e-01,1.335100446428571508e-01,1.336495535714285754e-01,1.369977678571428492e-01,1.354631696428571508e-01,1.340680803571428492e-01,1.368582589285714246e-01,1.340680803571428492e-01,1.339285714285714246e-01,1.339285714285714246e-01,1.350446428571428492e-01,1.350446428571428492e-01,1.358816964285714246e-01,1.356026785714285754e-01,1.342075892857142738e-01,1.343470982142857262e-01
7.882254464285713691e-02,7.896205357142857539e-02,7.840401785714286309e-02,7.924107142857142461e-02,7.854352678571428770e-02,7.965959821428571230e-02,7.840401785714286309e-02,7.840401785714286309e-02,7.896205357142857539e-02,7.854352678571428770e-02,7.910156250000000000e-02,7.826450892857142461e-02,7.714843750000000000e-02,7.728794642857142461e-02,7.686941964285713691e-02,7.798549107142857539e-02,7.686941964285713691e-02,7.952008928571428770e-02,7.840401785714286309e-02,8.119419642857142461e-02,7.979910714285713691e-02,7.965959821428571230e-02,7.965959821428571230e-02,7.993861607142857539e-02,7.896205357142857539e-02,7.812500000000000000e-02,8.007812500000000000e-02,7.924107142857142461e-02,7.965959821428571230e-02,7.910156250000000000e-02,7.938058035714286309e-02,7.784598214285713691e-02,7.826450892857142461e-02,7.854352678571428770e-02,7.840401785714286309e-02,7.952008928571428770e-02,7.854352678571428770e-02,7.840401785714286309e-02,7.882254464285713691e-02,7.826450892857142461e-02,7.826450892857142461e-02,7.645089285714286309e-02
-4.603794642857142981e-03,-4.324776785714285962e-03,-3.487723214285714472e-03,-2.232142857142857019e-03,-4.324776785714285962e-03,-1.534598214285714255e-03,-4.464285714285714038e-03,-4.464285714285714038e-03,-3.627232142857142981e-03,-2.929687500000000000e-03,-4.324776785714285962e-03,-4.324776785714285962e-03,-4.882812500000000000e-03,-4.882812500000000000e-03,-4.045758928571428943e-03,-4.185267857142857019e-03,-6.277901785714285962e-03,-4.464285714285714038e-03,-5.301339285714285962e-03,-1.813616071428571491e-03,-2.371651785714285528e-03,-3.208705357142857019e-03,-4.324776785714285962e-03,-3.069196428571428509e-03,-3.906250000000000000e-03,-5.719866071428571057e-03,-2.790178571428571491e-03,-3.069196428571428509e-03,-2.092633928571428509e-03,-4.464285714285714038e-03,-2.790178571428571491e-03,-4.045758928571428943e-03,-5.301339285714285962e-03,-4.045758928571428943e-03,-4.045758928571428943e-03,-2.929687500000000000e-03,-4.324776785714285962e-03,-4.464285714285714038e-03,-4.045758928571428943e-03,-3.627232142857142981e-03,-4.882812500000000000e-03,-5.998883928571428943e-03
9.640066964285713691e-02,9.570312500000000000e-02,9.500558035714286309e-02,9.598214285714286309e-02,9.514508928571428770e-02,9.640066964285713691e-02,9.514508928571428770e-02,9.458705357142857539e-02,9.528459821428571230e-02,9.430803571428571230e-02,9.570312500000000000e-02,9.528459821428571230e-02,9.556361607142857539e-02,9.458705357142857539e-02,9.333147321428571230e-02,9.486607142857142461e-02,9.486607142857142461e-02,9.612165178571428770e-02,9.598214285714286309e-02,9.737723214285713691e-02,9.723772321428571230e-02,9.584263392857142461e-02,9.542410714285713691e-02,9.654017857142857539e-02,9.556361607142857539e-02,9.626116071428571230e-02,9.612165178571428770e-02,9.486607142857142461e-02,9.584263392857142461e-02,9.640066964285713691e-02,9.598214285714286309e-02,9.472656250000000000e-02,9.584263392857142461e-02,9.542410714285713691e-02,9.528459821428571230e-02,9.528459821428571230e-02,9.556361607142857539e-02,9.542410714285713691e-02,9.542410714285713691e-02,9.556361607142857539e-02,9.542410714285713691e-02,9.388950892857142461e-02
1.471819196428571508e-01,1.473214285714285754e-01,1.453683035714285754e-01,1.455078125000000000e-01,1.460658482142857262e-01,1.469029017857142738e-01,1.466238839285714246e-01,1.469029017857142738e-01,1.471819196428571508e-01,1.446707589285714246e-01,1.478794642857142738e-01,1.477399553571428492e-01,1.463448660714285754e-01,1.467633928571428492e-01,1.445312500000000000e-01,1.470424107142857262e-01,1.469029017857142738e-01,1.473214285714285754e-01,1.487165178571428492e-01,1.485770089285714246e-01,1.473214285714285754e-01,1.466238839285714246e-01,1.477399553571428492e-01,1.484375000000000000e-01,1.467633928571428492e-01,1.492745535714285754e-01,1.469029017857142738e-01,1.456473214285714246e-01,1.453683035714285754e-01,1.485770089285714246e-01,1.469029017857142738e-01,1.462053571428571508e-01,1.492745535714285754e-01,1.464843750000000000e-01,1.467633928571428492e-01,1.459263392857142738e-01,1.474609375000000000e-01,1.463448660714285754e-01,1.473214285714285754e-01,1.480189732142857262e-01,1.469029017857142738e-01,1.456473214285714246e-01
8.844866071428571230e-02,8.816964285714286309e-02,8.733258928571428770e-02,8.914620535714286309e-02,8.761160714285713691e-02,8.928571428571428770e-02,8.789062500000000000e-02,8.705357142857142461e-02,8.844866071428571230e-02,8.761160714285713691e-02,8.844866071428571230e-02,8.677455357142857539e-02,8.719308035714286309e-02,8.649553571428571230e-02,8.677455357142857539e-02,8.705357142857142461e-02,8.565848214285713691e-02,8.886718750000000000e-02,8.816964285714286309e-02,9.082031250000000000e-02,8.914620535714286309e-02,8.844866071428571230e-02,8.775111607142857539e-02,8.900669642857142461e-02,8.830915178571428770e-02,8.789062500000000000e-02,8.970424107142857539e-02,8.844866071428571230e-02,8.956473214285713691e-02,8.816964285714286309e-02,8.886718750000000000e-02,8.705357142857142461e-02,8.803013392857142461e-02,8.789062500000000000e-02,8.830915178571428770e-02,8.844866071428571230e-02,8.803013392857142461e-02,8.761160714285713691e-02,8.872767857142857539e-02,8.789062500000000000e-02,8.719308035714286309e-02,8.635602678571428770e-02
-1.785714285714285615e-02,-1.715959821428571577e-02,-1.674107142857142808e-02,-1.590401785714285615e-02,-1.729910714285714385e-02,-1.492745535714285789e-02,-1.702008928571428423e-02,-1.702008928571428423e-02,-1.590401785714285615e-02,-1.562500000000000000e-02,-1.646205357142857192e-02,-1.702008928571428423e-02,-1.702008928571428423e-02,-1.674107142857142808e-02,-1.632254464285714385e-02,-1.688058035714285615e-02,-1.743861607142857192e-02,-1.771763392857142808e-02,-1.827566964285714385e-02,-1.576450892857142808e-02,-1.632254464285714385e-02,-1.729910714285714385e-02,-1.757812500000000000e-02,-1.646205357142857192e-02,-1.757812500000000000e-02,-1.799665178571428423e-02,-1.590401785714285615e-02,-1.715959821428571577e-02,-1.534598214285714211e-02,-1.646205357142857192e-02,-1.604352678571428423e-02,-1.715959821428571577e-02,-1.813616071428571577e-02,-1.674107142857142808e-02,-1.674107142857142808e-02,-1.604352678571428423e-02,-1.702008928571428423e-02,-1.646205357142857192e-02,-1.604352678571428423e-02,-1.548549107142857192e-02,-1.674107142857142808e-02,-1.855468750000000000e-02
2.232142857142857192e-02,2.329799107142857192e-02,2.204241071428571577e-02,2.301897321428571577e-02,2.204241071428571577e-02,2.399553571428571577e-02,2.287946428571428423e-02,2.287946428571428423e-02,2.315848214285714385e-02,2.246093750000000000e-02,2.427455357142857192e-02,2.301897321428571577e-02,2.204241071428571577e-02,2.232142857142857192e-02,2.218191964285714385e-02,2.315848214285714385e-02,2.343750000000000000e-02,2.190290178571428423e-02,2.134486607142857192e-02,2.399553571428571577e-02,2.218191964285714385e-02,2.162388392857142808e-02,2.176339285714285615e-02,2.260044642857142808e-02,2.134486607142857192e-02,2.273995535714285615e-02,2.260044642857142808e-02,2.092633928571428423e-02,2.218191964285714385e-02,2.287946428571428423e-02,2.301897321428571577e-02,2.148437500000000000e-02,2.329799107142857192e-02,2.218191964285714385e-02,2.246093750000000000e-02,2.260044642857142808e-02,2.301897321428571577e-02,2.273995535714285615e-02,2.329799107142857192e-02,2.329799107142857192e-02,2.232142857142857192e-02,2.120535714285714385e-02
7.031250000000000000e-02,7.156808035714286309e-02,6.961495535714286309e-02,6.933593750000000000e-02,6.989397321428571230e-02,7.198660714285713691e-02,7.101004464285713691e-02,7.101004464285713691e-02,7.170758928571428770e-02,6.961495535714286309e-02,7.156808035714286309e-02,7.170758928571428770e-02,7.128906250000000000e-02,7.156808035714286309e-02,6.849888392857142461e-02,7.184709821428571230e-02,7.268415178571428770e-02,7.045200892857142461e-02,7.031250000000000000e-02,7.073102678571428770e-02,6.989397321428571230e-02,6.863839285714286309e-02,7.003348214285713691e-02,7.059151785714286309e-02,6.905691964285713691e-02,7.184709821428571230e-02,7.059151785714286309e-02,6.808035714285713691e-02,6.808035714285713691e-02,7.198660714285713691e-02,7.059151785714286309e-02,6.919642857142857539e-02,7.282366071428571230e-02,7.031250000000000000e-02,7.059151785714286309e-02,7.031250000000000000e-02,7.254464285714286309e-02,7.128906250000000000e-02,7.087053571428571230e-02,7.226562500000000000e-02,7.059151785714286309e-02,7.003348214285713691e-02
1.674107142857142808e-02,1.813616071428571577e-02,1.785714285714285615e-02,1.883370535714285615e-02,1.771763392857142808e-02,1.883370535714285615e-02,1.785714285714285615e-02,1.841517857142857192e-02,1.869419642857142808e-02,1.827566964285714385e-02,1.883370535714285615e-02,1.757812500000000000e-02,1.688058035714285615e-02,1.785714285714285615e-02,1.785714285714285615e-02,1.813616071428571577e-02,1.729910714285714385e-02,1.702008928571428423e-02,1.660156250000000000e-02,1.925223214285714385e-02,1.785714285714285615e-02,1.771763392857142808e-02,1.813616071428571577e-02,1.855468750000000000e-02,1.785714285714285615e-02,1.757812500000000000e-02,1.855468750000000000e-02,1.757812500000000000e-02,1.855468750000000000e-02,1.813616071428571577e-02,1.841517857142857192e-02,1.813616071428571577e-02,1.757812500000000000e-02,1.841517857142857192e-02,1.729910714285714385e-02,1.841517857142857192e-02,1.771763392857142808e-02,1.799665178571428423e-02,1.827566964285714385e-02,1.813616071428571577e-02,1.743861607142857192e-02,1.646205357142857192e-02
-1.057477678571428631e-01,-1.046316964285714246e-01,-1.043526785714285754e-01,-1.036551339285714246e-01,-1.053292410714285754e-01,-1.025390625000000000e-01,-1.054687500000000000e-01,-1.042131696428571369e-01,-1.035156250000000000e-01,-1.028180803571428631e-01,-1.040736607142857123e-01,-1.043526785714285754e-01,-1.049107142857142877e-01,-1.043526785714285754e-01,-1.026785714285714246e-01,-1.039341517857142877e-01,-1.044921875000000000e-01,-1.068638392857142877e-01,-1.068638392857142877e-01,-1.046316964285714246e-01,-1.054687500000000000e-01,-1.053292410714285754e-01,-1.061662946428571369e-01,-1.046316964285714246e-01,-1.060267857142857123e-01,-1.072823660714285754e-01,-1.056082589285714246e-01,-1.056082589285714246e-01,-1.026785714285714246e-01,-1.051897321428571369e-01,-1.042131696428571369e-01,-1.051897321428571369e-01,-1.061662946428571369e-01,-1.044921875000000000e-01,-1.043526785714285754e-01,-1.035156250000000000e-01,-1.042131696428571369e-01,-1.050502232142857123e-01,-1.044921875000000000e-01,-1.040736607142857123e-01,-1.046316964285714246e-01,-1.068638392857142877e-01
-3.166852678571428770e-02,-3.041294642857142808e-02,-3.097098214285714385e-02,-3.055245535714285615e-02,-3.083147321428571577e-02,-2.971540178571428423e-02,-3.041294642857142808e-02,-3.055245535714285615e-02,-2.901785714285714385e-02,-3.083147321428571577e-02,-2.943638392857142808e-02,-2.929687500000000000e-02,-3.097098214285714385e-02,-3.041294642857142808e-02,-3.125000000000000000e-02,-2.915736607142857192e-02,-2.901785714285714385e-02,-3.292410714285714385e-02,-3.320312500000000000e-02,-3.055245535714285615e-02,-3.222656250000000000e-02,-3.208705357142856845e-02,-3.180803571428571230e-02,-3.125000000000000000e-02,-3.138950892857143155e-02,-3.180803571428571230e-02,-3.111049107142857192e-02,-3.236607142857143155e-02,-3.097098214285714385e-02,-3.055245535714285615e-02,-3.083147321428571577e-02,-3.180803571428571230e-02,-3.097098214285714385e-02,-3.097098214285714385e-02,-3.152901785714285615e-02,-3.055245535714285615e-02,-3.055245535714285615e-02,-2.985491071428571577e-02,-2.957589285714285615e-02,-2.971540178571428423e-02,-3.055245535714285615e-02,-3.138950892857143155e-02
2.357700892857142808e-02,2.371651785714285615e-02,2.176339285714285615e-02,2.232142857142857192e-02,2.246093750000000000e-02,2.399553571428571577e-02,2.287946428571428423e-02,2.357700892857142808e-02,2.413504464285714385e-02,2.134486607142857192e-02,2.511160714285714385e-02,2.371651785714285615e-02,2.399553571428571577e-02,2.455357142857142808e-02,2.050781250000000000e-02,2.525111607142857192e-02,2.594866071428571577e-02,2.190290178571428423e-02,2.134486607142857192e-02,2.371651785714285615e-02,2.050781250000000000e-02,2.036830357142857192e-02,2.162388392857142808e-02,2.246093750000000000e-02,2.106584821428571577e-02,2.399553571428571577e-02,2.148437500000000000e-02,2.064732142857142808e-02,2.022879464285714385e-02,2.399553571428571577e-02,2.204241071428571577e-02,2.162388392857142808e-02,2.483258928571428423e-02,2.246093750000000000e-02,2.315848214285714385e-02,2.315848214285714385e-02,2.343750000000000000e-02,2.399553571428571577e-02,2.413504464285714385e-02,2.483258928571428423e-02,2.357700892857142808e-02,2.287946428571428423e-02
-1.925223214285714385e-02,-1.799665178571428423e-02,-1.757812500000000000e-02,-1.799665178571428423e-02,-1.841517857142857192e-02,-1.743861607142857192e-02,-1.799665178571428423e-02,-1.771763392857142808e-02,-1.743861607142857192e-02,-1.771763392857142808e-02,-1.757812500000000000e-02,-1.757812500000000000e-02,-1.897321428571428423e-02,-1.827566964285714385e-02,-1.785714285714285615e-02,-1.799665178571428423e-02,-1.827566964285714385e-02,-1.953125000000000000e-02,-2.008928571428571577e-02,-1.771763392857142808e-02,-1.841517857142857192e-02,-1.953125000000000000e-02,-1.897321428571428423e-02,-1.785714285714285615e-02,-1.967075892857142808e-02,-1.953125000000000000e-02,-1.813616071428571577e-02,-1.925223214285714385e-02,-1.688058035714285615e-02,-1.813616071428571577e-02,-1.827566964285714385e-02,-1.869419642857142808e-02,-1.869419642857142808e-02,-1.883370535714285615e-02,-1.869419642857142808e-02,-1.729910714285714385e-02,-1.813616071428571577e-02,-1.785714285714285615e-02,-1.771763392857142808e-02,-1.757812500000000000e-02,-1.799665178571428423e-02,-1.981026785714285615e-02
-1.806640625000000000e-01,-1.792689732142857262e-01,-1.788504464285714246e-01,-1.770368303571428492e-01,-1.792689732142857262e-01,-1.767578125000000000e-01,-1.794084821428571508e-01,-1.781529017857142738e-01,-1.775948660714285754e-01,-1.770368303571428492e-01,-1.777343750000000000e-01,-1.784319196428571508e-01,-1.784319196428571508e-01,-1.781529017857142738e-01,-1.761997767857142738e-01,-1.771763392857142738e-01,-1.778738839285714246e-01,-1.828962053571428492e-01,-1.835937500000000000e-01,-1.799665178571428492e-01,-1.809430803571428492e-01,-1.821986607142857262e-01,-1.817801339285714246e-01,-1.791294642857142738e-01,-1.806640625000000000e-01,-1.827566964285714246e-01,-1.795479910714285754e-01,-1.799665178571428492e-01,-1.777343750000000000e-01,-1.806640625000000000e-01,-1.791294642857142738e-01,-1.798270089285714246e-01,-1.809430803571428492e-01,-1.794084821428571508e-01,-1.791294642857142738e-01,-1.777343750000000000e-01,-1.788504464285714246e-01,-1.789899553571428492e-01,-1.784319196428571508e-01,-1.788504464285714246e-01,-1.780133928571428492e-01,-1.802455357142857262e-01
-9.626116071428571230e-02,-9.556361607142857539e-02,-9.570312500000000000e-02,-9.542410714285713691e-02,-9.542410714285713691e-02,-9.458705357142857539e-02,-9.514508928571428770e-02,-9.486607142857142461e-02,-9.375000000000000000e-02,-9.472656250000000000e-02,-9.458705357142857539e-02,-9.305245535714286309e-02,-9.458705357142857539e-02,-9.472656250000000000e-02,-9.500558035714286309e-02,-9.305245535714286309e-02,-9.291294642857142461e-02,-9.821428571428571230e-02,-9.835379464285713691e-02,-9.570312500000000000e-02,-9.695870535714286309e-02,-9.863281250000000000e-02,-9.695870535714286309e-02,-9.626116071428571230e-02,-9.667968750000000000e-02,-9.723772321428571230e-02,-9.626116071428571230e-02,-9.723772321428571230e-02,-9.640066964285713691e-02,-9.556361607142857539e-02,-9.640066964285713691e-02,-9.612165178571428770e-02,-9.514508928571428770e-02,-9.584263392857142461e-02,-9.514508928571428770e-02,-9.514508928571428770e-02,-9.458705357142857539e-02,-9.430803571428571230e-02,-9.388950892857142461e-02,-9.444754464285713691e-02,-9.542410714285713691e-02,-9.570312500000000000e-02
-2.999441964285714385e-02,-3.083147321428571577e-02,-3.152901785714285615e-02,-3.222656250000000000e-02,-3.111049107142857192e-02,-3.013392857142857192e-02,-3.041294642857142808e-02,-3.097098214285714385e-02,-2.929687500000000000e-02,-3.194754464285714385e-02,-2.845982142857142808e-02,-2.915736607142857192e-02,-2.971540178571428423e-02,-2.957589285714285615e-02,-3.250558035714285615e-02,-2.832031250000000000e-02,-2.720424107142857192e-02,-3.390066964285714385e-02,-3.320312500000000000e-02,-3.097098214285714385e-02,-3.334263392857143155e-02,-3.362165178571428770e-02,-3.320312500000000000e-02,-3.222656250000000000e-02,-3.278459821428571230e-02,-3.013392857142857192e-02,-3.152901785714285615e-02,-3.362165178571428770e-02,-3.348214285714285615e-02,-3.069196428571428423e-02,-3.222656250000000000e-02,-3.152901785714285615e-02,-2.985491071428571577e-02,-3.152901785714285615e-02,-3.041294642857142808e-02,-3.152901785714285615e-02,-2.957589285714285615e-02,-3.027343750000000000e-02,-2.887834821428571577e-02,-2.887834821428571577e-02,-2.971540178571428423e-02,-2.999441964285714385e-02
-5.970982142857143155e-02,-5.845424107142856845e-02,-5.873325892857143155e-02,-5.831473214285714385e-02,-5.970982142857143155e-02,-5.691964285714285615e-02,-5.845424107142856845e-02,-5.831473214285714385e-02,-5.817522321428571230e-02,-5.789620535714285615e-02,-5.859375000000000000e-02,-5.859375000000000000e-02,-5.873325892857143155e-02,-5.887276785714285615e-02,-5.817522321428571230e-02,-5.901227678571428770e-02,-5.831473214285714385e-02,-6.054687500000000000e-02,-6.124441964285714385e-02,-5.873325892857143155e-02,-5.943080357142856845e-02,-5.970982142857143155e-02,-5.970982142857143155e-02,-5.859375000000000000e-02,-5.998883928571428770e-02,-6.040736607142856845e-02,-5.873325892857143155e-02,-5.929129464285714385e-02,-5.803571428571428770e-02,-5.943080357142856845e-02,-5.831473214285714385e-02,-5.957031250000000000e-02,-5.915178571428571230e-02,-5.887276785714285615e-02,-5.859375000000000000e-02,-5.817522321428571230e-02,-5.859375000000000000e-02,-5.887276785714285615e-02,-5.831473214285714385e-02,-5.845424107142856845e-02,-5.901227678571428770e-02,-6.040736607142856845e-02
-2.133091517857142738e-01,-2.121930803571428492e-01,-2.114955357142857262e-01,-2.101004464285714246e-01,-2.123325892857142738e-01,-2.096819196428571508e-01,-2.121930803571428492e-01,-2.116350446428571508e-01,-2.098214285714285754e-01,-2.099609375000000000e-01,-2.110770089285714246e-01,-2.103794642857142738e-01,-2.127511160714285754e-01,-2.120535714285714246e-01,-2.096819196428571508e-01,-2.109375000000000000e-01,-2.117745535714285754e-01,-2.142857142857142738e-01,-2.156808035714285754e-01,-2.123325892857142738e-01,-2.128906250000000000e-01,-2.128906250000000000e-01,-2.135881696428571508e-01,-2.120535714285714246e-01,-2.124720982142857262e-01,-2.152622767857142738e-01,-2.120535714285714246e-01,-2.126116071428571508e-01,-2.105189732142857262e-01,-2.135881696428571508e-01,-2.119140625000000000e-01,-2.126116071428571508e-01,-2.133091517857142738e-01,-2.123325892857142738e-01,-2.112165178571428492e-01,-2.105189732142857262e-01,-2.119140625000000000e-01,-2.121930803571428492e-01,-2.107979910714285754e-01,-2.126116071428571508e-01,-2.112165178571428492e-01,-2.137276785714285754e-01
-8.231026785714286309e-02,-8.091517857142857539e-02,-8.203125000000000000e-02,-8.161272321428571230e-02,-8.133370535714286309e-02,-8.063616071428571230e-02,-8.189174107142857539e-02,-8.217075892857142461e-02,-8.049665178571428770e-02,-8.161272321428571230e-02,-8.105468750000000000e-02,-8.049665178571428770e-02,-8.119419642857142461e-02,-8.161272321428571230e-02,-8.258928571428571230e-02,-8.077566964285713691e-02,-8.049665178571428770e-02,-8.314732142857142461e-02,-8.370535714285713691e-02,-8.147321428571428770e-02,-8.189174107142857539e-02,-8.356584821428571230e-02,-8.314732142857142461e-02,-8.175223214285713691e-02,-8.258928571428571230e-02,-8.231026785714286309e-02,-8.161272321428571230e-02,-8.272879464285713691e-02,-8.258928571428571230e-02,-8.231026785714286309e-02,-8.175223214285713691e-02,-8.258928571428571230e-02,-8.105468750000000000e-02,-8.217075892857142461e-02,-8.203125000000000000e-02,-8.119419642857142461e-02,-8.105468750000000000e-02,-8.147321428571428770e-02,-8.063616071428571230e-02,-8.161272321428571230e-02,-8.175223214285713691e-02,-8.272879464285713691e-02
-3.627232142857142981e-03,-3.208705357142857019e-03,-5.440848214285714038e-03,-5.859375000000000000e-03,-5.161830357142857019e-03,-3.627232142857142981e-03,-4.603794642857142981e-03,-6.417410714285714038e-03,-3.069196428571428509e-03,-5.719866071428571057e-03,-2.092633928571428509e-03,-3.627232142857142981e-03,-3.487723214285714472e-03,-4.324776785714285962e-03,-6.277901785714285962e-03,-2.929687500000000000e-03,-2.232142857142857019e-03,-6.138392857142857019e-03,-4.324776785714285962e-03,-4.324776785714285962e-03,-4.882812500000000000e-03,-5.580357142857142981e-03,-5.161830357142857019e-03,-4.743303571428571057e-03,-5.998883928571428943e-03,-2.929687500000000000e-03,-4.185267857142857019e-03,-6.417410714285714038e-03,-6.835937500000000000e-03,-3.627232142857142981e-03,-5.161830357142857019e-03,-4.743303571428571057e-03,-2.929687500000000000e-03,-4.743303571428571057e-03,-4.324776785714285962e-03,-4.882812500000000000e-03,-3.766741071428571491e-03,-4.185267857142857019e-03,-3.487723214285714472e-03,-3.627232142857142981e-03,-4.464285714285714038e-03,-3.766741071428571491e-03
-2.999441964285714385e-02,-2.887834821428571577e-02,-2.915736607142857192e-02,-2.832031250000000000e-02,-2.915736607142857192e-02,-2.790178571428571577e-02,-2.887834821428571577e-02,-2.957589285714285615e-02,-2.873883928571428423e-02,-2.901785714285714385e-02,-2.901785714285714385e-02,-2.943638392857142808e-02,-2.957589285714285615e-02,-2.901785714285714385e-02,-2.887834821428571577e-02,-2.901785714285714385e-02,-2.943638392857142808e-02,-2.873883928571428423e-02,-2.971540178571428423e-02,-2.776227678571428423e-02,-2.845982142857142808e-02,-2.971540178571428423e-02,-2.915736607142857192e-02,-2.887834821428571577e-02,-2.873883928571428423e-02,-3.013392857142857192e-02,-2.859933035714285615e-02,-2.901785714285714385e-02,-2.818080357142857192e-02,-2.901785714285714385e-02,-2.859933035714285615e-02,-2.943638392857142808e-02,-2.873883928571428423e-02,-2.957589285714285615e-02,-2.957589285714285615e-02,-2.845982142857142808e-02,-2.929687500000000000e-02,-2.943638392857142808e-02,-2.887834821428571577e-02,-2.887834821428571577e-02,-2.929687500000000000e-02,-3.083147321428571577e-02
-9.807477678571428770e-02,-9.695870535714286309e-02,-9.570312500000000000e-02,-9.556361607142857539e-02,-9.695870535714286309e-02,-9.570312500000000000e-02,-9.626116071428571230e-02,-9.737723214285713691e-02,-9.542410714285713691e-02,-9.584263392857142461e-02,-9.598214285714286309e-02,-9.612165178571428770e-02,-9.779575892857142461e-02,-9.681919642857142461e-02,-9.570312500000000000e-02,-9.709821428571428770e-02,-9.793526785714286309e-02,-9.626116071428571230e-02,-9.723772321428571230e-02,-9.556361607142857539e-02,-9.458705357142857539e-02,-9.640066964285713691e-02,-9.626116071428571230e-02,-9.556361607142857539e-02,-9.584263392857142461e-02,-9.933035714285713691e-02,-9.556361607142857539e-02,-9.584263392857142461e-02,-9.430803571428571230e-02,-9.751674107142857539e-02,-9.542410714285713691e-02,-9.681919642857142461e-02,-9.751674107142857539e-02,-9.612165178571428770e-02,-9.667968750000000000e-02,-9.584263392857142461e-02,-9.737723214285713691e-02,-9.695870535714286309e-02,-9.584263392857142461e-02,-9.695870535714286309e-02,-9.695870535714286309e-02,-9.919084821428571230e-02
1.953125000000000000e-02,2.022879464285714385e-02,1.883370535714285615e-02,1.953125000000000000e-02,1.939174107142857192e-02,2.050781250000000000e-02,1.911272321428571577e-02,1.841517857142857192e-02,1.967075892857142808e-02,1.827566964285714385e-02,1.994977678571428423e-02,1.953125000000000000e-02,1.883370535714285615e-02,1.883370535714285615e-02,1.841517857142857192e-02,1.911272321428571577e-02,1.925223214285714385e-02,1.925223214285714385e-02,1.939174107142857192e-02,2.064732142857142808e-02,1.981026785714285615e-02,1.897321428571428423e-02,2.022879464285714385e-02,1.994977678571428423e-02,1.967075892857142808e-02,1.981026785714285615e-02,1.967075892857142808e-02,1.939174107142857192e-02,2.008928571428571577e-02,2.008928571428571577e-02,1.994977678571428423e-02,1.855468750000000000e-02,2.008928571428571577e-02,1.897321428571428423e-02,1.883370535714285615e-02,1.994977678571428423e-02,1.994977678571428423e-02,1.911272321428571577e-02,1.967075892857142808e-02,1.939174107142857192e-02,1.967075892857142808e-02,1.869419642857142808e-02
8.203125000000000000e-02,8.175223214285713691e-02,8.007812500000000000e-02,7.882254464285713691e-02,7.965959821428571230e-02,8.217075892857142461e-02,8.021763392857142461e-02,7.896205357142857539e-02,8.161272321428571230e-02,7.868303571428571230e-02,8.175223214285713691e-02,8.175223214285713691e-02,8.077566964285713691e-02,8.063616071428571230e-02,7.756696428571428770e-02,8.175223214285713691e-02,8.175223214285713691e-02,7.979910714285713691e-02,8.147321428571428770e-02,8.119419642857142461e-02,8.035714285714286309e-02,7.993861607142857539e-02,8.119419642857142461e-02,8.077566964285713691e-02,8.035714285714286309e-02,8.328683035714286309e-02,8.077566964285713691e-02,7.993861607142857539e-02,7.952008928571428770e-02,8.286830357142857539e-02,8.021763392857142461e-02,8.119419642857142461e-02,8.175223214285713691e-02,8.105468750000000000e-02,8.035714285714286309e-02,7.993861607142857539e-02,8.105468750000000000e-02,8.091517857142857539e-02,8.077566964285713691e-02,8.203125000000000000e-02,8.063616071428571230e-02,8.091517857142857539e-02
3.613281250000000000e-02,3.683035714285714385e-02,3.655133928571428770e-02,3.752790178571428770e-02,3.641183035714285615e-02,3.710937500000000000e-02,3.599330357142856845e-02,3.599330357142856845e-02,3.738839285714285615e-02,3.627232142857143155e-02,3.655133928571428770e-02,3.585379464285714385e-02,3.501674107142856845e-02,3.543526785714285615e-02,3.529575892857143155e-02,3.585379464285714385e-02,3.487723214285714385e-02,3.752790178571428770e-02,3.669084821428571230e-02,3.836495535714285615e-02,3.822544642857143155e-02,3.710937500000000000e-02,3.710937500000000000e-02,3.808593750000000000e-02,3.683035714285714385e-02,3.655133928571428770e-02,3.738839285714285615e-02,3.710937500000000000e-02,3.752790178571428770e-02,3.683035714285714385e-02,3.683035714285714385e-02,3.613281250000000000e-02,3.669084821428571230e-02,3.613281250000000000e-02,3.696986607142856845e-02,3.752790178571428770e-02,3.641183035714285615e-02,3.599330357142856845e-02,3.710937500000000000e-02,3.641183035714285615e-02,3.655133928571428770e-02,3.431919642857143155e-02
-3.557477678571428770e-02,-3.404017857142856845e-02,-3.334263392857143155e-02,-3.152901785714285615e-02,-3.348214285714285615e-02,-3.138950892857143155e-02,-3.334263392857143155e-02,-3.264508928571428770e-02,-3.278459821428571230e-02,-3.194754464285714385e-02,-3.334263392857143155e-02,-3.264508928571428770e-02,-3.501674107142856845e-02,-3.417968750000000000e-02,-3.320312500000000000e-02,-3.445870535714285615e-02,-3.473772321428571230e-02,-3.180803571428571230e-02,-3.390066964285714385e-02,-3.083147321428571577e-02,-3.222656250000000000e-02,-3.278459821428571230e-02,-3.194754464285714385e-02,-3.166852678571428770e-02,-3.264508928571428770e-02,-3.585379464285714385e-02,-3.306361607142856845e-02,-3.222656250000000000e-02,-3.083147321428571577e-02,-3.390066964285714385e-02,-3.208705357142856845e-02,-3.306361607142856845e-02,-3.417968750000000000e-02,-3.320312500000000000e-02,-3.222656250000000000e-02,-3.152901785714285615e-02,-3.431919642857143155e-02,-3.362165178571428770e-02,-3.278459821428571230e-02,-3.250558035714285615e-02,-3.334263392857143155e-02,-3.557477678571428770e-02
7.240513392857142461e-02,7.282366071428571230e-02,7.184709821428571230e-02,7.296316964285713691e-02,7.226562500000000000e-02,7.310267857142857539e-02,7.184709821428571230e-02,7.101004464285713691e-02,7.254464285714286309e-02,7.031250000000000000e-02,7.240513392857142461e-02,7.212611607142857539e-02,7.142857142857142461e-02,7.101004464285713691e-02,7.045200892857142461e-02,7.170758928571428770e-02,7.184709821428571230e-02,7.254464285714286309e-02,7.198660714285713691e-02,7.393973214285713691e-02,7.338169642857142461e-02,7.212611607142857539e-02,7.240513392857142461e-02,7.324218750000000000e-02,7.212611607142857539e-02,7.268415178571428770e-02,7.296316964285713691e-02,7.184709821428571230e-02,7.198660714285713691e-02,7.268415178571428770e-02,7.212611607142857539e-02,7.142857142857142461e-02,7.240513392857142461e-02,7.170758928571428770e-02,7.226562500000000000e-02,7.240513392857142461e-02,7.226562500000000000e-02,7.170758928571428770e-02,7.268415178571428770e-02,7.212611607142857539e-02,7.156808035714286309e-02,7.059151785714286309e-02
1.289062500000000000e-01,1.289062500000000000e-01,1.266741071428571508e-01,1.263950892857142738e-01,1.277901785714285754e-01,1.286272321428571508e-01,1.269531250000000000e-01,1.265345982142857262e-01,1.282087053571428492e-01,1.251395089285714246e-01,1.282087053571428492e-01,1.279296875000000000e-01,1.269531250000000000e-01,1.272321428571428492e-01,1.247209821428571369e-01,1.280691964285714246e-01,1.279296875000000000e-01,1.280691964285714246e-01,1.289062500000000000e-01,1.282087053571428492e-01,1.286272321428571508e-01,1.272321428571428492e-01,1.275111607142857262e-01,1.284877232142857262e-01,1.269531250000000000e-01,1.300223214285714246e-01,1.286272321428571508e-01,1.268136160714285754e-01,1.270926339285714246e-01,1.298828125000000000e-01,1.269531250000000000e-01,1.277901785714285754e-01,1.303013392857142738e-01,1.280691964285714246e-01,1.270926339285714246e-01,1.275111607142857262e-01,1.283482142857142738e-01,1.273716517857142738e-01,1.275111607142857262e-01,1.277901785714285754e-01,1.270926339285714246e-01,1.275111607142857262e-01
7.352120535714286309e-02,7.352120535714286309e-02,7.338169642857142461e-02,7.435825892857142461e-02,7.282366071428571230e-02,7.435825892857142461e-02,7.282366071428571230e-02,7.282366071428571230e-02,7.421875000000000000e-02,7.282366071428571230e-02,7.282366071428571230e-02,7.268415178571428770e-02,7.240513392857142461e-02,7.170758928571428770e-02,7.212611607142857539e-02,7.198660714285713691e-02,7.184709821428571230e-02,7.463727678571428770e-02,7.380022321428571230e-02,7.603236607142857539e-02,7.533482142857142461e-02,7.421875000000000000e-02,7.435825892857142461e-02,7.519531250000000000e-02,7.421875000000000000e-02,7.338169642857142461e-02,7.449776785714286309e-02,7.380022321428571230e-02,7.435825892857142461e-02,7.366071428571428770e-02,7.393973214285713691e-02,7.268415178571428770e-02,7.380022321428571230e-02,7.338169642857142461e-02,7.338169642857142461e-02,7.393973214285713691e-02,7.240513392857142461e-02,7.324218750000000000e-02,7.380022321428571230e-02,7.338169642857142461e-02,7.282366071428571230e-02,7.101004464285713691e-02
-3.669084821428571230e-02,-3.557477678571428770e-02,-3.404017857142856845e-02,-3.320312500000000000e-02,-3.473772321428571230e-02,-3.362165178571428770e-02,-3.459821428571428770e-02,-3.306361607142856845e-02,-3.431919642857143155e-02,-3.390066964285714385e-02,-3.641183035714285615e-02,-3.459821428571428770e-02,-3.627232142857143155e-02,-3.655133928571428770e-02,-3.459821428571428770e-02,-3.613281250000000000e-02,-3.710937500000000000e-02,-3.390066964285714385e-02,-3.473772321428571230e-02,-3.222656250000000000e-02,-3.320312500000000000e-02,-3.404017857142856845e-02,-3.362165178571428770e-02,-3.264508928571428770e-02,-3.376116071428571230e-02,-3.696986607142856845e-02,-3.292410714285714385e-02,-3.390066964285714385e-02,-3.208705357142856845e-02,-3.557477678571428770e-02,-3.222656250000000000e-02,-3.501674107142856845e-02,-3.627232142857143155e-02,-3.501674107142856845e-02,-3.390066964285714385e-02,-3.404017857142856845e-02,-3.613281250000000000e-02,-3.501674107142856845e-02,-3.473772321428571230e-02,-3.417968750000000000e-02,-3.515625000000000000e-02,-3.752790178571428770e-02
-6.975446428571428943e-03,-6.835937500000000000e-03,-7.393973214285714038e-03,-6.138392857142857019e-03,-6.696428571428571057e-03,-5.580357142857142981e-03,-6.835937500000000000e-03,-7.114955357142857019e-03,-5.998883928571428943e-03,-7.254464285714285962e-03,-5.301339285714285962e-03,-6.277901785714285962e-03,-6.835937500000000000e-03,-6.556919642857142981e-03,-7.393973214285714038e-03,-5.719866071428571057e-03,-5.859375000000000000e-03,-7.672991071428571057e-03,-7.393973214285714038e-03,-6.417410714285714038e-03,-7.254464285714285962e-03,-8.091517857142857886e-03,-8.370535714285714038e-03,-6.835937500000000000e-03,-7.533482142857142981e-03,-7.114955357142857019e-03,-7.114955357142857019e-03,-7.114955357142857019e-03,-7.393973214285714038e-03,-6.975446428571428943e-03,-6.835937500000000000e-03,-6.975446428571428943e-03,-6.138392857142857019e-03,-6.835937500000000000e-03,-7.672991071428571057e-03,-6.696428571428571057e-03,-6.696428571428571057e-03,-6.835937500000000000e-03,-5.440848214285714038e-03,-6.975446428571428943e-03,-7.254464285714285962e-03,-7.114955357142857019e-03
3.431919642857143155e-02,3.515625000000000000e-02,3.404017857142856845e-02,3.473772321428571230e-02,3.404017857142856845e-02,3.515625000000000000e-02,3.487723214285714385e-02,3.417968750000000000e-02,3.571428571428571230e-02,3.292410714285714385e-02,3.543526785714285615e-02,3.501674107142856845e-02,3.473772321428571230e-02,3.515625000000000000e-02,3.320312500000000000e-02,3.487723214285714385e-02,3.585379464285714385e-02,3.376116071428571230e-02,3.376116071428571230e-02,3.473772321428571230e-02,3.376116071428571230e-02,3.292410714285714385e-02,3.292410714285714385e-02,3.417968750000000000e-02,3.334263392857143155e-02,3.431919642857143155e-02,3.334263392857143155e-02,3.334263392857143155e-02,3.348214285714285615e-02,3.501674107142856845e-02,3.390066964285714385e-02,3.376116071428571230e-02,3.529575892857143155e-02,3.390066964285714385e-02,3.362165178571428770e-02,3.431919642857143155e-02,3.431919642857143155e-02,3.431919642857143155e-02,3.529575892857143155e-02,3.501674107142856845e-02,3.445870535714285615e-02,3.390066964285714385e-02
7.952008928571428076e-03,8.231026785714285962e-03,8.370535714285714038e-03,9.347098214285714038e-03,7.952008928571428076e-03,9.347098214285714038e-03,8.928571428571428076e-03,8.649553571428571924e-03,9.486607142857142114e-03,8.789062500000000000e-03,8.928571428571428076e-03,8.789062500000000000e-03,7.533482142857142981e-03,7.952008928571428076e-03,7.812500000000000000e-03,8.649553571428571924e-03,7.952008928571428076e-03,8.091517857142857886e-03,7.393973214285714038e-03,9.207589285714285962e-03,9.068080357142857886e-03,8.091517857142857886e-03,8.370535714285714038e-03,9.347098214285714038e-03,7.952008928571428076e-03,7.533482142857142981e-03,8.370535714285714038e-03,7.952008928571428076e-03,9.207589285714285962e-03,8.231026785714285962e-03,8.649553571428571924e-03,7.952008928571428076e-03,8.091517857142857886e-03,7.672991071428571057e-03,7.952008928571428076e-03,9.068080357142857886e-03,8.091517857142857886e-03,8.649553571428571924e-03,9.207589285714285962e-03,8.649553571428571924e-03,8.091517857142857886e-03,7.114955357142857019e-03
-1.061662946428571369e-01,-1.049107142857142877e-01,-1.044921875000000000e-01,-1.032366071428571369e-01,-1.047712053571428631e-01,-1.033761160714285754e-01,-1.043526785714285754e-01,-1.037946428571428631e-01,-1.023995535714285754e-01,-1.028180803571428631e-01,-1.040736607142857123e-01,-1.033761160714285754e-01,-1.042131696428571369e-01,-1.037946428571428631e-01,-1.035156250000000000e-01,-1.040736607142857123e-01,-1.039341517857142877e-01,-1.054687500000000000e-01,-1.063058035714285754e-01,-1.040736607142857123e-01,-1.043526785714285754e-01,-1.060267857142857123e-01,-1.056082589285714246e-01,-1.044921875000000000e-01,-1.054687500000000000e-01,-1.067243303571428631e-01,-1.047712053571428631e-01,-1.053292410714285754e-01,-1.037946428571428631e-01,-1.051897321428571369e-01,-1.035156250000000000e-01,-1.058872767857142877e-01,-1.051897321428571369e-01,-1.050502232142857123e-01,-1.051897321428571369e-01,-1.030970982142857123e-01,-1.046316964285714246e-01,-1.042131696428571369e-01,-1.032366071428571369e-01,-1.030970982142857123e-01,-1.042131696428571369e-01,-1.057477678571428631e-01
-1.074218750000000000e-02,-1.018415178571428596e-02,-1.032366071428571404e-02,-1.018415178571428596e-02,-1.032366071428571404e-02,-9.905133928571428076e-03,-1.046316964285714211e-02,-9.905133928571428076e-03,-8.789062500000000000e-03,-1.046316964285714211e-02,-9.626116071428571924e-03,-9.347098214285714038e-03,-1.046316964285714211e-02,-9.626116071428571924e-03,-1.088169642857142808e-02,-1.004464285714285789e-02,-9.347098214285714038e-03,-1.074218750000000000e-02,-1.088169642857142808e-02,-9.207589285714285962e-03,-1.088169642857142808e-02,-1.130022321428571404e-02,-1.060267857142857192e-02,-1.004464285714285789e-02,-1.046316964285714211e-02,-1.060267857142857192e-02,-1.018415178571428596e-02,-1.046316964285714211e-02,-1.032366071428571404e-02,-1.032366071428571404e-02,-1.060267857142857192e-02,-1.060267857142857192e-02,-1.060267857142857192e-02,-1.060267857142857192e-02,-1.088169642857142808e-02,-1.018415178571428596e-02,-1.032366071428571404e-02,-1.018415178571428596e-02,-9.626116071428571924e-03,-9.626116071428571924e-03,-1.032366071428571404e-02,-1.088169642857142808e-02
3.794642857142856845e-02,3.780691964285714385e-02,3.627232142857143155e-02,3.766741071428571230e-02,3.669084821428571230e-02,3.808593750000000000e-02,3.641183035714285615e-02,3.627232142857143155e-02,3.850446428571428770e-02,3.613281250000000000e-02,3.864397321428571230e-02,3.696986607142856845e-02,3.752790178571428770e-02,3.738839285714285615e-02,3.585379464285714385e-02,3.752790178571428770e-02,3.780691964285714385e-02,3.641183035714285615e-02,3.683035714285714385e-02,3.738839285714285615e-02,3.766741071428571230e-02,3.599330357142856845e-02,3.627232142857143155e-02,3.752790178571428770e-02,3.683035714285714385e-02,3.794642857142856845e-02,3.752790178571428770e-02,3.655133928571428770e-02,3.641183035714285615e-02,3.808593750000000000e-02,3.710937500000000000e-02,3.696986607142856845e-02,3.780691964285714385e-02,3.752790178571428770e-02,3.669084821428571230e-02,3.752790178571428770e-02,3.794642857142856845e-02,3.724888392857143155e-02,3.766741071428571230e-02,3.836495535714285615e-02,3.724888392857143155e-02,3.669084821428571230e-02
1.897321428571428423e-02,2.050781250000000000e-02,2.008928571428571577e-02,2.092633928571428423e-02,1.953125000000000000e-02,2.078683035714285615e-02,2.022879464285714385e-02,2.008928571428571577e-02,2.106584821428571577e-02,2.022879464285714385e-02,1.981026785714285615e-02,2.036830357142857192e-02,1.994977678571428423e-02,1.994977678571428423e-02,1.925223214285714385e-02,1.953125000000000000e-02,1.953125000000000000e-02,2.036830357142857192e-02,1.939174107142857192e-02,2.176339285714285615e-02,2.064732142857142808e-02,2.008928571428571577e-02,2.078683035714285615e-02,2.106584821428571577e-02,1.994977678571428423e-02,1.939174107142857192e-02,2.106584821428571577e-02,1.981026785714285615e-02,2.162388392857142808e-02,2.036830357142857192e-02,2.078683035714285615e-02,1.953125000000000000e-02,1.967075892857142808e-02,1.994977678571428423e-02,2.008928571428571577e-02,2.050781250000000000e-02,1.994977678571428423e-02,2.064732142857142808e-02,2.092633928571428423e-02,2.106584821428571577e-02,1.994977678571428423e-02,1.897321428571428423e-02
-2.329799107142857192e-02,-2.190290178571428423e-02,-2.246093750000000000e-02,-2.092633928571428423e-02,-2.246093750000000000e-02,-2.106584821428571577e-02,-2.246093750000000000e-02,-2.204241071428571577e-02,-2.204241071428571577e-02,-2.134486607142857192e-02,-2.190290178571428423e-02,-2.218191964285714385e-02,-2.287946428571428423e-02,-2.246093750000000000e-02,-2.260044642857142808e-02,-2.260044642857142808e-02,-2.287946428571428423e-02,-2.148437500000000000e-02,-2.246093750000000000e-02,-2.050781250000000000e-02,-2.134486607142857192e-02,-2.190290178571428423e-02,-2.218191964285714385e-02,-2.148437500000000000e-02,-2.218191964285714385e-02,-2.301897321428571577e-02,-2.162388392857142808e-02,-2.232142857142857192e-02,-2.106584821428571577e-02,-2.218191964285714385e-02,-2.162388392857142808e-02,-2.218191964285714385e-02,-2.246093750000000000e-02,-2.246093750000000000e-02,-2.273995535714285615e-02,-2.106584821428571577e-02,-2.260044642857142808e-02,-2.218191964285714385e-02,-2.162388392857142808e-02,-2.176339285714285615e-02,-2.232142857142857192e-02,-2.413504464285714385e-02
6.180245535714285615e-02,6.152343750000000000e-02,6.082589285714285615e-02,6.096540178571428770e-02,6.152343750000000000e-02,6.222098214285714385e-02,6.124441964285714385e-02,6.026785714285714385e-02,6.180245535714285615e-02,6.124441964285714385e-02,6.110491071428571230e-02,6.124441964285714385e-02,5.998883928571428770e-02,6.082589285714285615e-02,5.970982142857143155e-02,6.068638392857143155e-02,6.068638392857143155e-02,6.124441964285714385e-02,6.138392857142856845e-02,6.305803571428571230e-02,6.222098214285714385e-02,6.054687500000000000e-02,6.166294642857143155e-02,6.222098214285714385e-02,6.208147321428571230e-02,6.152343750000000000e-02,6.152343750000000000e-02,6.040736607142856845e-02,6.138392857142856845e-02,6.194196428571428770e-02,6.152343750000000000e-02,6.138392857142856845e-02,6.180245535714285615e-02,6.166294642857143155e-02,6.068638392857143155e-02,6.138392857142856845e-02,6.138392857142856845e-02,6.110491071428571230e-02,6.096540178571428770e-02,6.124441964285714385e-02,6.096540178571428770e-02,6.012834821428571230e-02
1.032366071428571369e-01,1.021205357142857123e-01,1.000279017857142877e-01,1.011439732142857123e-01,1.005859375000000000e-01,1.022600446428571369e-01,1.005859375000000000e-01,9.933035714285713691e-02,1.023995535714285754e-01,9.946986607142857539e-02,1.021205357142857123e-01,1.011439732142857123e-01,1.005859375000000000e-01,1.007254464285714246e-01,9.933035714285713691e-02,1.010044642857142877e-01,1.010044642857142877e-01,1.012834821428571369e-01,1.012834821428571369e-01,1.026785714285714246e-01,1.018415178571428631e-01,1.010044642857142877e-01,1.007254464285714246e-01,1.019810267857142877e-01,1.015625000000000000e-01,1.026785714285714246e-01,1.015625000000000000e-01,1.010044642857142877e-01,1.001674107142857123e-01,1.021205357142857123e-01,1.012834821428571369e-01,1.010044642857142877e-01,1.022600446428571369e-01,1.015625000000000000e-01,1.011439732142857123e-01,1.010044642857142877e-01,1.011439732142857123e-01,1.014229910714285754e-01,1.017020089285714246e-01,1.015625000000000000e-01,1.005859375000000000e-01,9.974888392857142461e-02
7.031250000000000000e-02,7.101004464285713691e-02,7.114955357142857539e-02,7.128906250000000000e-02,7.045200892857142461e-02,7.184709821428571230e-02,7.114955357142857539e-02,7.170758928571428770e-02,7.128906250000000000e-02,7.142857142857142461e-02,7.045200892857142461e-02,7.114955357142857539e-02,7.003348214285713691e-02,7.017299107142857539e-02,7.017299107142857539e-02,7.003348214285713691e-02,6.947544642857142461e-02,7.254464285714286309e-02,7.170758928571428770e-02,7.338169642857142461e-02,7.240513392857142461e-02,7.114955357142857539e-02,7.142857142857142461e-02,7.226562500000000000e-02,7.142857142857142461e-02,7.045200892857142461e-02,7.184709821428571230e-02,7.087053571428571230e-02,7.198660714285713691e-02,7.128906250000000000e-02,7.170758928571428770e-02,7.073102678571428770e-02,7.114955357142857539e-02,7.073102678571428770e-02,7.059151785714286309e-02,7.184709821428571230e-02,7.101004464285713691e-02,7.073102678571428770e-02,7.128906250000000000e-02,7.128906250000000000e-02,7.017299107142857539e-02,6.933593750000000000e-02
-1.018415178571428596e-02,-1.004464285714285789e-02,-1.004464285714285789e-02,-9.626116071428571924e-03,-9.905133928571428076e-03,-8.789062500000000000e-03,-1.004464285714285789e-02,-9.486607142857142114e-03,-9.486607142857142114e-03,-8.789062500000000000e-03,-9.905133928571428076e-03,-9.207589285714285962e-03,-1.046316964285714211e-02,-1.018415178571428596e-02,-9.905133928571428076e-03,-9.765625000000000000e-03,-1.130022321428571404e-02,-9.347098214285714038e-03,-1.018415178571428596e-02,-7.952008928571428076e-03,-9.207589285714285962e-03,-9.626116071428571924e-03,-1.032366071428571404e-02,-9.207589285714285962e-03,-1.032366071428571404e-02,-1.130022321428571404e-02,-9.207589285714285962e-03,-1.004464285714285789e-02,-8.928571428571428076e-03,-1.032366071428571404e-02,-9.486607142857142114e-03,-9.626116071428571924e-03,-1.018415178571428596e-02,-9.765625000000000000e-03,-9.905133928571428076e-03,-8.928571428571428076e-03,-1.018415178571428596e-02,-9.765625000000000000e-03,-9.905133928571428076e-03,-9.905133928571428076e-03,-1.018415178571428596e-02,-1.213727678571428596e-02
6.821986607142857539e-02,6.808035714285713691e-02,6.752232142857142461e-02,6.710379464285713691e-02,6.794084821428571230e-02,6.863839285714286309e-02,6.738281250000000000e-02,6.654575892857142461e-02,6.849888392857142461e-02,6.696428571428571230e-02,6.724330357142857539e-02,6.752232142857142461e-02,6.710379464285713691e-02,6.696428571428571230e-02,6.598772321428571230e-02,6.752232142857142461e-02,6.766183035714286309e-02,6.849888392857142461e-02,6.752232142857142461e-02,6.933593750000000000e-02,6.863839285714286309e-02,6.752232142857142461e-02,6.794084821428571230e-02,6.835937500000000000e-02,6.752232142857142461e-02,6.766183035714286309e-02,6.780133928571428770e-02,6.752232142857142461e-02,6.766183035714286309e-02,6.821986607142857539e-02,6.724330357142857539e-02,6.724330357142857539e-02,6.780133928571428770e-02,6.794084821428571230e-02,6.766183035714286309e-02,6.780133928571428770e-02,6.738281250000000000e-02,6.780133928571428770e-02,6.766183035714286309e-02,6.738281250000000000e-02,6.682477678571428770e-02,6.668526785714286309e-02
1.047712053571428631e-01,1.046316964285714246e-01,1.032366071428571369e-01,1.036551339285714246e-01,1.035156250000000000e-01,1.043526785714285754e-01,1.037946428571428631e-01,1.022600446428571369e-01,1.046316964285714246e-01,1.028180803571428631e-01,1.039341517857142877e-01,1.037946428571428631e-01,1.026785714285714246e-01,1.035156250000000000e-01,1.017020089285714246e-01,1.037946428571428631e-01,1.037946428571428631e-01,1.042131696428571369e-01,1.040736607142857123e-01,1.054687500000000000e-01,1.049107142857142877e-01,1.037946428571428631e-01,1.039341517857142877e-01,1.044921875000000000e-01,1.043526785714285754e-01,1.043526785714285754e-01,1.039341517857142877e-01,1.033761160714285754e-01,1.032366071428571369e-01,1.050502232142857123e-01,1.036551339285714246e-01,1.035156250000000000e-01,1.047712053571428631e-01,1.035156250000000000e-01,1.036551339285714246e-01,1.030970982142857123e-01,1.043526785714285754e-01,1.043526785714285754e-01,1.042131696428571369e-01,1.032366071428571369e-01,1.030970982142857123e-01,1.029575892857142877e-01
7.240513392857142461e-02,7.324218750000000000e-02,7.254464285714286309e-02,7.310267857142857539e-02,7.268415178571428770e-02,7.338169642857142461e-02,7.254464285714286309e-02,7.282366071428571230e-02,7.380022321428571230e-02,7.254464285714286309e-02,7.198660714285713691e-02,7.184709821428571230e-02,7.184709821428571230e-02,7.170758928571428770e-02,7.170758928571428770e-02,7.226562500000000000e-02,7.128906250000000000e-02,7.393973214285713691e-02,7.310267857142857539e-02,7.435825892857142461e-02,7.421875000000000000e-02,7.296316964285713691e-02,7.324218750000000000e-02,7.366071428571428770e-02,7.282366071428571230e-02,7.254464285714286309e-02,7.366071428571428770e-02,7.240513392857142461e-02,7.366071428571428770e-02,7.380022321428571230e-02,7.310267857142857539e-02,7.240513392857142461e-02,7.268415178571428770e-02,7.310267857142857539e-02,7.268415178571428770e-02,7.338169642857142461e-02,7.212611607142857539e-02,7.268415178571428770e-02,7.310267857142857539e-02,7.282366071428571230e-02,7.212611607142857539e-02,7.142857142857142461e-02
-7.393973214285713691e-02,-7.254464285714286309e-02,-7.282366071428571230e-02,-7.212611607142857539e-02,-7.282366071428571230e-02,-7.170758928571428770e-02,-7.240513392857142461e-02,-7.240513392857142461e-02,-7.170758928571428770e-02,-7.212611607142857539e-02,-7.128906250000000000e-02,-7.184709821428571230e-02,-7.240513392857142461e-02,-7.156808035714286309e-02,-7.184709821428571230e-02,-7.114955357142857539e-02,-7.156808035714286309e-02,-7.463727678571428770e-02,-7.561383928571428770e-02,-7.198660714285713691e-02,-7.366071428571428770e-02,-7.435825892857142461e-02,-7.449776785714286309e-02,-7.352120535714286309e-02,-7.421875000000000000e-02,-7.421875000000000000e-02,-7.366071428571428770e-02,-7.421875000000000000e-02,-7.296316964285713691e-02,-7.282366071428571230e-02,-7.240513392857142461e-02,-7.324218750000000000e-02,-7.268415178571428770e-02,-7.282366071428571230e-02,-7.352120535714286309e-02,-7.240513392857142461e-02,-7.296316964285713691e-02,-7.212611607142857539e-02,-7.198660714285713691e-02,-7.212611607142857539e-02,-7.296316964285713691e-02,-7.282366071428571230e-02
-5.998883928571428770e-02,-5.915178571428571230e-02,-5.984933035714285615e-02,-5.901227678571428770e-02,-5.984933035714285615e-02,-5.845424107142856845e-02,-5.929129464285714385e-02,-5.970982142857143155e-02,-5.859375000000000000e-02,-5.957031250000000000e-02,-5.859375000000000000e-02,-5.901227678571428770e-02,-5.859375000000000000e-02,-5.887276785714285615e-02,-5.984933035714285615e-02,-5.789620535714285615e-02,-5.929129464285714385e-02,-6.138392857142856845e-02,-6.180245535714285615e-02,-5.998883928571428770e-02,-6.096540178571428770e-02,-6.180245535714285615e-02,-6.096540178571428770e-02,-6.040736607142856845e-02,-6.096540178571428770e-02,-6.096540178571428770e-02,-6.082589285714285615e-02,-6.054687500000000000e-02,-6.026785714285714385e-02,-5.970982142857143155e-02,-6.026785714285714385e-02,-6.026785714285714385e-02,-5.970982142857143155e-02,-5.943080357142856845e-02,-6.040736607142856845e-02,-5.970982142857143155e-02,-5.943080357142856845e-02,-5.929129464285714385e-02,-5.887276785714285615e-02,-5.943080357142856845e-02,-5.970982142857143155e-02,-6.026785714285714385e-02
-1.618303571428571577e-02,-1.576450892857142808e-02,-1.646205357142857192e-02,-1.674107142857142808e-02,-1.660156250000000000e-02,-1.548549107142857192e-02,-1.674107142857142808e-02,-1.674107142857142808e-02,-1.604352678571428423e-02,-1.688058035714285615e-02,-1.548549107142857192e-02,-1.562500000000000000e-02,-1.562500000000000000e-02,-1.562500000000000000e-02,-1.674107142857142808e-02,-1.492745535714285789e-02,-1.534598214285714211e-02,-1.855468750000000000e-02,-1.897321428571428423e-02,-1.660156250000000000e-02,-1.785714285714285615e-02,-1.785714285714285615e-02,-1.771763392857142808e-02,-1.743861607142857192e-02,-1.702008928571428423e-02,-1.743861607142857192e-02,-1.729910714285714385e-02,-1.813616071428571577e-02,-1.674107142857142808e-02,-1.590401785714285615e-02,-1.688058035714285615e-02,-1.660156250000000000e-02,-1.618303571428571577e-02,-1.646205357142857192e-02,-1.702008928571428423e-02,-1.674107142857142808e-02,-1.632254464285714385e-02,-1.562500000000000000e-02,-1.506696428571428596e-02,-1.660156250000000000e-02,-1.674107142857142808e-02,-1.646205357142857192e-02
-3.152901785714285615e-02,-3.069196428571428423e-02,-3.125000000000000000e-02,-3.027343750000000000e-02,-3.027343750000000000e-02,-2.971540178571428423e-02,-3.069196428571428423e-02,-3.111049107142857192e-02,-2.957589285714285615e-02,-3.055245535714285615e-02,-3.041294642857142808e-02,-3.013392857142857192e-02,-3.083147321428571577e-02,-3.111049107142857192e-02,-3.180803571428571230e-02,-2.999441964285714385e-02,-3.069196428571428423e-02,-3.152901785714285615e-02,-3.222656250000000000e-02,-2.943638392857142808e-02,-3.111049107142857192e-02,-3.152901785714285615e-02,-3.208705357142856845e-02,-3.125000000000000000e-02,-3.180803571428571230e-02,-3.152901785714285615e-02,-3.069196428571428423e-02,-3.152901785714285615e-02,-3.083147321428571577e-02,-3.083147321428571577e-02,-3.111049107142857192e-02,-3.166852678571428770e-02,-3.138950892857143155e-02,-3.138950892857143155e-02,-3.194754464285714385e-02,-2.957589285714285615e-02,-3.097098214285714385e-02,-3.069196428571428423e-02,-3.027343750000000000e-02,-3.027343750000000000e-02,-3.097098214285714385e-02,-3.152901785714285615e-02
-1.508091517857142738e-01,-1.485770089285714246e-01,-1.476004464285714246e-01,-1.478794642857142738e-01,-1.480189732142857262e-01,-1.473214285714285754e-01,-1.477399553571428492e-01,-1.467633928571428492e-01,-1.469029017857142738e-01,-1.467633928571428492e-01,-1.476004464285714246e-01,-1.471819196428571508e-01,-1.474609375000000000e-01,-1.466238839285714246e-01,-1.467633928571428492e-01,-1.463448660714285754e-01,-1.474609375000000000e-01,-1.510881696428571508e-01,-1.509486607142857262e-01,-1.484375000000000000e-01,-1.505301339285714246e-01,-1.506696428571428492e-01,-1.499720982142857262e-01,-1.491350446428571508e-01,-1.496930803571428492e-01,-1.501116071428571508e-01,-1.488560267857142738e-01,-1.496930803571428492e-01,-1.482979910714285754e-01,-1.485770089285714246e-01,-1.488560267857142738e-01,-1.488560267857142738e-01,-1.485770089285714246e-01,-1.480189732142857262e-01,-1.488560267857142738e-01,-1.474609375000000000e-01,-1.482979910714285754e-01,-1.474609375000000000e-01,-1.478794642857142738e-01,-1.467633928571428492e-01,-1.482979910714285754e-01,-1.478794642857142738e-01
-8.705357142857142461e-02,-8.621651785714286309e-02,-8.761160714285713691e-02,-8.649553571428571230e-02,-8.621651785714286309e-02,-8.635602678571428770e-02,-8.663504464285713691e-02,-8.733258928571428770e-02,-8.607700892857142461e-02,-8.691406250000000000e-02,-8.551897321428571230e-02,-8.579799107142857539e-02,-8.551897321428571230e-02,-8.635602678571428770e-02,-8.635602678571428770e-02,-8.537946428571428770e-02,-8.551897321428571230e-02,-8.956473214285713691e-02,-8.984375000000000000e-02,-8.747209821428571230e-02,-8.830915178571428770e-02,-8.914620535714286309e-02,-8.844866071428571230e-02,-8.761160714285713691e-02,-8.830915178571428770e-02,-8.747209821428571230e-02,-8.761160714285713691e-02,-8.858816964285713691e-02,-8.775111607142857539e-02,-8.789062500000000000e-02,-8.761160714285713691e-02,-8.844866071428571230e-02,-8.761160714285713691e-02,-8.761160714285713691e-02,-8.747209821428571230e-02,-8.677455357142857539e-02,-8.635602678571428770e-02,-8.649553571428571230e-02,-8.565848214285713691e-02,-8.663504464285713691e-02,-8.719308035714286309e-02,-8.705357142857142461e-02
-3.780691964285714385e-02,-3.724888392857143155e-02,-3.822544642857143155e-02,-3.850446428571428770e-02,-3.794642857142856845e-02,-3.696986607142856845e-02,-3.794642857142856845e-02,-3.808593750000000000e-02,-3.724888392857143155e-02,-3.766741071428571230e-02,-3.669084821428571230e-02,-3.641183035714285615e-02,-3.669084821428571230e-02,-3.724888392857143155e-02,-3.752790178571428770e-02,-3.683035714285714385e-02,-3.655133928571428770e-02,-4.073660714285714385e-02,-4.045758928571428770e-02,-3.850446428571428770e-02,-3.948102678571428770e-02,-4.003906250000000000e-02,-3.906250000000000000e-02,-3.836495535714285615e-02,-3.850446428571428770e-02,-3.850446428571428770e-02,-3.878348214285714385e-02,-3.962053571428571230e-02,-3.850446428571428770e-02,-3.808593750000000000e-02,-3.766741071428571230e-02,-3.892299107142856845e-02,-3.780691964285714385e-02,-3.752790178571428770e-02,-3.808593750000000000e-02,-3.766741071428571230e-02,-3.696986607142856845e-02,-3.738839285714285615e-02,-3.627232142857143155e-02,-3.738839285714285615e-02,-3.724888392857143155e-02,-3.836495535714285615e-02
-4.757254464285714385e-02,-4.589843750000000000e-02,-4.617745535714285615e-02,-4.478236607142856845e-02,-4.617745535714285615e-02,-4.478236607142856845e-02,-4.659598214285714385e-02,-4.561941964285714385e-02,-4.520089285714285615e-02,-4.617745535714285615e-02,-4.520089285714285615e-02,-4.603794642857143155e-02,-4.617745535714285615e-02,-4.645647321428571230e-02,-4.631696428571428770e-02,-4.520089285714285615e-02,-4.645647321428571230e-02,-4.729352678571428770e-02,-4.743303571428571230e-02,-4.534040178571428770e-02,-4.645647321428571230e-02,-4.715401785714285615e-02,-4.673549107142856845e-02,-4.617745535714285615e-02,-4.701450892857143155e-02,-4.715401785714285615e-02,-4.561941964285714385e-02,-4.729352678571428770e-02,-4.575892857142856845e-02,-4.589843750000000000e-02,-4.617745535714285615e-02,-4.687500000000000000e-02,-4.617745535714285615e-02,-4.617745535714285615e-02,-4.687500000000000000e-02,-4.520089285714285615e-02,-4.589843750000000000e-02,-4.589843750000000000e-02,-4.534040178571428770e-02,-4.575892857142856845e-02,-4.603794642857143155e-02,-4.659598214285714385e-02
-1.389508928571428492e-01,-1.372767857142857262e-01,-1.371372767857142738e-01,-1.367187500000000000e-01,-1.371372767857142738e-01,-1.354631696428571508e-01,-1.368582589285714246e-01,-1.356026785714285754e-01,-1.356026785714285754e-01,-1.354631696428571508e-01,-1.357421875000000000e-01,-1.363002232142857262e-01,-1.367187500000000000e-01,-1.360212053571428492e-01,-1.358816964285714246e-01,-1.354631696428571508e-01,-1.360212053571428492e-01,-1.390904017857142738e-01,-1.397879464285714246e-01,-1.381138392857142738e-01,-1.389508928571428492e-01,-1.388113839285714246e-01,-1.385323660714285754e-01,-1.369977678571428492e-01,-1.390904017857142738e-01,-1.393694196428571508e-01,-1.376953125000000000e-01,-1.383928571428571508e-01,-1.374162946428571508e-01,-1.379743303571428492e-01,-1.372767857142857262e-01,-1.383928571428571508e-01,-1.379743303571428492e-01,-1.368582589285714246e-01,-1.376953125000000000e-01,-1.364397321428571508e-01,-1.375558035714285754e-01,-1.371372767857142738e-01,-1.364397321428571508e-01,-1.356026785714285754e-01,-1.367187500000000000e-01,-1.381138392857142738e-01
-7.310267857142857539e-02,-7.142857142857142461e-02,-7.296316964285713691e-02,-7.212611607142857539e-02,-7.254464285714286309e-02,-7.128906250000000000e-02,-7.254464285714286309e-02,-7.254464285714286309e-02,-7.142857142857142461e-02,-7.254464285714286309e-02,-7.184709821428571230e-02,-7.170758928571428770e-02,-7.156808035714286309e-02,-7.184709821428571230e-02,-7.184709821428571230e-02,-7.142857142857142461e-02,-7.142857142857142461e-02,-7.449776785714286309e-02,-7.491629464285713691e-02,-7.254464285714286309e-02,-7.324218750000000000e-02,-7.407924107142857539e-02,-7.393973214285713691e-02,-7.268415178571428770e-02,-7.310267857142857539e-02,-7.296316964285713691e-02,-7.296316964285713691e-02,-7.366071428571428770e-02,-7.352120535714286309e-02,-7.282366071428571230e-02,-7.338169642857142461e-02,-7.352120535714286309e-02,-7.212611607142857539e-02,-7.296316964285713691e-02,-7.282366071428571230e-02,-7.212611607142857539e-02,-7.212611607142857539e-02,-7.198660714285713691e-02,-7.101004464285713691e-02,-7.184709821428571230e-02,-7.254464285714286309e-02,-7.240513392857142461e-02
-2.385602678571428423e-02,-2.246093750000000000e-02,-2.399553571428571577e-02,-2.399553571428571577e-02,-2.357700892857142808e-02,-2.343750000000000000e-02,-2.357700892857142808e-02,-2.441406250000000000e-02,-2.246093750000000000e-02,-2.399553571428571577e-02,-2.287946428571428423e-02,-2.343750000000000000e-02,-2.301897321428571577e-02,-2.343750000000000000e-02,-2.357700892857142808e-02,-2.301897321428571577e-02,-2.287946428571428423e-02,-2.594866071428571577e-02,-2.650669642857142808e-02,-2.497209821428571577e-02,-2.469308035714285615e-02,-2.608816964285714385e-02,-2.525111607142857192e-02,-2.483258928571428423e-02,-2.455357142857142808e-02,-2.427455357142857192e-02,-2.399553571428571577e-02,-2.566964285714285615e-02,-2.525111607142857192e-02,-2.329799107142857192e-02,-2.357700892857142808e-02,-2.497209821428571577e-02,-2.385602678571428423e-02,-2.413504464285714385e-02,-2.357700892857142808e-02,-2.315848214285714385e-02,-2.315848214285714385e-02,-2.273995535714285615e-02,-2.287946428571428423e-02,-2.329799107142857192e-02,-2.357700892857142808e-02,-2.469308035714285615e-02
-3.696986607142856845e-02,-3.599330357142856845e-02,-3.599330357142856845e-02,-3.501674107142856845e-02,-3.571428571428571230e-02,-3.487723214285714385e-02,-3.557477678571428770e-02,-3.557477678571428770e-02,-3.487723214285714385e-02,-3.543526785714285615e-02,-3.473772321428571230e-02,-3.515625000000000000e-02,-3.641183035714285615e-02,-3.599330357142856845e-02,-3.557477678571428770e-02,-3.557477678571428770e-02,-3.557477678571428770e-02,-3.710937500000000000e-02,-3.655133928571428770e-02,-3.459821428571428770e-02,-3.669084821428571230e-02,-3.683035714285714385e-02,-3.599330357142856845e-02,-3.571428571428571230e-02,-3.613281250000000000e-02,-3.641183035714285615e-02,-3.571428571428571230e-02,-3.627232142857143155e-02,-3.515625000000000000e-02,-3.557477678571428770e-02,-3.585379464285714385e-02,-3.613281250000000000e-02,-3.641183035714285615e-02,-3.627232142857143155e-02,-3.585379464285714385e-02,-3.487723214285714385e-02,-3.585379464285714385e-02,-3.599330357142856845e-02,-3.543526785714285615e-02,-3.543526785714285615e-02,-3.627232142857143155e-02,-3.683035714285714385e-02
-1.174665178571428631e-01,-1.169084821428571369e-01,-1.155133928571428631e-01,-1.149553571428571369e-01,-1.160714285714285754e-01,-1.156529017857142877e-01,-1.164899553571428631e-01,-1.150948660714285754e-01,-1.145368303571428631e-01,-1.148158482142857123e-01,-1.160714285714285754e-01,-1.164899553571428631e-01,-1.159319196428571369e-01,-1.157924107142857123e-01,-1.155133928571428631e-01,-1.148158482142857123e-01,-1.155133928571428631e-01,-1.166294642857142877e-01,-1.176060267857142877e-01,-1.155133928571428631e-01,-1.173270089285714246e-01,-1.171875000000000000e-01,-1.174665178571428631e-01,-1.160714285714285754e-01,-1.169084821428571369e-01,-1.173270089285714246e-01,-1.164899553571428631e-01,-1.167689732142857123e-01,-1.159319196428571369e-01,-1.160714285714285754e-01,-1.167689732142857123e-01,-1.167689732142857123e-01,-1.164899553571428631e-01,-1.159319196428571369e-01,-1.171875000000000000e-01,-1.153738839285714246e-01,-1.164899553571428631e-01,-1.160714285714285754e-01,-1.163504464285714246e-01,-1.150948660714285754e-01,-1.159319196428571369e-01,-1.176060267857142877e-01
-1.953125000000000000e-02,-1.827566964285714385e-02,-1.953125000000000000e-02,-1.897321428571428423e-02,-1.897321428571428423e-02,-1.883370535714285615e-02,-1.911272321428571577e-02,-1.953125000000000000e-02,-1.813616071428571577e-02,-1.897321428571428423e-02,-1.897321428571428423e-02,-1.855468750000000000e-02,-1.925223214285714385e-02,-1.925223214285714385e-02,-1.994977678571428423e-02,-1.925223214285714385e-02,-1.855468750000000000e-02,-2.022879464285714385e-02,-2.050781250000000000e-02,-1.757812500000000000e-02,-1.953125000000000000e-02,-1.994977678571428423e-02,-1.967075892857142808e-02,-1.925223214285714385e-02,-1.883370535714285615e-02,-1.994977678571428423e-02,-1.911272321428571577e-02,-1.925223214285714385e-02,-1.883370535714285615e-02,-1.883370535714285615e-02,-1.897321428571428423e-02,-1.939174107142857192e-02,-1.897321428571428423e-02,-1.953125000000000000e-02,-1.925223214285714385e-02,-1.855468750000000000e-02,-1.883370535714285615e-02,-1.869419642857142808e-02,-1.827566964285714385e-02,-1.897321428571428423e-02,-1.925223214285714385e-02,-1.994977678571428423e-02
3.194754464285714385e-02,3.180803571428571230e-02,3.083147321428571577e-02,3.125000000000000000e-02,3.083147321428571577e-02,3.208705357142856845e-02,3.180803571428571230e-02,2.999441964285714385e-02,3.208705357142856845e-02,3.027343750000000000e-02,3.180803571428571230e-02,3.180803571428571230e-02,3.125000000000000000e-02,3.083147321428571577e-02,3.041294642857142808e-02,3.111049107142857192e-02,3.111049107142857192e-02,3.111049107142857192e-02,3.027343750000000000e-02,3.194754464285714385e-02,3.166852678571428770e-02,3.055245535714285615e-02,3.055245535714285615e-02,3.125000000000000000e-02,3.125000000000000000e-02,3.152901785714285615e-02,3.097098214285714385e-02,3.111049107142857192e-02,3.083147321428571577e-02,3.236607142857143155e-02,3.222656250000000000e-02,3.111049107142857192e-02,3.125000000000000000e-02,3.097098214285714385e-02,3.152901785714285615e-02,3.180803571428571230e-02,3.236607142857143155e-02,3.250558035714285615e-02,3.166852678571428770e-02,3.180803571428571230e-02,3.166852678571428770e-02,2.999441964285714385e-02
1.506696428571428596e-02,1.576450892857142808e-02,1.674107142857142808e-02,1.646205357142857192e-02,1.548549107142857192e-02,1.702008928571428423e-02,1.562500000000000000e-02,1.590401785714285615e-02,1.674107142857142808e-02,1.702008928571428423e-02,1.618303571428571577e-02,1.590401785714285615e-02,1.492745535714285789e-02,1.562500000000000000e-02,1.534598214285714211e-02,1.548549107142857192e-02,1.562500000000000000e-02,1.646205357142857192e-02,1.576450892857142808e-02,1.855468750000000000e-02,1.632254464285714385e-02,1.590401785714285615e-02,1.646205357142857192e-02,1.743861607142857192e-02,1.576450892857142808e-02,1.618303571428571577e-02,1.688058035714285615e-02,1.576450892857142808e-02,1.715959821428571577e-02,1.604352678571428423e-02,1.646205357142857192e-02,1.590401785714285615e-02,1.646205357142857192e-02,1.632254464285714385e-02,1.590401785714285615e-02,1.688058035714285615e-02,1.576450892857142808e-02,1.646205357142857192e-02,1.688058035714285615e-02,1.674107142857142808e-02,1.590401785714285615e-02,1.534598214285714211e-02
-8.551897321428571230e-02,-8.537946428571428770e-02,-8.523995535714286309e-02,-8.412388392857142461e-02,-8.537946428571428770e-02,-8.454241071428571230e-02,-8.496093750000000000e-02,-8.496093750000000000e-02,-8.384486607142857539e-02,-8.426339285714286309e-02,-8.356584821428571230e-02,-8.468191964285713691e-02,-8.454241071428571230e-02,-8.454241071428571230e-02,-8.454241071428571230e-02,-8.370535714285713691e-02,-8.384486607142857539e-02,-8.761160714285713691e-02,-8.733258928571428770e-02,-8.537946428571428770e-02,-8.677455357142857539e-02,-8.677455357142857539e-02,-8.649553571428571230e-02,-8.510044642857142461e-02,-8.607700892857142461e-02,-8.635602678571428770e-02,-8.537946428571428770e-02,-8.593750000000000000e-02,-8.565848214285713691e-02,-8.537946428571428770e-02,-8.551897321428571230e-02,-8.551897321428571230e-02,-8.482142857142857539e-02,-8.579799107142857539e-02,-8.510044642857142461e-02,-8.440290178571428770e-02,-8.496093750000000000e-02,-8.496093750000000000e-02,-8.440290178571428770e-02,-8.468191964285713691e-02,-8.426339285714286309e-02,-8.551897321428571230e-02
-6.431361607142857539e-02,-6.375558035714286309e-02,-6.333705357142857539e-02,-6.305803571428571230e-02,-6.319754464285713691e-02,-6.319754464285713691e-02,-6.347656250000000000e-02,-6.319754464285713691e-02,-6.250000000000000000e-02,-6.263950892857142461e-02,-6.291852678571428770e-02,-6.222098214285714385e-02,-6.305803571428571230e-02,-6.319754464285713691e-02,-6.263950892857142461e-02,-6.236049107142856845e-02,-6.250000000000000000e-02,-6.556919642857142461e-02,-6.556919642857142461e-02,-6.445312500000000000e-02,-6.431361607142857539e-02,-6.542968750000000000e-02,-6.431361607142857539e-02,-6.375558035714286309e-02,-6.431361607142857539e-02,-6.529017857142857539e-02,-6.417410714285713691e-02,-6.487165178571428770e-02,-6.417410714285713691e-02,-6.389508928571428770e-02,-6.417410714285713691e-02,-6.403459821428571230e-02,-6.361607142857142461e-02,-6.403459821428571230e-02,-6.389508928571428770e-02,-6.291852678571428770e-02,-6.361607142857142461e-02,-6.277901785714286309e-02,-6.263950892857142461e-02,-6.319754464285713691e-02,-6.361607142857142461e-02,-6.375558035714286309e-02
-1.841517857142857192e-02,-1.799665178571428423e-02,-1.953125000000000000e-02,-1.813616071428571577e-02,-1.911272321428571577e-02,-1.729910714285714385e-02,-1.799665178571428423e-02,-1.925223214285714385e-02,-1.785714285714285615e-02,-2.008928571428571577e-02,-1.702008928571428423e-02,-1.813616071428571577e-02,-1.813616071428571577e-02,-1.841517857142857192e-02,-1.869419642857142808e-02,-1.688058035714285615e-02,-1.743861607142857192e-02,-2.036830357142857192e-02,-2.022879464285714385e-02,-1.939174107142857192e-02,-2.008928571428571577e-02,-2.022879464285714385e-02,-2.036830357142857192e-02,-2.022879464285714385e-02,-1.911272321428571577e-02,-1.953125000000000000e-02,-1.953125000000000000e-02,-1.939174107142857192e-02,-1.967075892857142808e-02,-1.883370535714285615e-02,-1.841517857142857192e-02,-1.925223214285714385e-02,-1.855468750000000000e-02,-2.008928571428571577e-02,-1.827566964285714385e-02,-1.841517857142857192e-02,-1.743861607142857192e-02,-1.813616071428571577e-02,-1.785714285714285615e-02,-1.883370535714285615e-02,-1.813616071428571577e-02,-1.883370535714285615e-02
-3.166852678571428770e-02,-3.166852678571428770e-02,-3.083147321428571577e-02,-3.041294642857142808e-02,-3.069196428571428423e-02,-2.999441964285714385e-02,-3.125000000000000000e-02,-3.069196428571428423e-02,-2.999441964285714385e-02,-2.943638392857142808e-02,-3.083147321428571577e-02,-3.083147321428571577e-02,-3.083147321428571577e-02,-3.097098214285714385e-02,-3.097098214285714385e-02,-3.083147321428571577e-02,-3.097098214285714385e-02,-3.125000000000000000e-02,-3.194754464285714385e-02,-3.027343750000000000e-02,-3.125000000000000000e-02,-3.194754464285714385e-02,-3.097098214285714385e-02,-3.069196428571428423e-02,-3.152901785714285615e-02,-3.152901785714285615e-02,-3.097098214285714385e-02,-3.125000000000000000e-02,-3.055245535714285615e-02,-3.069196428571428423e-02,-3.069196428571428423e-02,-3.111049107142857192e-02,-3.083147321428571577e-02,-3.111049107142857192e-02,-3.125000000000000000e-02,-3.055245535714285615e-02,-3.083147321428571577e-02,-3.069196428571428423e-02,-3.013392857142857192e-02,-3.013392857142857192e-02,-3.097098214285714385e-02,-3.208705357142856845e-02
-1.724330357142857262e-01,-1.721540178571428492e-01,-1.717354910714285754e-01,-1.703404017857142738e-01,-1.714564732142857262e-01,-1.702008928571428492e-01,-1.713169642857142738e-01,-1.706194196428571508e-01,-1.695033482142857262e-01,-1.699218750000000000e-01,-1.700613839285714246e-01,-1.703404017857142738e-01,-1.714564732142857262e-01,-1.708984375000000000e-01,-1.703404017857142738e-01,-1.702008928571428492e-01,-1.703404017857142738e-01,-1.741071428571428492e-01,-1.735491071428571508e-01,-1.721540178571428492e-01,-1.728515625000000000e-01,-1.732700892857142738e-01,-1.729910714285714246e-01,-1.720145089285714246e-01,-1.736886160714285754e-01,-1.727120535714285754e-01,-1.721540178571428492e-01,-1.727120535714285754e-01,-1.722935267857142738e-01,-1.721540178571428492e-01,-1.721540178571428492e-01,-1.722935267857142738e-01,-1.724330357142857262e-01,-1.725725446428571508e-01,-1.718750000000000000e-01,-1.710379464285714246e-01,-1.715959821428571508e-01,-1.718750000000000000e-01,-1.710379464285714246e-01,-1.711774553571428492e-01,-1.711774553571428492e-01,-1.718750000000000000e-01
-6.473214285714286309e-02,-6.487165178571428770e-02,-6.473214285714286309e-02,-6.431361607142857539e-02,-6.459263392857142461e-02,-6.375558035714286309e-02,-6.459263392857142461e-02,-6.501116071428571230e-02,-6.361607142857142461e-02,-6.459263392857142461e-02,-6.431361607142857539e-02,-6.361607142857142461e-02,-6.487165178571428770e-02,-6.529017857142857539e-02,-6.501116071428571230e-02,-6.375558035714286309e-02,-6.431361607142857539e-02,-6.598772321428571230e-02,-6.598772321428571230e-02,-6.487165178571428770e-02,-6.501116071428571230e-02,-6.584821428571428770e-02,-6.556919642857142461e-02,-6.501116071428571230e-02,-6.556919642857142461e-02,-6.556919642857142461e-02,-6.542968750000000000e-02,-6.570870535714286309e-02,-6.487165178571428770e-02,-6.515066964285713691e-02,-6.529017857142857539e-02,-6.556919642857142461e-02,-6.431361607142857539e-02,-6.529017857142857539e-02,-6.542968750000000000e-02,-6.445312500000000000e-02,-6.459263392857142461e-02,-6.417410714285713691e-02,-6.417410714285713691e-02,-6.445312500000000000e-02,-6.487165178571428770e-02,-6.556919642857142461e-02
-7.254464285714285962e-03,-6.696428571428571057e-03,-7.952008928571428076e-03,-7.533482142857142981e-03,-7.672991071428571057e-03,-6.556919642857142981e-03,-7.254464285714285962e-03,-8.928571428571428076e-03,-6.975446428571428943e-03,-8.649553571428571924e-03,-6.138392857142857019e-03,-6.417410714285714038e-03,-6.975446428571428943e-03,-7.672991071428571057e-03,-7.254464285714285962e-03,-6.138392857142857019e-03,-6.696428571428571057e-03,-8.370535714285714038e-03,-8.370535714285714038e-03,-6.556919642857142981e-03,-7.393973214285714038e-03,-7.952008928571428076e-03,-8.231026785714285962e-03,-7.393973214285714038e-03,-7.114955357142857019e-03,-7.254464285714285962e-03,-7.254464285714285962e-03,-7.952008928571428076e-03,-7.393973214285714038e-03,-7.114955357142857019e-03,-6.696428571428571057e-03,-7.393973214285714038e-03,-5.998883928571428943e-03,-7.533482142857142981e-03,-7.254464285714285962e-03,-6.975446428571428943e-03,-6.138392857142857019e-03,-6.556919642857142981e-03,-6.417410714285714038e-03,-7.533482142857142981e-03,-6.556919642857142981e-03,-7.114955357142857019e-03
-1.241629464285714211e-02,-1.297433035714285789e-02,-1.213727678571428596e-02,-1.157924107142857192e-02,-1.185825892857142808e-02,-1.116071428571428596e-02,-1.255580357142857192e-02,-1.269531250000000000e-02,-1.171875000000000000e-02,-1.199776785714285789e-02,-1.283482142857142808e-02,-1.283482142857142808e-02,-1.297433035714285789e-02,-1.269531250000000000e-02,-1.269531250000000000e-02,-1.283482142857142808e-02,-1.241629464285714211e-02,-1.185825892857142808e-02,-1.255580357142857192e-02,-1.157924107142857192e-02,-1.227678571428571404e-02,-1.269531250000000000e-02,-1.213727678571428596e-02,-1.116071428571428596e-02,-1.255580357142857192e-02,-1.283482142857142808e-02,-1.269531250000000000e-02,-1.269531250000000000e-02,-1.283482142857142808e-02,-1.213727678571428596e-02,-1.199776785714285789e-02,-1.269531250000000000e-02,-1.241629464285714211e-02,-1.213727678571428596e-02,-1.325334821428571404e-02,-1.255580357142857192e-02,-1.255580357142857192e-02,-1.283482142857142808e-02,-1.283482142857142808e-02,-1.227678571428571404e-02,-1.255580357142857192e-02,-1.381138392857142808e-02
-9.095982142857142461e-02,-9.040178571428571230e-02,-8.956473214285713691e-02,-8.858816964285713691e-02,-9.040178571428571230e-02,-8.872767857142857539e-02,-8.998325892857142461e-02,-8.942522321428571230e-02,-8.830915178571428770e-02,-8.886718750000000000e-02,-8.942522321428571230e-02,-8.900669642857142461e-02,-9.054129464285713691e-02,-8.956473214285713691e-02,-8.970424107142857539e-02,-8.956473214285713691e-02,-9.026227678571428770e-02,-9.054129464285713691e-02,-8.998325892857142461e-02,-8.886718750000000000e-02,-9.012276785714286309e-02,-9.012276785714286309e-02,-8.970424107142857539e-02,-8.928571428571428770e-02,-9.026227678571428770e-02,-9.026227678571428770e-02,-8.928571428571428770e-02,-9.068080357142857539e-02,-8.914620535714286309e-02,-8.956473214285713691e-02,-8.942522321428571230e-02,-8.998325892857142461e-02,-9.054129464285713691e-02,-8.942522321428571230e-02,-9.054129464285713691e-02,-8.844866071428571230e-02,-9.054129464285713691e-02,-8.942522321428571230e-02,-8.928571428571428770e-02,-8.900669642857142461e-02,-8.998325892857142461e-02,-9.068080357142857539e-02
2.371651785714285528e-03,2.790178571428571491e-03,1.953125000000000000e-03,2.650669642857142981e-03,2.371651785714285528e-03,3.208705357142857019e-03,2.790178571428571491e-03,1.813616071428571491e-03,2.371651785714285528e-03,1.674107142857142764e-03,2.232142857142857019e-03,2.790178571428571491e-03,2.092633928571428509e-03,1.674107142857142764e-03,1.395089285714285745e-03,2.371651785714285528e-03,2.232142857142857019e-03,2.511160714285714472e-03,2.790178571428571491e-03,3.487723214285714472e-03,2.929687500000000000e-03,1.953125000000000000e-03,2.929687500000000000e-03,3.069196428571428509e-03,2.929687500000000000e-03,2.511160714285714472e-03,2.511160714285714472e-03,2.232142857142857019e-03,2.650669642857142981e-03,2.790178571428571491e-03,3.627232142857142981e-03,2.232142857142857019e-03,2.650669642857142981e-03,2.092633928571428509e-03,2.650669642857142981e-03,3.348214285714285528e-03,2.650669642857142981e-03,2.232142857142857019e-03,3.208705357142857019e-03,2.650669642857142981e-03,2.371651785714285528e-03,1.255580357142857236e-03
5.203683035714285615e-02,5.287388392857143155e-02,5.189732142857143155e-02,5.106026785714285615e-02,5.189732142857143155e-02,5.245535714285714385e-02,5.203683035714285615e-02,5.036272321428571230e-02,5.189732142857143155e-02,5.008370535714285615e-02,5.175781250000000000e-02,5.217633928571428770e-02,5.161830357142856845e-02,5.022321428571428770e-02,5.119977678571428770e-02,5.217633928571428770e-02,5.175781250000000000e-02,5.161830357142856845e-02,5.133928571428571230e-02,5.273437500000000000e-02,5.273437500000000000e-02,5.161830357142856845e-02,5.245535714285714385e-02,5.175781250000000000e-02,5.231584821428571230e-02,5.189732142857143155e-02,5.161830357142856845e-02,5.217633928571428770e-02,5.217633928571428770e-02,5.273437500000000000e-02,5.203683035714285615e-02,5.203683035714285615e-02,5.175781250000000000e-02,5.189732142857143155e-02,5.161830357142856845e-02,5.175781250000000000e-02,5.161830357142856845e-02,5.189732142857143155e-02,5.161830357142856845e-02,5.161830357142856845e-02,5.175781250000000000e-02,5.161830357142856845e-02
3.334263392857143155e-02,3.390066964285714385e-02,3.320312500000000000e-02,3.417968750000000000e-02,3.320312500000000000e-02,3.376116071428571230e-02,3.334263392857143155e-02,3.306361607142856845e-02,3.431919642857143155e-02,3.292410714285714385e-02,3.334263392857143155e-02,3.306361607142856845e-02,3.250558035714285615e-02,3.264508928571428770e-02,3.250558035714285615e-02,3.250558035714285615e-02,3.250558035714285615e-02,3.431919642857143155e-02,3.431919642857143155e-02,3.529575892857143155e-02,3.445870535714285615e-02,3.404017857142856845e-02,3.376116071428571230e-02,3.515625000000000000e-02,3.390066964285714385e-02,3.320312500000000000e-02,3.390066964285714385e-02,3.404017857142856845e-02,3.334263392857143155e-02,3.431919642857143155e-02,3.376116071428571230e-02,3.348214285714285615e-02,3.320312500000000000e-02,3.334263392857143155e-02,3.334263392857143155e-02,3.431919642857143155e-02,3.278459821428571230e-02,3.306361607142856845e-02,3.320312500000000000e-02,3.306361607142856845e-02,3.334263392857143155e-02,3.208705357142856845e-02
-2.218191964285714385e-02,-2.106584821428571577e-02,-2.064732142857142808e-02,-1.981026785714285615e-02,-2.106584821428571577e-02,-2.036830357142857192e-02,-2.092633928571428423e-02,-2.050781250000000000e-02,-1.939174107142857192e-02,-2.036830357142857192e-02,-2.078683035714285615e-02,-2.106584821428571577e-02,-2.218191964285714385e-02,-2.078683035714285615e-02,-2.204241071428571577e-02,-2.148437500000000000e-02,-2.162388392857142808e-02,-2.050781250000000000e-02,-2.050781250000000000e-02,-1.911272321428571577e-02,-2.064732142857142808e-02,-2.092633928571428423e-02,-2.022879464285714385e-02,-1.953125000000000000e-02,-2.120535714285714385e-02,-2.190290178571428423e-02,-2.022879464285714385e-02,-2.064732142857142808e-02,-2.022879464285714385e-02,-2.036830357142857192e-02,-2.064732142857142808e-02,-2.120535714285714385e-02,-2.120535714285714385e-02,-2.092633928571428423e-02,-2.106584821428571577e-02,-1.967075892857142808e-02,-2.106584821428571577e-02,-2.162388392857142808e-02,-2.092633928571428423e-02,-2.064732142857142808e-02,-2.190290178571428423e-02,-2.204241071428571577e-02
6.319754464285713691e-02,6.347656250000000000e-02,6.263950892857142461e-02,6.319754464285713691e-02,6.277901785714286309e-02,6.361607142857142461e-02,6.291852678571428770e-02,6.208147321428571230e-02,6.333705357142857539e-02,6.152343750000000000e-02,6.291852678571428770e-02,6.250000000000000000e-02,6.194196428571428770e-02,6.208147321428571230e-02,6.138392857142856845e-02,6.263950892857142461e-02,6.208147321428571230e-02,6.375558035714286309e-02,6.291852678571428770e-02,6.487165178571428770e-02,6.361607142857142461e-02,6.319754464285713691e-02,6.333705357142857539e-02,6.417410714285713691e-02,6.319754464285713691e-02,6.347656250000000000e-02,6.291852678571428770e-02,6.305803571428571230e-02,6.291852678571428770e-02,6.347656250000000000e-02,6.375558035714286309e-02,6.291852678571428770e-02,6.291852678571428770e-02,6.277901785714286309e-02,6.263950892857142461e-02,6.305803571428571230e-02,6.291852678571428770e-02,6.236049107142856845e-02,6.361607142857142461e-02,6.250000000000000000e-02,6.263950892857142461e-02,6.180245535714285615e-02
1.036551339285714246e-01,1.047712053571428631e-01,1.028180803571428631e-01,1.026785714285714246e-01,1.036551339285714246e-01,1.043526785714285754e-01,1.035156250000000000e-01,1.026785714285714246e-01,1.032366071428571369e-01,1.019810267857142877e-01,1.032366071428571369e-01,1.032366071428571369e-01,1.029575892857142877e-01,1.023995535714285754e-01,1.026785714285714246e-01,1.030970982142857123e-01,1.029575892857142877e-01,1.049107142857142877e-01,1.039341517857142877e-01,1.050502232142857123e-01,1.047712053571428631e-01,1.039341517857142877e-01,1.043526785714285754e-01,1.042131696428571369e-01,1.044921875000000000e-01,1.040736607142857123e-01,1.040736607142857123e-01,1.042131696428571369e-01,1.037946428571428631e-01,1.042131696428571369e-01,1.047712053571428631e-01,1.043526785714285754e-01,1.044921875000000000e-01,1.032366071428571369e-01,1.037946428571428631e-01,1.039341517857142877e-01,1.033761160714285754e-01,1.040736607142857123e-01,1.040736607142857123e-01,1.033761160714285754e-01,1.035156250000000000e-01,1.029575892857142877e-01
7.393973214285713691e-02,7.449776785714286309e-02,7.380022321428571230e-02,7.505580357142857539e-02,7.421875000000000000e-02,7.477678571428571230e-02,7.352120535714286309e-02,7.338169642857142461e-02,7.449776785714286309e-02,7.407924107142857539e-02,7.435825892857142461e-02,7.338169642857142461e-02,7.282366071428571230e-02,7.324218750000000000e-02,7.254464285714286309e-02,7.310267857142857539e-02,7.310267857142857539e-02,7.505580357142857539e-02,7.533482142857142461e-02,7.700892857142857539e-02,7.547433035714286309e-02,7.491629464285713691e-02,7.505580357142857539e-02,7.589285714285713691e-02,7.477678571428571230e-02,7.505580357142857539e-02,7.477678571428571230e-02,7.421875000000000000e-02,7.477678571428571230e-02,7.463727678571428770e-02,7.477678571428571230e-02,7.421875000000000000e-02,7.435825892857142461e-02,7.366071428571428770e-02,7.380022321428571230e-02,7.477678571428571230e-02,7.421875000000000000e-02,7.366071428571428770e-02,7.435825892857142461e-02,7.380022321428571230e-02,7.296316964285713691e-02,7.268415178571428770e-02
-4.185267857142857019e-03,-3.348214285714285528e-03,-3.208705357142857019e-03,-2.511160714285714472e-03,-3.627232142857142981e-03,-2.790178571428571491e-03,-4.045758928571428943e-03,-2.790178571428571491e-03,-2.650669642857142981e-03,-3.348214285714285528e-03,-3.766741071428571491e-03,-2.929687500000000000e-03,-3.906250000000000000e-03,-3.487723214285714472e-03,-4.185267857142857019e-03,-3.487723214285714472e-03,-3.348214285714285528e-03,-3.208705357142857019e-03,-4.185267857142857019e-03,-3.069196428571428509e-03,-4.185267857142857019e-03,-4.185267857142857019e-03,-4.185267857142857019e-03,-3.348214285714285528e-03,-4.045758928571428943e-03,-3.906250000000000000e-03,-3.487723214285714472e-03,-3.627232142857142981e-03,-3.348214285714285528e-03,-3.906250000000000000e-03,-3.348214285714285528e-03,-4.464285714285714038e-03,-3.348214285714285528e-03,-3.906250000000000000e-03,-4.185267857142857019e-03,-2.650669642857142981e-03,-3.208705357142857019e-03,-3.348214285714285528e-03,-2.650669642857142981e-03,-2.929687500000000000e-03,-3.348214285714285528e-03,-4.743303571428571057e-03
1.395089285714285789e-02,1.422991071428571404e-02,1.353236607142857192e-02,1.436941964285714211e-02,1.395089285714285789e-02,1.492745535714285789e-02,1.436941964285714211e-02,1.409040178571428596e-02,1.534598214285714211e-02,1.339285714285714211e-02,1.450892857142857192e-02,1.464843750000000000e-02,1.381138392857142808e-02,1.422991071428571404e-02,1.409040178571428596e-02,1.422991071428571404e-02,1.506696428571428596e-02,1.450892857142857192e-02,1.381138392857142808e-02,1.520647321428571404e-02,1.409040178571428596e-02,1.353236607142857192e-02,1.339285714285714211e-02,1.409040178571428596e-02,1.422991071428571404e-02,1.395089285714285789e-02,1.409040178571428596e-02,1.422991071428571404e-02,1.422991071428571404e-02,1.436941964285714211e-02,1.395089285714285789e-02,1.464843750000000000e-02,1.492745535714285789e-02,1.395089285714285789e-02,1.422991071428571404e-02,1.478794642857142808e-02,1.450892857142857192e-02,1.436941964285714211e-02,1.506696428571428596e-02,1.478794642857142808e-02,1.422991071428571404e-02,1.436941964285714211e-02
5.050223214285714385e-02,5.064174107142856845e-02,4.966517857142856845e-02,4.952566964285714385e-02,5.050223214285714385e-02,5.078125000000000000e-02,5.022321428571428770e-02,4.924665178571428770e-02,5.050223214285714385e-02,4.854910714285714385e-02,4.994419642857143155e-02,5.008370535714285615e-02,5.008370535714285615e-02,4.966517857142856845e-02,5.008370535714285615e-02,5.022321428571428770e-02,5.147879464285714385e-02,5.008370535714285615e-02,4.910714285714285615e-02,4.994419642857143155e-02,5.092075892857143155e-02,4.910714285714285615e-02,4.910714285714285615e-02,5.008370535714285615e-02,5.036272321428571230e-02,5.008370535714285615e-02,4.994419642857143155e-02,4.994419642857143155e-02,5.008370535714285615e-02,5.036272321428571230e-02,5.092075892857143155e-02,5.008370535714285615e-02,5.092075892857143155e-02,5.036272321428571230e-02,4.980468750000000000e-02,5.022321428571428770e-02,4.966517857142856845e-02,5.022321428571428770e-02,5.106026785714285615e-02,5.078125000000000000e-02,5.036272321428571230e-02,5.106026785714285615e-02
2.176339285714285615e-02,2.232142857142857192e-02,2.232142857142857192e-02,2.371651785714285615e-02,2.232142857142857192e-02,2.246093750000000000e-02,2.287946428571428423e-02,2.246093750000000000e-02,2.399553571428571577e-02,2.287946428571428423e-02,2.273995535714285615e-02,2.301897321428571577e-02,2.218191964285714385e-02,2.218191964285714385e-02,2.134486607142857192e-02,2.260044642857142808e-02,2.315848214285714385e-02,2.260044642857142808e-02,2.218191964285714385e-02,2.371651785714285615e-02,2.232142857142857192e-02,2.246093750000000000e-02,2.232142857142857192e-02,2.329799107142857192e-02,2.246093750000000000e-02,2.273995535714285615e-02,2.260044642857142808e-02,2.204241071428571577e-02,2.260044642857142808e-02,2.246093750000000000e-02,2.273995535714285615e-02,2.176339285714285615e-02,2.232142857142857192e-02,2.232142857142857192e-02,2.190290178571428423e-02,2.301897321428571577e-02,2.232142857142857192e-02,2.246093750000000000e-02,2.301897321428571577e-02,2.260044642857142808e-02,2.218191964285714385e-02,2.134486607142857192e-02
-7.533482142857142461e-02,-7.449776785714286309e-02,-7.352120535714286309e-02,-7.310267857142857539e-02,-7.435825892857142461e-02,-7.338169642857142461e-02,-7.407924107142857539e-02,-7.380022321428571230e-02,-7.268415178571428770e-02,-7.338169642857142461e-02,-7.338169642857142461e-02,-7.366071428571428770e-02,-7.463727678571428770e-02,-7.296316964285713691e-02,-7.435825892857142461e-02,-7.380022321428571230e-02,-7.282366071428571230e-02,-7.575334821428571230e-02,-7.491629464285713691e-02,-7.366071428571428770e-02,-7.477678571428571230e-02,-7.603236607142857539e-02,-7.547433035714286309e-02,-7.435825892857142461e-02,-7.547433035714286309e-02,-7.533482142857142461e-02,-7.477678571428571230e-02,-7.533482142857142461e-02,-7.477678571428571230e-02,-7.449776785714286309e-02,-7.407924107142857539e-02,-7.505580357142857539e-02,-7.463727678571428770e-02,-7.407924107142857539e-02,-7.477678571428571230e-02,-7.268415178571428770e-02,-7.421875000000000000e-02,-7.463727678571428770e-02,-7.366071428571428770e-02,-7.310267857142857539e-02,-7.435825892857142461e-02,-7.575334821428571230e-02
-2.106584821428571577e-02,-1.994977678571428423e-02,-2.092633928571428423e-02,-2.120535714285714385e-02,-2.092633928571428423e-02,-2.008928571428571577e-02,-2.078683035714285615e-02,-2.050781250000000000e-02,-1.953125000000000000e-02,-2.036830357142857192e-02,-1.994977678571428423e-02,-1.953125000000000000e-02,-1.967075892857142808e-02,-1.981026785714285615e-02,-1.981026785714285615e-02,-1.981026785714285615e-02,-1.953125000000000000e-02,-2.176339285714285615e-02,-2.232142857142857192e-02,-2.050781250000000000e-02,-2.120535714285714385e-02,-2.232142857142857192e-02,-2.134486607142857192e-02,-2.092633928571428423e-02,-2.064732142857142808e-02,-2.120535714285714385e-02,-2.050781250000000000e-02,-2.078683035714285615e-02,-2.022879464285714385e-02,-2.092633928571428423e-02,-2.120535714285714385e-02,-2.106584821428571577e-02,-1.994977678571428423e-02,-1.994977678571428423e-02,-2.092633928571428423e-02,-2.036830357142857192e-02,-2.008928571428571577e-02,-1.967075892857142808e-02,-1.939174107142857192e-02,-1.967075892857142808e-02,-2.036830357142857192e-02,-2.022879464285714385e-02
1.897321428571428423e-02,1.953125000000000000e-02,1.743861607142857192e-02,1.813616071428571577e-02,1.855468750000000000e-02,1.953125000000000000e-02,1.757812500000000000e-02,1.729910714285714385e-02,1.897321428571428423e-02,1.813616071428571577e-02,1.967075892857142808e-02,1.925223214285714385e-02,1.953125000000000000e-02,1.897321428571428423e-02,1.897321428571428423e-02,1.939174107142857192e-02,1.925223214285714385e-02,1.771763392857142808e-02,1.729910714285714385e-02,1.869419642857142808e-02,1.911272321428571577e-02,1.688058035714285615e-02,1.715959821428571577e-02,1.827566964285714385e-02,1.813616071428571577e-02,1.855468750000000000e-02,1.785714285714285615e-02,1.869419642857142808e-02,1.841517857142857192e-02,1.855468750000000000e-02,1.925223214285714385e-02,1.855468750000000000e-02,1.897321428571428423e-02,1.855468750000000000e-02,1.911272321428571577e-02,1.897321428571428423e-02,1.925223214285714385e-02,1.897321428571428423e-02,1.925223214285714385e-02,1.925223214285714385e-02,1.897321428571428423e-02,1.897321428571428423e-02
-4.185267857142857019e-03,-2.511160714285714472e-03,-2.929687500000000000e-03,-2.650669642857142981e-03,-2.929687500000000000e-03,-2.092633928571428509e-03,-3.069196428571428509e-03,-2.511160714285714472e-03,-1.953125000000000000e-03,-2.371651785714285528e-03,-1.953125000000000000e-03,-2.511160714285714472e-03,-3.348214285714285528e-03,-2.790178571428571491e-03,-3.208705357142857019e-03,-2.371651785714285528e-03,-2.511160714285714472e-03,-3.487723214285714472e-03,-4.045758928571428943e-03,-1.813616071428571491e-03,-3.069196428571428509e-03,-3.487723214285714472e-03,-3.348214285714285528e-03,-2.650669642857142981e-03,-3.348214285714285528e-03,-3.766741071428571491e-03,-2.929687500000000000e-03,-3.487723214285714472e-03,-3.208705357142857019e-03,-2.790178571428571491e-03,-2.371651785714285528e-03,-3.348214285714285528e-03,-2.790178571428571491e-03,-3.069196428571428509e-03,-3.906250000000000000e-03,-1.813616071428571491e-03,-2.650669642857142981e-03,-2.371651785714285528e-03,-2.371651785714285528e-03,-3.208705357142857019e-03,-3.208705357142857019e-03,-3.069196428571428509e-03
-1.201171875000000000e-01,-1.195591517857142877e-01,-1.188616071428571369e-01,-1.177455357142857123e-01,-1.192801339285714246e-01,-1.181640625000000000e-01,-1.188616071428571369e-01,-1.190011160714285754e-01,-1.174665178571428631e-01,-1.183035714285714246e-01,-1.183035714285714246e-01,-1.185825892857142877e-01,-1.184430803571428631e-01,-1.177455357142857123e-01,-1.187220982142857123e-01,-1.176060267857142877e-01,-1.178850446428571369e-01,-1.217912946428571369e-01,-1.216517857142857123e-01,-1.199776785714285754e-01,-1.202566964285714246e-01,-1.210937500000000000e-01,-1.205357142857142877e-01,-1.203962053571428631e-01,-1.208147321428571369e-01,-1.203962053571428631e-01,-1.201171875000000000e-01,-1.202566964285714246e-01,-1.199776785714285754e-01,-1.198381696428571369e-01,-1.198381696428571369e-01,-1.196986607142857123e-01,-1.194196428571428631e-01,-1.194196428571428631e-01,-1.195591517857142877e-01,-1.184430803571428631e-01,-1.196986607142857123e-01,-1.192801339285714246e-01,-1.187220982142857123e-01,-1.190011160714285754e-01,-1.184430803571428631e-01,-1.199776785714285754e-01
-5.970982142857143155e-02,-5.901227678571428770e-02,-5.929129464285714385e-02,-5.970982142857143155e-02,-5.915178571428571230e-02,-5.789620535714285615e-02,-5.873325892857143155e-02,-5.929129464285714385e-02,-5.789620535714285615e-02,-5.859375000000000000e-02,-5.887276785714285615e-02,-5.817522321428571230e-02,-5.831473214285714385e-02,-5.817522321428571230e-02,-5.817522321428571230e-02,-5.901227678571428770e-02,-5.831473214285714385e-02,-6.166294642857143155e-02,-6.138392857142856845e-02,-5.998883928571428770e-02,-6.040736607142856845e-02,-6.152343750000000000e-02,-6.068638392857143155e-02,-6.040736607142856845e-02,-6.054687500000000000e-02,-6.082589285714285615e-02,-5.970982142857143155e-02,-6.026785714285714385e-02,-5.998883928571428770e-02,-5.998883928571428770e-02,-5.957031250000000000e-02,-5.984933035714285615e-02,-5.873325892857143155e-02,-5.943080357142856845e-02,-5.957031250000000000e-02,-5.901227678571428770e-02,-5.915178571428571230e-02,-5.901227678571428770e-02,-5.915178571428571230e-02,-5.887276785714285615e-02,-5.859375000000000000e-02,-5.845424107142856845e-02
-1.353236607142857192e-02,-1.269531250000000000e-02,-1.464843750000000000e-02,-1.464843750000000000e-02,-1.450892857142857192e-02,-1.297433035714285789e-02,-1.422991071428571404e-02,-1.548549107142857192e-02,-1.297433035714285789e-02,-1.464843750000000000e-02,-1.297433035714285789e-02,-1.339285714285714211e-02,-1.269531250000000000e-02,-1.325334821428571404e-02,-1.339285714285714211e-02,-1.283482142857142808e-02,-1.241629464285714211e-02,-1.604352678571428423e-02,-1.646205357142857192e-02,-1.464843750000000000e-02,-1.478794642857142808e-02,-1.604352678571428423e-02,-1.632254464285714385e-02,-1.534598214285714211e-02,-1.478794642857142808e-02,-1.436941964285714211e-02,-1.436941964285714211e-02,-1.464843750000000000e-02,-1.450892857142857192e-02,-1.381138392857142808e-02,-1.409040178571428596e-02,-1.506696428571428596e-02,-1.381138392857142808e-02,-1.450892857142857192e-02,-1.367187500000000000e-02,-1.436941964285714211e-02,-1.353236607142857192e-02,-1.381138392857142808e-02,-1.325334821428571404e-02,-1.367187500000000000e-02,-1.353236607142857192e-02,-1.395089285714285789e-02
-2.790178571428571577e-02,-2.678571428571428423e-02,-2.678571428571428423e-02,-2.650669642857142808e-02,-2.762276785714285615e-02,-2.580915178571428423e-02,-2.720424107142857192e-02,-2.678571428571428423e-02,-2.594866071428571577e-02,-2.622767857142857192e-02,-2.650669642857142808e-02,-2.678571428571428423e-02,-2.720424107142857192e-02,-2.692522321428571577e-02,-2.706473214285714385e-02,-2.664620535714285615e-02,-2.692522321428571577e-02,-2.762276785714285615e-02,-2.790178571428571577e-02,-2.692522321428571577e-02,-2.762276785714285615e-02,-2.790178571428571577e-02,-2.720424107142857192e-02,-2.678571428571428423e-02,-2.706473214285714385e-02,-2.818080357142857192e-02,-2.706473214285714385e-02,-2.845982142857142808e-02,-2.776227678571428423e-02,-2.706473214285714385e-02,-2.720424107142857192e-02,-2.748325892857142808e-02,-2.692522321428571577e-02,-2.734375000000000000e-02,-2.678571428571428423e-02,-2.608816964285714385e-02,-2.678571428571428423e-02,-2.706473214285714385e-02,-2.594866071428571577e-02,-2.622767857142857192e-02,-2.678571428571428423e-02,-2.804129464285714385e-02
-1.934988839285714246e-01,-1.923828125000000000e-01,-1.928013392857142738e-01,-1.916852678571428492e-01,-1.923828125000000000e-01,-1.908482142857142738e-01,-1.914062500000000000e-01,-1.914062500000000000e-01,-1.911272321428571508e-01,-1.914062500000000000e-01,-1.901506696428571508e-01,-1.905691964285714246e-01,-1.902901785714285754e-01,-1.901506696428571508e-01,-1.907087053571428492e-01,-1.893136160714285754e-01,-1.894531250000000000e-01,-1.964285714285714246e-01,-1.961495535714285754e-01,-1.948939732142857262e-01,-1.954520089285714246e-01,-1.957310267857142738e-01,-1.953125000000000000e-01,-1.950334821428571508e-01,-1.946149553571428492e-01,-1.946149553571428492e-01,-1.943359375000000000e-01,-1.943359375000000000e-01,-1.937779017857142738e-01,-1.928013392857142738e-01,-1.939174107142857262e-01,-1.930803571428571508e-01,-1.926618303571428492e-01,-1.926618303571428492e-01,-1.922433035714285754e-01,-1.919642857142857262e-01,-1.921037946428571508e-01,-1.918247767857142738e-01,-1.915457589285714246e-01,-1.911272321428571508e-01,-1.916852678571428492e-01,-1.916852678571428492e-01
-1.484375000000000000e-01,-1.466238839285714246e-01,-1.476004464285714246e-01,-1.469029017857142738e-01,-1.466238839285714246e-01,-1.455078125000000000e-01,-1.460658482142857262e-01,-1.467633928571428492e-01,-1.462053571428571508e-01,-1.464843750000000000e-01,-1.463448660714285754e-01,-1.460658482142857262e-01,-1.456473214285714246e-01,-1.460658482142857262e-01,-1.455078125000000000e-01,-1.452287946428571508e-01,-1.450892857142857262e-01,-1.496930803571428492e-01,-1.505301339285714246e-01,-1.496930803571428492e-01,-1.489955357142857262e-01,-1.496930803571428492e-01,-1.491350446428571508e-01,-1.484375000000000000e-01,-1.492745535714285754e-01,-1.488560267857142738e-01,-1.487165178571428492e-01,-1.492745535714285754e-01,-1.482979910714285754e-01,-1.473214285714285754e-01,-1.476004464285714246e-01,-1.482979910714285754e-01,-1.470424107142857262e-01,-1.467633928571428492e-01,-1.473214285714285754e-01,-1.473214285714285754e-01,-1.471819196428571508e-01,-1.463448660714285754e-01,-1.466238839285714246e-01,-1.456473214285714246e-01,-1.459263392857142738e-01,-1.470424107142857262e-01
-8.454241071428571230e-02,-8.426339285714286309e-02,-8.454241071428571230e-02,-8.454241071428571230e-02,-8.426339285714286309e-02,-8.314732142857142461e-02,-8.384486607142857539e-02,-8.496093750000000000e-02,-8.398437500000000000e-02,-8.454241071428571230e-02,-8.258928571428571230e-02,-8.231026785714286309e-02,-8.272879464285713691e-02,-8.328683035714286309e-02,-8.314732142857142461e-02,-8.272879464285713691e-02,-8.217075892857142461e-02,-8.761160714285713691e-02,-8.803013392857142461e-02,-8.663504464285713691e-02,-8.593750000000000000e-02,-8.705357142857142461e-02,-8.719308035714286309e-02,-8.635602678571428770e-02,-8.579799107142857539e-02,-8.579799107142857539e-02,-8.551897321428571230e-02,-8.510044642857142461e-02,-8.510044642857142461e-02,-8.454241071428571230e-02,-8.426339285714286309e-02,-8.523995535714286309e-02,-8.454241071428571230e-02,-8.482142857142857539e-02,-8.454241071428571230e-02,-8.510044642857142461e-02,-8.440290178571428770e-02,-8.412388392857142461e-02,-8.384486607142857539e-02,-8.426339285714286309e-02,-8.384486607142857539e-02,-8.342633928571428770e-02
-7.896205357142857539e-02,-7.826450892857142461e-02,-7.910156250000000000e-02,-7.784598214285713691e-02,-7.798549107142857539e-02,-7.784598214285713691e-02,-7.854352678571428770e-02,-7.840401785714286309e-02,-7.728794642857142461e-02,-7.784598214285713691e-02,-7.770647321428571230e-02,-7.812500000000000000e-02,-7.784598214285713691e-02,-7.784598214285713691e-02,-7.854352678571428770e-02,-7.714843750000000000e-02,-7.826450892857142461e-02,-7.965959821428571230e-02,-8.021763392857142461e-02,-7.924107142857142461e-02,-7.965959821428571230e-02,-8.035714285714286309e-02,-7.952008928571428770e-02,-7.840401785714286309e-02,-8.007812500000000000e-02,-7.952008928571428770e-02,-7.952008928571428770e-02,-7.952008928571428770e-02,-7.882254464285713691e-02,-7.826450892857142461e-02,-7.882254464285713691e-02,-7.896205357142857539e-02,-7.854352678571428770e-02,-7.896205357142857539e-02,-7.882254464285713691e-02,-7.812500000000000000e-02,-7.840401785714286309e-02,-7.840401785714286309e-02,-7.854352678571428770e-02,-7.756696428571428770e-02,-7.840401785714286309e-02,-7.910156250000000000e-02
-1.914062500000000000e-01,-1.904296875000000000e-01,-1.888950892857142738e-01,-1.893136160714285754e-01,-1.895926339285714246e-01,-1.891741071428571508e-01,-1.893136160714285754e-01,-1.880580357142857262e-01,-1.887555803571428492e-01,-1.881975446428571508e-01,-1.886160714285714246e-01,-1.886160714285714246e-01,-1.894531250000000000e-01,-1.884765625000000000e-01,-1.890345982142857262e-01,-1.881975446428571508e-01,-1.883370535714285754e-01,-1.934988839285714246e-01,-1.926618303571428492e-01,-1.909877232142857262e-01,-1.922433035714285754e-01,-1.921037946428571508e-01,-1.916852678571428492e-01,-1.911272321428571508e-01,-1.925223214285714246e-01,-1.916852678571428492e-01,-1.909877232142857262e-01,-1.915457589285714246e-01,-1.909877232142857262e-01,-1.900111607142857262e-01,-1.916852678571428492e-01,-1.902901785714285754e-01,-1.904296875000000000e-01,-1.898716517857142738e-01,-1.908482142857142738e-01,-1.891741071428571508e-01,-1.907087053571428492e-01,-1.897321428571428492e-01,-1.888950892857142738e-01,-1.888950892857142738e-01,-1.894531250000000000e-01,-1.897321428571428492e-01
-1.152343750000000000e-01,-1.148158482142857123e-01,-1.150948660714285754e-01,-1.145368303571428631e-01,-1.146763392857142877e-01,-1.142578125000000000e-01,-1.145368303571428631e-01,-1.149553571428571369e-01,-1.143973214285714246e-01,-1.148158482142857123e-01,-1.136997767857142877e-01,-1.139787946428571369e-01,-1.135602678571428631e-01,-1.143973214285714246e-01,-1.141183035714285754e-01,-1.130022321428571369e-01,-1.135602678571428631e-01,-1.174665178571428631e-01,-1.167689732142857123e-01,-1.166294642857142877e-01,-1.164899553571428631e-01,-1.163504464285714246e-01,-1.164899553571428631e-01,-1.160714285714285754e-01,-1.166294642857142877e-01,-1.159319196428571369e-01,-1.150948660714285754e-01,-1.159319196428571369e-01,-1.153738839285714246e-01,-1.152343750000000000e-01,-1.152343750000000000e-01,-1.157924107142857123e-01,-1.155133928571428631e-01,-1.150948660714285754e-01,-1.153738839285714246e-01,-1.148158482142857123e-01,-1.145368303571428631e-01,-1.143973214285714246e-01,-1.141183035714285754e-01,-1.142578125000000000e-01,-1.143973214285714246e-01,-1.155133928571428631e-01
-5.831473214285714385e-02,-5.803571428571428770e-02,-5.859375000000000000e-02,-5.845424107142856845e-02,-5.803571428571428770e-02,-5.733816964285714385e-02,-5.775669642857143155e-02,-5.859375000000000000e-02,-5.775669642857143155e-02,-5.817522321428571230e-02,-5.650111607142856845e-02,-5.622209821428571230e-02,-5.691964285714285615e-02,-5.691964285714285615e-02,-5.747767857142856845e-02,-5.594308035714285615e-02,-5.719866071428571230e-02,-6.194196428571428770e-02,-6.110491071428571230e-02,-5.957031250000000000e-02,-5.957031250000000000e-02,-6.012834821428571230e-02,-6.054687500000000000e-02,-5.901227678571428770e-02,-5.859375000000000000e-02,-5.929129464285714385e-02,-5.901227678571428770e-02,-5.901227678571428770e-02,-5.803571428571428770e-02,-5.789620535714285615e-02,-5.719866071428571230e-02,-5.901227678571428770e-02,-5.803571428571428770e-02,-5.775669642857143155e-02,-5.803571428571428770e-02,-5.901227678571428770e-02,-5.775669642857143155e-02,-5.775669642857143155e-02,-5.719866071428571230e-02,-5.775669642857143155e-02,-5.789620535714285615e-02,-5.705915178571428770e-02
-6.096540178571428770e-02,-6.040736607142856845e-02,-6.040736607142856845e-02,-5.943080357142856845e-02,-5.998883928571428770e-02,-5.998883928571428770e-02,-6.082589285714285615e-02,-6.026785714285714385e-02,-5.915178571428571230e-02,-5.998883928571428770e-02,-6.012834821428571230e-02,-6.040736607142856845e-02,-6.026785714285714385e-02,-5.998883928571428770e-02,-6.068638392857143155e-02,-5.957031250000000000e-02,-6.026785714285714385e-02,-6.152343750000000000e-02,-6.124441964285714385e-02,-5.984933035714285615e-02,-6.096540178571428770e-02,-6.082589285714285615e-02,-6.082589285714285615e-02,-6.026785714285714385e-02,-6.124441964285714385e-02,-6.082589285714285615e-02,-6.054687500000000000e-02,-6.208147321428571230e-02,-6.040736607142856845e-02,-5.998883928571428770e-02,-6.040736607142856845e-02,-6.040736607142856845e-02,-6.068638392857143155e-02,-6.026785714285714385e-02,-6.110491071428571230e-02,-5.943080357142856845e-02,-6.040736607142856845e-02,-6.012834821428571230e-02,-6.012834821428571230e-02,-5.984933035714285615e-02,-6.068638392857143155e-02,-6.152343750000000000e-02
-1.969866071428571508e-01,-1.954520089285714246e-01,-1.951729910714285754e-01,-1.950334821428571508e-01,-1.946149553571428492e-01,-1.943359375000000000e-01,-1.950334821428571508e-01,-1.933593750000000000e-01,-1.939174107142857262e-01,-1.934988839285714246e-01,-1.947544642857142738e-01,-1.940569196428571508e-01,-1.947544642857142738e-01,-1.934988839285714246e-01,-1.944754464285714246e-01,-1.934988839285714246e-01,-1.936383928571428492e-01,-1.993582589285714246e-01,-1.983816964285714246e-01,-1.964285714285714246e-01,-1.972656250000000000e-01,-1.972656250000000000e-01,-1.964285714285714246e-01,-1.960100446428571508e-01,-1.976841517857142738e-01,-1.978236607142857262e-01,-1.965680803571428492e-01,-1.974051339285714246e-01,-1.958705357142857262e-01,-1.957310267857142738e-01,-1.960100446428571508e-01,-1.961495535714285754e-01,-1.961495535714285754e-01,-1.954520089285714246e-01,-1.962890625000000000e-01,-1.947544642857142738e-01,-1.950334821428571508e-01,-1.948939732142857262e-01,-1.944754464285714246e-01,-1.940569196428571508e-01,-1.948939732142857262e-01,-1.944754464285714246e-01
-1.183035714285714246e-01,-1.177455357142857123e-01,-1.184430803571428631e-01,-1.171875000000000000e-01,-1.174665178571428631e-01,-1.174665178571428631e-01,-1.180245535714285754e-01,-1.181640625000000000e-01,-1.170479910714285754e-01,-1.174665178571428631e-01,-1.160714285714285754e-01,-1.170479910714285754e-01,-1.166294642857142877e-01,-1.170479910714285754e-01,-1.166294642857142877e-01,-1.162109375000000000e-01,-1.164899553571428631e-01,-1.206752232142857123e-01,-1.198381696428571369e-01,-1.187220982142857123e-01,-1.196986607142857123e-01,-1.188616071428571369e-01,-1.196986607142857123e-01,-1.185825892857142877e-01,-1.195591517857142877e-01,-1.184430803571428631e-01,-1.183035714285714246e-01,-1.192801339285714246e-01,-1.188616071428571369e-01,-1.180245535714285754e-01,-1.178850446428571369e-01,-1.184430803571428631e-01,-1.187220982142857123e-01,-1.180245535714285754e-01,-1.183035714285714246e-01,-1.183035714285714246e-01,-1.169084821428571369e-01,-1.174665178571428631e-01,-1.170479910714285754e-01,-1.177455357142857123e-01,-1.177455357142857123e-01,-1.181640625000000000e-01
-6.347656250000000000e-02,-6.291852678571428770e-02,-6.277901785714286309e-02,-6.305803571428571230e-02,-6.277901785714286309e-02,-6.166294642857143155e-02,-6.236049107142856845e-02,-6.236049107142856845e-02,-6.291852678571428770e-02,-6.236049107142856845e-02,-6.166294642857143155e-02,-6.110491071428571230e-02,-6.124441964285714385e-02,-6.152343750000000000e-02,-6.096540178571428770e-02,-6.040736607142856845e-02,-6.180245535714285615e-02,-6.529017857142857539e-02,-6.515066964285713691e-02,-6.389508928571428770e-02,-6.431361607142857539e-02,-6.501116071428571230e-02,-6.445312500000000000e-02,-6.375558035714286309e-02,-6.319754464285713691e-02,-6.361607142857142461e-02,-6.250000000000000000e-02,-6.361607142857142461e-02,-6.305803571428571230e-02,-6.333705357142857539e-02,-6.194196428571428770e-02,-6.375558035714286309e-02,-6.250000000000000000e-02,-6.305803571428571230e-02,-6.347656250000000000e-02,-6.347656250000000000e-02,-6.194196428571428770e-02,-6.124441964285714385e-02,-6.138392857142856845e-02,-6.152343750000000000e-02,-6.152343750000000000e-02,-6.222098214285714385e-02
-6.347656250000000000e-02,-6.250000000000000000e-02,-6.277901785714286309e-02,-6.208147321428571230e-02,-6.222098214285714385e-02,-6.208147321428571230e-02,-6.277901785714286309e-02,-6.291852678571428770e-02,-6.194196428571428770e-02,-6.180245535714285615e-02,-6.166294642857143155e-02,-6.236049107142856845e-02,-6.194196428571428770e-02,-6.277901785714286309e-02,-6.375558035714286309e-02,-6.194196428571428770e-02,-6.250000000000000000e-02,-6.501116071428571230e-02,-6.333705357142857539e-02,-6.277901785714286309e-02,-6.361607142857142461e-02,-6.361607142857142461e-02,-6.347656250000000000e-02,-6.291852678571428770e-02,-6.375558035714286309e-02,-6.319754464285713691e-02,-6.291852678571428770e-02,-6.375558035714286309e-02,-6.291852678571428770e-02,-6.277901785714286309e-02,-6.277901785714286309e-02,-6.319754464285713691e-02,-6.277901785714286309e-02,-6.305803571428571230e-02,-6.333705357142857539e-02,-6.166294642857143155e-02,-6.263950892857142461e-02,-6.277901785714286309e-02,-6.152343750000000000e-02,-6.263950892857142461e-02,-6.333705357142857539e-02,-6.375558035714286309e-02
-1.856863839285714246e-01,-1.842912946428571508e-01,-1.848493303571428492e-01,-1.834542410714285754e-01,-1.841517857142857262e-01,-1.835937500000000000e-01,-1.848493303571428492e-01,-1.830357142857142738e-01,-1.835937500000000000e-01,-1.833147321428571508e-01,-1.838727678571428492e-01,-1.838727678571428492e-01,-1.842912946428571508e-01,-1.835937500000000000e-01,-1.845703125000000000e-01,-1.833147321428571508e-01,-1.833147321428571508e-01,-1.884765625000000000e-01,-1.883370535714285754e-01,-1.872209821428571508e-01,-1.884765625000000000e-01,-1.876395089285714246e-01,-1.866629464285714246e-01,-1.866629464285714246e-01,-1.876395089285714246e-01,-1.877790178571428492e-01,-1.870814732142857262e-01,-1.880580357142857262e-01,-1.859654017857142738e-01,-1.861049107142857262e-01,-1.859654017857142738e-01,-1.856863839285714246e-01,-1.852678571428571508e-01,-1.845703125000000000e-01,-1.848493303571428492e-01,-1.834542410714285754e-01,-1.849888392857142738e-01,-1.840122767857142738e-01,-1.840122767857142738e-01,-1.831752232142857262e-01,-1.844308035714285754e-01,-1.858258928571428492e-01
-7.226562500000000000e-02,-7.101004464285713691e-02,-7.226562500000000000e-02,-7.156808035714286309e-02,-7.198660714285713691e-02,-7.087053571428571230e-02,-7.184709821428571230e-02,-7.170758928571428770e-02,-7.114955357142857539e-02,-7.184709821428571230e-02,-7.114955357142857539e-02,-7.198660714285713691e-02,-7.142857142857142461e-02,-7.184709821428571230e-02,-7.226562500000000000e-02,-7.156808035714286309e-02,-7.170758928571428770e-02,-7.491629464285713691e-02,-7.505580357142857539e-02,-7.310267857142857539e-02,-7.393973214285713691e-02,-7.449776785714286309e-02,-7.393973214285713691e-02,-7.393973214285713691e-02,-7.310267857142857539e-02,-7.268415178571428770e-02,-7.296316964285713691e-02,-7.352120535714286309e-02,-7.282366071428571230e-02,-7.310267857142857539e-02,-7.198660714285713691e-02,-7.226562500000000000e-02,-7.184709821428571230e-02,-7.170758928571428770e-02,-7.170758928571428770e-02,-7.156808035714286309e-02,-7.142857142857142461e-02,-7.087053571428571230e-02,-7.128906250000000000e-02,-7.142857142857142461e-02,-7.184709821428571230e-02,-7.212611607142857539e-02
-1.227678571428571404e-02,-1.130022321428571404e-02,-1.185825892857142808e-02,-1.255580357142857192e-02,-1.199776785714285789e-02,-1.157924107142857192e-02,-1.199776785714285789e-02,-1.227678571428571404e-02,-1.185825892857142808e-02,-1.241629464285714211e-02,-1.171875000000000000e-02,-1.213727678571428596e-02,-1.143973214285714211e-02,-1.241629464285714211e-02,-1.171875000000000000e-02,-1.130022321428571404e-02,-1.143973214285714211e-02,-1.409040178571428596e-02,-1.422991071428571404e-02,-1.227678571428571404e-02,-1.311383928571428596e-02,-1.422991071428571404e-02,-1.409040178571428596e-02,-1.339285714285714211e-02,-1.269531250000000000e-02,-1.283482142857142808e-02,-1.241629464285714211e-02,-1.255580357142857192e-02,-1.171875000000000000e-02,-1.199776785714285789e-02,-1.074218750000000000e-02,-1.255580357142857192e-02,-1.116071428571428596e-02,-1.185825892857142808e-02,-1.157924107142857192e-02,-1.157924107142857192e-02,-1.102120535714285789e-02,-1.116071428571428596e-02,-1.171875000000000000e-02,-1.074218750000000000e-02,-1.143973214285714211e-02,-1.297433035714285789e-02
-1.464843750000000000e-02,-1.311383928571428596e-02,-1.395089285714285789e-02,-1.353236607142857192e-02,-1.395089285714285789e-02,-1.367187500000000000e-02,-1.409040178571428596e-02,-1.409040178571428596e-02,-1.367187500000000000e-02,-1.381138392857142808e-02,-1.367187500000000000e-02,-1.436941964285714211e-02,-1.450892857142857192e-02,-1.478794642857142808e-02,-1.562500000000000000e-02,-1.450892857142857192e-02,-1.464843750000000000e-02,-1.464843750000000000e-02,-1.520647321428571404e-02,-1.297433035714285789e-02,-1.520647321428571404e-02,-1.464843750000000000e-02,-1.436941964285714211e-02,-1.409040178571428596e-02,-1.436941964285714211e-02,-1.478794642857142808e-02,-1.436941964285714211e-02,-1.548549107142857192e-02,-1.395089285714285789e-02,-1.353236607142857192e-02,-1.409040178571428596e-02,-1.450892857142857192e-02,-1.436941964285714211e-02,-1.353236607142857192e-02,-1.464843750000000000e-02,-1.297433035714285789e-02,-1.395089285714285789e-02,-1.409040178571428596e-02,-1.367187500000000000e-02,-1.367187500000000000e-02,-1.436941964285714211e-02,-1.450892857142857192e-02
-1.090959821428571369e-01,-1.077008928571428631e-01,-1.082589285714285754e-01,-1.072823660714285754e-01,-1.075613839285714246e-01,-1.072823660714285754e-01,-1.077008928571428631e-01,-1.075613839285714246e-01,-1.074218750000000000e-01,-1.075613839285714246e-01,-1.083984375000000000e-01,-1.081194196428571369e-01,-1.083984375000000000e-01,-1.081194196428571369e-01,-1.089564732142857123e-01,-1.077008928571428631e-01,-1.078404017857142877e-01,-1.099330357142857123e-01,-1.100725446428571369e-01,-1.089564732142857123e-01,-1.109095982142857123e-01,-1.089564732142857123e-01,-1.095145089285714246e-01,-1.085379464285714246e-01,-1.103515625000000000e-01,-1.103515625000000000e-01,-1.097935267857142877e-01,-1.103515625000000000e-01,-1.090959821428571369e-01,-1.086774553571428631e-01,-1.090959821428571369e-01,-1.082589285714285754e-01,-1.082589285714285754e-01,-1.085379464285714246e-01,-1.083984375000000000e-01,-1.065848214285714246e-01,-1.081194196428571369e-01,-1.075613839285714246e-01,-1.081194196428571369e-01,-1.075613839285714246e-01,-1.086774553571428631e-01,-1.100725446428571369e-01
-1.143973214285714211e-02,-1.032366071428571404e-02,-1.116071428571428596e-02,-1.171875000000000000e-02,-1.130022321428571404e-02,-1.130022321428571404e-02,-1.199776785714285789e-02,-1.116071428571428596e-02,-1.032366071428571404e-02,-1.102120535714285789e-02,-1.088169642857142808e-02,-1.116071428571428596e-02,-1.171875000000000000e-02,-1.171875000000000000e-02,-1.213727678571428596e-02,-1.116071428571428596e-02,-1.171875000000000000e-02,-1.157924107142857192e-02,-1.283482142857142808e-02,-1.060267857142857192e-02,-1.213727678571428596e-02,-1.171875000000000000e-02,-1.185825892857142808e-02,-1.088169642857142808e-02,-1.130022321428571404e-02,-1.213727678571428596e-02,-1.130022321428571404e-02,-1.199776785714285789e-02,-1.032366071428571404e-02,-1.060267857142857192e-02,-1.088169642857142808e-02,-1.116071428571428596e-02,-1.143973214285714211e-02,-1.102120535714285789e-02,-1.130022321428571404e-02,-1.046316964285714211e-02,-1.088169642857142808e-02,-1.046316964285714211e-02,-1.032366071428571404e-02,-1.088169642857142808e-02,-1.185825892857142808e-02,-1.185825892857142808e-02
4.199218750000000000e-02,4.157366071428571230e-02,4.073660714285714385e-02,4.171316964285714385e-02,4.115513392857143155e-02,4.171316964285714385e-02,4.101562500000000000e-02,4.101562500000000000e-02,4.115513392857143155e-02,4.073660714285714385e-02,4.185267857142856845e-02,4.059709821428571230e-02,4.115513392857143155e-02,3.989955357142856845e-02,4.087611607142856845e-02,4.185267857142856845e-02,4.059709821428571230e-02,4.157366071428571230e-02,4.087611607142856845e-02,4.241071428571428770e-02,4.101562500000000000e-02,4.017857142857143155e-02,4.045758928571428770e-02,4.087611607142856845e-02,4.171316964285714385e-02,4.143415178571428770e-02,4.157366071428571230e-02,4.185267857142856845e-02,4.213169642857143155e-02,4.241071428571428770e-02,4.255022321428571230e-02,4.115513392857143155e-02,4.185267857142856845e-02,4.129464285714285615e-02,4.213169642857143155e-02,4.199218750000000000e-02,4.199218750000000000e-02,4.115513392857143155e-02,4.143415178571428770e-02,4.115513392857143155e-02,4.185267857142856845e-02,4.045758928571428770e-02
2.762276785714285615e-02,2.818080357142857192e-02,2.832031250000000000e-02,2.845982142857142808e-02,2.790178571428571577e-02,2.859933035714285615e-02,2.762276785714285615e-02,2.790178571428571577e-02,2.859933035714285615e-02,2.818080357142857192e-02,2.748325892857142808e-02,2.790178571428571577e-02,2.650669642857142808e-02,2.706473214285714385e-02,2.650669642857142808e-02,2.692522321428571577e-02,2.678571428571428423e-02,2.859933035714285615e-02,2.818080357142857192e-02,2.929687500000000000e-02,2.845982142857142808e-02,2.832031250000000000e-02,2.818080357142857192e-02,2.915736607142857192e-02,2.804129464285714385e-02,2.776227678571428423e-02,2.845982142857142808e-02,2.706473214285714385e-02,2.832031250000000000e-02,2.832031250000000000e-02,2.804129464285714385e-02,2.804129464285714385e-02,2.818080357142857192e-02,2.818080357142857192e-02,2.776227678571428423e-02,2.859933035714285615e-02,2.832031250000000000e-02,2.832031250000000000e-02,2.804129464285714385e-02,2.790178571428571577e-02,2.748325892857142808e-02,2.692522321428571577e-02
-9.137834821428571230e-02,-9.179687500000000000e-02,-9.193638392857142461e-02,-9.095982142857142461e-02,-9.151785714285713691e-02,-9.068080357142857539e-02,-9.221540178571428770e-02,-9.165736607142857539e-02,-9.109933035714286309e-02,-9.123883928571428770e-02,-9.123883928571428770e-02,-9.165736607142857539e-02,-9.263392857142857539e-02,-9.151785714285713691e-02,-9.333147321428571230e-02,-9.165736607142857539e-02,-9.165736607142857539e-02,-9.221540178571428770e-02,-9.333147321428571230e-02,-9.109933035714286309e-02,-9.291294642857142461e-02,-9.207589285714286309e-02,-9.263392857142857539e-02,-9.123883928571428770e-02,-9.333147321428571230e-02,-9.263392857142857539e-02,-9.221540178571428770e-02,-9.361049107142857539e-02,-9.137834821428571230e-02,-9.221540178571428770e-02,-9.249441964285713691e-02,-9.207589285714286309e-02,-9.179687500000000000e-02,-9.193638392857142461e-02,-9.165736607142857539e-02,-9.040178571428571230e-02,-9.193638392857142461e-02,-9.165736607142857539e-02,-9.137834821428571230e-02,-9.151785714285713691e-02,-9.249441964285713691e-02,-9.333147321428571230e-02
1.953125000000000000e-03,2.650669642857142981e-03,1.813616071428571491e-03,1.534598214285714255e-03,2.092633928571428509e-03,2.371651785714285528e-03,1.674107142857142764e-03,1.255580357142857236e-03,2.371651785714285528e-03,2.232142857142857019e-03,1.813616071428571491e-03,2.092633928571428509e-03,1.674107142857142764e-03,8.370535714285713821e-04,9.765625000000000000e-04,9.765625000000000000e-04,2.092633928571428509e-03,2.232142857142857019e-03,1.534598214285714255e-03,2.650669642857142981e-03,1.953125000000000000e-03,1.255580357142857236e-03,1.674107142857142764e-03,2.232142857142857019e-03,2.790178571428571491e-03,2.092633928571428509e-03,2.232142857142857019e-03,1.953125000000000000e-03,3.208705357142857019e-03,2.092633928571428509e-03,2.511160714285714472e-03,2.371651785714285528e-03,2.371651785714285528e-03,2.232142857142857019e-03,2.092633928571428509e-03,2.371651785714285528e-03,2.650669642857142981e-03,2.511160714285714472e-03,2.511160714285714472e-03,1.953125000000000000e-03,2.371651785714285528e-03,1.395089285714285745e-03
5.231584821428571230e-02,5.217633928571428770e-02,5.119977678571428770e-02,5.175781250000000000e-02,5.106026785714285615e-02,5.231584821428571230e-02,5.189732142857143155e-02,5.106026785714285615e-02,5.231584821428571230e-02,5.106026785714285615e-02,5.245535714285714385e-02,5.147879464285714385e-02,5.175781250000000000e-02,5.078125000000000000e-02,5.161830357142856845e-02,5.161830357142856845e-02,5.106026785714285615e-02,5.245535714285714385e-02,5.175781250000000000e-02,5.315290178571428770e-02,5.287388392857143155e-02,5.078125000000000000e-02,5.175781250000000000e-02,5.175781250000000000e-02,5.259486607142856845e-02,5.203683035714285615e-02,5.273437500000000000e-02,5.259486607142856845e-02,5.245535714285714385e-02,5.189732142857143155e-02,5.287388392857143155e-02,5.189732142857143155e-02,5.231584821428571230e-02,5.175781250000000000e-02,5.273437500000000000e-02,5.203683035714285615e-02,5.245535714285714385e-02,5.217633928571428770e-02,5.217633928571428770e-02,5.189732142857143155e-02,5.231584821428571230e-02,5.106026785714285615e-02
3.655133928571428770e-02,3.641183035714285615e-02,3.627232142857143155e-02,3.599330357142856845e-02,3.585379464285714385e-02,3.683035714285714385e-02,3.599330357142856845e-02,3.557477678571428770e-02,3.613281250000000000e-02,3.585379464285714385e-02,3.557477678571428770e-02,3.501674107142856845e-02,3.515625000000000000e-02,3.487723214285714385e-02,3.445870535714285615e-02,3.529575892857143155e-02,3.501674107142856845e-02,3.724888392857143155e-02,3.613281250000000000e-02,3.780691964285714385e-02,3.696986607142856845e-02,3.710937500000000000e-02,3.738839285714285615e-02,3.738839285714285615e-02,3.655133928571428770e-02,3.613281250000000000e-02,3.641183035714285615e-02,3.529575892857143155e-02,3.669084821428571230e-02,3.599330357142856845e-02,3.613281250000000000e-02,3.585379464285714385e-02,3.613281250000000000e-02,3.627232142857143155e-02,3.599330357142856845e-02,3.627232142857143155e-02,3.585379464285714385e-02,3.557477678571428770e-02,3.655133928571428770e-02,3.641183035714285615e-02,3.571428571428571230e-02,3.459821428571428770e-02
-1.325334821428571404e-02,-1.367187500000000000e-02,-1.325334821428571404e-02,-1.241629464285714211e-02,-1.409040178571428596e-02,-1.325334821428571404e-02,-1.395089285714285789e-02,-1.409040178571428596e-02,-1.283482142857142808e-02,-1.422991071428571404e-02,-1.395089285714285789e-02,-1.395089285714285789e-02,-1.506696428571428596e-02,-1.422991071428571404e-02,-1.548549107142857192e-02,-1.436941964285714211e-02,-1.409040178571428596e-02,-1.241629464285714211e-02,-1.297433035714285789e-02,-1.213727678571428596e-02,-1.381138392857142808e-02,-1.297433035714285789e-02,-1.283482142857142808e-02,-1.227678571428571404e-02,-1.353236607142857192e-02,-1.353236607142857192e-02,-1.339285714285714211e-02,-1.436941964285714211e-02,-1.436941964285714211e-02,-1.395089285714285789e-02,-1.409040178571428596e-02,-1.381138392857142808e-02,-1.367187500000000000e-02,-1.422991071428571404e-02,-1.367187500000000000e-02,-1.339285714285714211e-02,-1.395089285714285789e-02,-1.436941964285714211e-02,-1.339285714285714211e-02,-1.464843750000000000e-02,-1.422991071428571404e-02,-1.534598214285714211e-02
7.128906250000000000e-02,7.128906250000000000e-02,6.975446428571428770e-02,7.031250000000000000e-02,7.114955357142857539e-02,7.087053571428571230e-02,7.045200892857142461e-02,6.989397321428571230e-02,7.101004464285713691e-02,6.975446428571428770e-02,7.045200892857142461e-02,7.073102678571428770e-02,6.989397321428571230e-02,6.933593750000000000e-02,6.975446428571428770e-02,6.933593750000000000e-02,6.961495535714286309e-02,7.156808035714286309e-02,7.142857142857142461e-02,7.198660714285713691e-02,7.170758928571428770e-02,7.073102678571428770e-02,7.170758928571428770e-02,7.198660714285713691e-02,7.212611607142857539e-02,7.128906250000000000e-02,7.184709821428571230e-02,7.156808035714286309e-02,7.142857142857142461e-02,7.128906250000000000e-02,7.128906250000000000e-02,7.073102678571428770e-02,7.142857142857142461e-02,7.059151785714286309e-02,7.059151785714286309e-02,7.059151785714286309e-02,7.128906250000000000e-02,7.101004464285713691e-02,7.087053571428571230e-02,7.045200892857142461e-02,7.045200892857142461e-02,6.933593750000000000e-02
1.103515625000000000e-01,1.103515625000000000e-01,1.096540178571428631e-01,1.095145089285714246e-01,1.097935267857142877e-01,1.102120535714285754e-01,1.100725446428571369e-01,1.095145089285714246e-01,1.103515625000000000e-01,1.095145089285714246e-01,1.106305803571428631e-01,1.102120535714285754e-01,1.099330357142857123e-01,1.090959821428571369e-01,1.100725446428571369e-01,1.099330357142857123e-01,1.090959821428571369e-01,1.109095982142857123e-01,1.114676339285714246e-01,1.117466517857142877e-01,1.124441964285714246e-01,1.102120535714285754e-01,1.110491071428571369e-01,1.111886160714285754e-01,1.114676339285714246e-01,1.109095982142857123e-01,1.116071428571428631e-01,1.113281250000000000e-01,1.111886160714285754e-01,1.109095982142857123e-01,1.113281250000000000e-01,1.110491071428571369e-01,1.109095982142857123e-01,1.102120535714285754e-01,1.106305803571428631e-01,1.102120535714285754e-01,1.114676339285714246e-01,1.096540178571428631e-01,1.103515625000000000e-01,1.099330357142857123e-01,1.099330357142857123e-01,1.096540178571428631e-01
8.217075892857142461e-02,8.244977678571428770e-02,8.203125000000000000e-02,8.244977678571428770e-02,8.189174107142857539e-02,8.258928571428571230e-02,8.161272321428571230e-02,8.119419642857142461e-02,8.175223214285713691e-02,8.105468750000000000e-02,8.091517857142857539e-02,8.091517857142857539e-02,8.049665178571428770e-02,8.119419642857142461e-02,8.063616071428571230e-02,8.077566964285713691e-02,8.007812500000000000e-02,8.384486607142857539e-02,8.314732142857142461e-02,8.370535714285713691e-02,8.328683035714286309e-02,8.244977678571428770e-02,8.244977678571428770e-02,8.342633928571428770e-02,8.244977678571428770e-02,8.258928571428571230e-02,8.258928571428571230e-02,8.175223214285713691e-02,8.258928571428571230e-02,8.175223214285713691e-02,8.231026785714286309e-02,8.147321428571428770e-02,8.231026785714286309e-02,8.189174107142857539e-02,8.161272321428571230e-02,8.217075892857142461e-02,8.119419642857142461e-02,8.133370535714286309e-02,8.189174107142857539e-02,8.105468750000000000e-02,8.077566964285713691e-02,8.035714285714286309e-02
2.483258928571428423e-02,2.608816964285714385e-02,2.608816964285714385e-02,2.706473214285714385e-02,2.566964285714285615e-02,2.636718750000000000e-02,2.566964285714285615e-02,2.497209821428571577e-02,2.594866071428571577e-02,2.525111607142857192e-02,2.539062500000000000e-02,2.525111607142857192e-02,2.399553571428571577e-02,2.539062500000000000e-02,2.343750000000000000e-02,2.511160714285714385e-02,2.483258928571428423e-02,2.664620535714285615e-02,2.636718750000000000e-02,2.734375000000000000e-02,2.622767857142857192e-02,2.706473214285714385e-02,2.706473214285714385e-02,2.804129464285714385e-02,2.622767857142857192e-02,2.622767857142857192e-02,2.580915178571428423e-02,2.525111607142857192e-02,2.608816964285714385e-02,2.622767857142857192e-02,2.483258928571428423e-02,2.594866071428571577e-02,2.566964285714285615e-02,2.566964285714285615e-02,2.497209821428571577e-02,2.664620535714285615e-02,2.511160714285714385e-02,2.539062500000000000e-02,2.566964285714285615e-02,2.553013392857142808e-02,2.441406250000000000e-02,2.483258928571428423e-02
1.043526785714285754e-01,1.036551339285714246e-01,1.026785714285714246e-01,1.030970982142857123e-01,1.029575892857142877e-01,1.032366071428571369e-01,1.028180803571428631e-01,1.022600446428571369e-01,1.032366071428571369e-01,1.023995535714285754e-01,1.025390625000000000e-01,1.028180803571428631e-01,1.023995535714285754e-01,1.015625000000000000e-01,1.018415178571428631e-01,1.017020089285714246e-01,1.022600446428571369e-01,1.047712053571428631e-01,1.040736607142857123e-01,1.051897321428571369e-01,1.049107142857142877e-01,1.040736607142857123e-01,1.043526785714285754e-01,1.046316964285714246e-01,1.043526785714285754e-01,1.040736607142857123e-01,1.043526785714285754e-01,1.043526785714285754e-01,1.043526785714285754e-01,1.035156250000000000e-01,1.036551339285714246e-01,1.033761160714285754e-01,1.036551339285714246e-01,1.030970982142857123e-01,1.037946428571428631e-01,1.036551339285714246e-01,1.032366071428571369e-01,1.033761160714285754e-01,1.030970982142857123e-01,1.022600446428571369e-01,1.025390625000000000e-01,1.019810267857142877e-01
1.389508928571428492e-01,1.388113839285714246e-01,1.374162946428571508e-01,1.374162946428571508e-01,1.381138392857142738e-01,1.386718750000000000e-01,1.376953125000000000e-01,1.374162946428571508e-01,1.381138392857142738e-01,1.375558035714285754e-01,1.386718750000000000e-01,1.390904017857142738e-01,1.381138392857142738e-01,1.368582589285714246e-01,1.376953125000000000e-01,1.372767857142857262e-01,1.368582589285714246e-01,1.395089285714285754e-01,1.402064732142857262e-01,1.404854910714285754e-01,1.403459821428571508e-01,1.383928571428571508e-01,1.399274553571428492e-01,1.386718750000000000e-01,1.396484375000000000e-01,1.385323660714285754e-01,1.395089285714285754e-01,1.393694196428571508e-01,1.388113839285714246e-01,1.392299107142857262e-01,1.392299107142857262e-01,1.390904017857142738e-01,1.392299107142857262e-01,1.383928571428571508e-01,1.395089285714285754e-01,1.386718750000000000e-01,1.390904017857142738e-01,1.378348214285714246e-01,1.378348214285714246e-01,1.372767857142857262e-01,1.388113839285714246e-01,1.378348214285714246e-01
1.049107142857142877e-01,1.039341517857142877e-01,1.036551339285714246e-01,1.044921875000000000e-01,1.032366071428571369e-01,1.043526785714285754e-01,1.035156250000000000e-01,1.028180803571428631e-01,1.040736607142857123e-01,1.025390625000000000e-01,1.029575892857142877e-01,1.032366071428571369e-01,1.025390625000000000e-01,1.028180803571428631e-01,1.021205357142857123e-01,1.022600446428571369e-01,1.029575892857142877e-01,1.060267857142857123e-01,1.049107142857142877e-01,1.057477678571428631e-01,1.050502232142857123e-01,1.047712053571428631e-01,1.046316964285714246e-01,1.060267857142857123e-01,1.042131696428571369e-01,1.046316964285714246e-01,1.043526785714285754e-01,1.046316964285714246e-01,1.039341517857142877e-01,1.039341517857142877e-01,1.037946428571428631e-01,1.037946428571428631e-01,1.043526785714285754e-01,1.036551339285714246e-01,1.035156250000000000e-01,1.037946428571428631e-01,1.035156250000000000e-01,1.035156250000000000e-01,1.042131696428571369e-01,1.030970982142857123e-01,1.029575892857142877e-01,1.023995535714285754e-01
1.241629464285714211e-02,1.297433035714285789e-02,1.255580357142857192e-02,1.311383928571428596e-02,1.283482142857142808e-02,1.283482142857142808e-02,1.283482142857142808e-02,1.241629464285714211e-02,1.367187500000000000e-02,1.269531250000000000e-02,1.227678571428571404e-02,1.325334821428571404e-02,1.199776785714285789e-02,1.269531250000000000e-02,1.143973214285714211e-02,1.213727678571428596e-02,1.297433035714285789e-02,1.241629464285714211e-02,1.227678571428571404e-02,1.311383928571428596e-02,1.227678571428571404e-02,1.171875000000000000e-02,1.255580357142857192e-02,1.353236607142857192e-02,1.283482142857142808e-02,1.185825892857142808e-02,1.185825892857142808e-02,1.199776785714285789e-02,1.269531250000000000e-02,1.325334821428571404e-02,1.213727678571428596e-02,1.241629464285714211e-02,1.255580357142857192e-02,1.255580357142857192e-02,1.241629464285714211e-02,1.297433035714285789e-02,1.185825892857142808e-02,1.227678571428571404e-02,1.241629464285714211e-02,1.297433035714285789e-02,1.297433035714285789e-02,1.311383928571428596e-02
3.264508928571428770e-02,3.320312500000000000e-02,3.194754464285714385e-02,3.306361607142856845e-02,3.250558035714285615e-02,3.292410714285714385e-02,3.222656250000000000e-02,3.125000000000000000e-02,3.306361607142856845e-02,3.194754464285714385e-02,3.334263392857143155e-02,3.278459821428571230e-02,3.278459821428571230e-02,3.194754464285714385e-02,3.194754464285714385e-02,3.306361607142856845e-02,3.250558035714285615e-02,3.222656250000000000e-02,3.208705357142856845e-02,3.334263392857143155e-02,3.208705357142856845e-02,3.152901785714285615e-02,3.166852678571428770e-02,3.236607142857143155e-02,3.236607142857143155e-02,3.222656250000000000e-02,3.250558035714285615e-02,3.278459821428571230e-02,3.278459821428571230e-02,3.264508928571428770e-02,3.236607142857143155e-02,3.208705357142856845e-02,3.264508928571428770e-02,3.236607142857143155e-02,3.278459821428571230e-02,3.278459821428571230e-02,3.306361607142856845e-02,3.208705357142856845e-02,3.292410714285714385e-02,3.222656250000000000e-02,3.264508928571428770e-02,3.194754464285714385e-02
6.138392857142856845e-02,6.152343750000000000e-02,6.026785714285714385e-02,6.068638392857143155e-02,6.124441964285714385e-02,6.138392857142856845e-02,6.082589285714285615e-02,6.068638392857143155e-02,6.166294642857143155e-02,6.110491071428571230e-02,6.152343750000000000e-02,6.194196428571428770e-02,6.194196428571428770e-02,6.124441964285714385e-02,6.180245535714285615e-02,6.166294642857143155e-02,6.096540178571428770e-02,6.124441964285714385e-02,6.096540178571428770e-02,6.166294642857143155e-02,6.208147321428571230e-02,5.998883928571428770e-02,6.152343750000000000e-02,6.082589285714285615e-02,6.096540178571428770e-02,6.054687500000000000e-02,6.166294642857143155e-02,6.124441964285714385e-02,6.152343750000000000e-02,6.110491071428571230e-02,6.208147321428571230e-02,6.138392857142856845e-02,6.166294642857143155e-02,6.082589285714285615e-02,6.152343750000000000e-02,6.166294642857143155e-02,6.166294642857143155e-02,6.068638392857143155e-02,6.110491071428571230e-02,6.096540178571428770e-02,6.194196428571428770e-02,6.012834821428571230e-02
3.208705357142856845e-02,3.250558035714285615e-02,3.166852678571428770e-02,3.292410714285714385e-02,3.125000000000000000e-02,3.250558035714285615e-02,3.166852678571428770e-02,3.138950892857143155e-02,3.292410714285714385e-02,3.111049107142857192e-02,3.152901785714285615e-02,3.222656250000000000e-02,3.083147321428571577e-02,3.111049107142857192e-02,3.041294642857142808e-02,3.166852678571428770e-02,3.194754464285714385e-02,3.180803571428571230e-02,3.166852678571428770e-02,3.264508928571428770e-02,3.222656250000000000e-02,3.166852678571428770e-02,3.166852678571428770e-02,3.236607142857143155e-02,3.194754464285714385e-02,3.222656250000000000e-02,3.166852678571428770e-02,3.180803571428571230e-02,3.083147321428571577e-02,3.194754464285714385e-02,3.166852678571428770e-02,3.152901785714285615e-02,3.236607142857143155e-02,3.208705357142856845e-02,3.208705357142856845e-02,3.208705357142856845e-02,3.236607142857143155e-02,3.125000000000000000e-02,3.208705357142856845e-02,3.236607142857143155e-02,3.236607142857143155e-02,3.194754464285714385e-02
-7.714843750000000000e-02,-7.700892857142857539e-02,-7.575334821428571230e-02,-7.547433035714286309e-02,-7.686941964285713691e-02,-7.505580357142857539e-02,-7.575334821428571230e-02,-7.589285714285713691e-02,-7.561383928571428770e-02,-7.603236607142857539e-02,-7.659040178571428770e-02,-7.505580357142857539e-02,-7.645089285714286309e-02,-7.561383928571428770e-02,-7.686941964285713691e-02,-7.617187500000000000e-02,-7.575334821428571230e-02,-7.742745535714286309e-02,-7.826450892857142461e-02,-7.728794642857142461e-02,-7.742745535714286309e-02,-7.714843750000000000e-02,-7.686941964285713691e-02,-7.547433035714286309e-02,-7.770647321428571230e-02,-7.700892857142857539e-02,-7.700892857142857539e-02,-7.770647321428571230e-02,-7.700892857142857539e-02,-7.742745535714286309e-02,-7.756696428571428770e-02,-7.742745535714286309e-02,-7.728794642857142461e-02,-7.728794642857142461e-02,-7.714843750000000000e-02,-7.575334821428571230e-02,-7.714843750000000000e-02,-7.603236607142857539e-02,-7.617187500000000000e-02,-7.505580357142857539e-02,-7.659040178571428770e-02,-7.714843750000000000e-02
1.269531250000000000e-02,1.283482142857142808e-02,1.269531250000000000e-02,1.339285714285714211e-02,1.185825892857142808e-02,1.311383928571428596e-02,1.241629464285714211e-02,1.199776785714285789e-02,1.311383928571428596e-02,1.255580357142857192e-02,1.325334821428571404e-02,1.227678571428571404e-02,1.241629464285714211e-02,1.269531250000000000e-02,1.255580357142857192e-02,1.269531250000000000e-02,1.283482142857142808e-02,1.227678571428571404e-02,1.255580357142857192e-02,1.339285714285714211e-02,1.297433035714285789e-02,1.143973214285714211e-02,1.157924107142857192e-02,1.241629464285714211e-02,1.227678571428571404e-02,1.185825892857142808e-02,1.255580357142857192e-02,1.325334821428571404e-02,1.269531250000000000e-02,1.269531250000000000e-02,1.269531250000000000e-02,1.199776785714285789e-02,1.283482142857142808e-02,1.241629464285714211e-02,1.241629464285714211e-02,1.213727678571428596e-02,1.339285714285714211e-02,1.241629464285714211e-02,1.339285714285714211e-02,1.269531250000000000e-02,1.255580357142857192e-02,1.213727678571428596e-02
5.636160714285714385e-02,5.524553571428571230e-02,5.454799107142856845e-02,5.566406250000000000e-02,5.636160714285714385e-02,5.608258928571428770e-02,5.608258928571428770e-02,5.552455357142856845e-02,5.691964285714285615e-02,5.482700892857143155e-02,5.650111607142856845e-02,5.524553571428571230e-02,5.622209821428571230e-02,5.566406250000000000e-02,5.608258928571428770e-02,5.622209821428571230e-02,5.538504464285714385e-02,5.566406250000000000e-02,5.622209821428571230e-02,5.636160714285714385e-02,5.719866071428571230e-02,5.496651785714285615e-02,5.510602678571428770e-02,5.552455357142856845e-02,5.622209821428571230e-02,5.594308035714285615e-02,5.636160714285714385e-02,5.608258928571428770e-02,5.650111607142856845e-02,5.664062500000000000e-02,5.705915178571428770e-02,5.538504464285714385e-02,5.608258928571428770e-02,5.538504464285714385e-02,5.650111607142856845e-02,5.636160714285714385e-02,5.636160714285714385e-02,5.636160714285714385e-02,5.622209821428571230e-02,5.552455357142856845e-02,5.636160714285714385e-02,5.552455357142856845e-02
3.683035714285714385e-02,3.669084821428571230e-02,3.738839285714285615e-02,3.710937500000000000e-02,3.683035714285714385e-02,3.696986607142856845e-02,3.669084821428571230e-02,3.683035714285714385e-02,3.710937500000000000e-02,3.655133928571428770e-02,3.683035714285714385e-02,3.710937500000000000e-02,3.571428571428571230e-02,3.655133928571428770e-02,3.557477678571428770e-02,3.641183035714285615e-02,3.669084821428571230e-02,3.738839285714285615e-02,3.696986607142856845e-02,3.766741071428571230e-02,3.724888392857143155e-02,3.683035714285714385e-02,3.710937500000000000e-02,3.794642857142856845e-02,3.696986607142856845e-02,3.696986607142856845e-02,3.669084821428571230e-02,3.696986607142856845e-02,3.710937500000000000e-02,3.724888392857143155e-02,3.669084821428571230e-02,3.683035714285714385e-02,3.683035714285714385e-02,3.613281250000000000e-02,3.641183035714285615e-02,3.710937500000000000e-02,3.641183035714285615e-02,3.724888392857143155e-02,3.710937500000000000e-02,3.710937500000000000e-02,3.627232142857143155e-02,3.627232142857143155e-02
-1.143973214285714246e-01,-1.132812500000000000e-01,-1.136997767857142877e-01,-1.125837053571428631e-01,-1.138392857142857123e-01,-1.124441964285714246e-01,-1.131417410714285754e-01,-1.131417410714285754e-01,-1.116071428571428631e-01,-1.128627232142857123e-01,-1.124441964285714246e-01,-1.123046875000000000e-01,-1.125837053571428631e-01,-1.123046875000000000e-01,-1.125837053571428631e-01,-1.118861607142857123e-01,-1.114676339285714246e-01,-1.157924107142857123e-01,-1.162109375000000000e-01,-1.150948660714285754e-01,-1.150948660714285754e-01,-1.157924107142857123e-01,-1.150948660714285754e-01,-1.139787946428571369e-01,-1.153738839285714246e-01,-1.152343750000000000e-01,-1.145368303571428631e-01,-1.139787946428571369e-01,-1.146763392857142877e-01,-1.139787946428571369e-01,-1.136997767857142877e-01,-1.145368303571428631e-01,-1.139787946428571369e-01,-1.134207589285714246e-01,-1.139787946428571369e-01,-1.127232142857142877e-01,-1.135602678571428631e-01,-1.130022321428571369e-01,-1.127232142857142877e-01,-1.121651785714285754e-01,-1.135602678571428631e-01,-1.134207589285714246e-01
-9.877232142857142461e-02,-9.835379464285713691e-02,-9.793526785714286309e-02,-9.751674107142857539e-02,-9.793526785714286309e-02,-9.695870535714286309e-02,-9.695870535714286309e-02,-9.737723214285713691e-02,-9.612165178571428770e-02,-9.681919642857142461e-02,-9.640066964285713691e-02,-9.556361607142857539e-02,-9.681919642857142461e-02,-9.640066964285713691e-02,-9.654017857142857539e-02,-9.598214285714286309e-02,-9.612165178571428770e-02,-1.005859375000000000e-01,-9.960937500000000000e-02,-9.849330357142857539e-02,-9.905133928571428770e-02,-9.974888392857142461e-02,-9.960937500000000000e-02,-9.877232142857142461e-02,-9.863281250000000000e-02,-9.905133928571428770e-02,-9.849330357142857539e-02,-9.807477678571428770e-02,-9.737723214285713691e-02,-9.835379464285713691e-02,-9.807477678571428770e-02,-9.849330357142857539e-02,-9.765625000000000000e-02,-9.779575892857142461e-02,-9.779575892857142461e-02,-9.737723214285713691e-02,-9.765625000000000000e-02,-9.667968750000000000e-02,-9.654017857142857539e-02,-9.640066964285713691e-02,-9.737723214285713691e-02,-9.695870535714286309e-02
-4.617745535714285615e-02,-4.645647321428571230e-02,-4.799107142857143155e-02,-4.631696428571428770e-02,-4.715401785714285615e-02,-4.589843750000000000e-02,-4.645647321428571230e-02,-4.659598214285714385e-02,-4.436383928571428770e-02,-4.645647321428571230e-02,-4.408482142857143155e-02,-4.478236607142856845e-02,-4.464285714285714385e-02,-4.492187500000000000e-02,-4.478236607142856845e-02,-4.506138392857143155e-02,-4.492187500000000000e-02,-4.813058035714285615e-02,-4.785156250000000000e-02,-4.701450892857143155e-02,-4.687500000000000000e-02,-4.868861607142856845e-02,-4.840959821428571230e-02,-4.799107142857143155e-02,-4.701450892857143155e-02,-4.673549107142856845e-02,-4.631696428571428770e-02,-4.631696428571428770e-02,-4.617745535714285615e-02,-4.645647321428571230e-02,-4.534040178571428770e-02,-4.673549107142856845e-02,-4.589843750000000000e-02,-4.659598214285714385e-02,-4.617745535714285615e-02,-4.561941964285714385e-02,-4.589843750000000000e-02,-4.617745535714285615e-02,-4.589843750000000000e-02,-4.631696428571428770e-02,-4.547991071428571230e-02,-4.673549107142856845e-02
-4.994419642857143155e-02,-4.896763392857143155e-02,-4.868861607142856845e-02,-4.896763392857143155e-02,-4.882812500000000000e-02,-4.868861607142856845e-02,-4.924665178571428770e-02,-4.854910714285714385e-02,-4.827008928571428770e-02,-4.882812500000000000e-02,-4.854910714285714385e-02,-4.827008928571428770e-02,-4.980468750000000000e-02,-4.868861607142856845e-02,-4.938616071428571230e-02,-4.924665178571428770e-02,-4.910714285714285615e-02,-5.008370535714285615e-02,-5.008370535714285615e-02,-4.910714285714285615e-02,-4.938616071428571230e-02,-5.008370535714285615e-02,-4.868861607142856845e-02,-4.840959821428571230e-02,-4.980468750000000000e-02,-4.966517857142856845e-02,-4.952566964285714385e-02,-4.980468750000000000e-02,-4.882812500000000000e-02,-4.882812500000000000e-02,-4.924665178571428770e-02,-4.966517857142856845e-02,-4.938616071428571230e-02,-4.882812500000000000e-02,-4.924665178571428770e-02,-4.827008928571428770e-02,-4.924665178571428770e-02,-4.868861607142856845e-02,-4.840959821428571230e-02,-4.840959821428571230e-02,-4.952566964285714385e-02,-4.952566964285714385e-02
-2.314453125000000000e-01,-2.301897321428571508e-01,-2.294921875000000000e-01,-2.294921875000000000e-01,-2.300502232142857262e-01,-2.283761160714285754e-01,-2.292131696428571508e-01,-2.299107142857142738e-01,-2.283761160714285754e-01,-2.293526785714285754e-01,-2.287946428571428492e-01,-2.287946428571428492e-01,-2.289341517857142738e-01,-2.276785714285714246e-01,-2.287946428571428492e-01,-2.276785714285714246e-01,-2.275390625000000000e-01,-2.339564732142857262e-01,-2.331194196428571508e-01,-2.318638392857142738e-01,-2.324218750000000000e-01,-2.331194196428571508e-01,-2.320033482142857262e-01,-2.314453125000000000e-01,-2.327008928571428492e-01,-2.317243303571428492e-01,-2.315848214285714246e-01,-2.320033482142857262e-01,-2.317243303571428492e-01,-2.310267857142857262e-01,-2.313058035714285754e-01,-2.318638392857142738e-01,-2.314453125000000000e-01,-2.308872767857142738e-01,-2.307477678571428492e-01,-2.287946428571428492e-01,-2.304687500000000000e-01,-2.296316964285714246e-01,-2.293526785714285754e-01,-2.292131696428571508e-01,-2.299107142857142738e-01,-2.299107142857142738e-01
-1.506696428571428492e-01,-1.492745535714285754e-01,-1.495535714285714246e-01,-1.492745535714285754e-01,-1.492745535714285754e-01,-1.481584821428571508e-01,-1.488560267857142738e-01,-1.485770089285714246e-01,-1.480189732142857262e-01,-1.480189732142857262e-01,-1.485770089285714246e-01,-1.481584821428571508e-01,-1.484375000000000000e-01,-1.474609375000000000e-01,-1.478794642857142738e-01,-1.482979910714285754e-01,-1.478794642857142738e-01,-1.520647321428571508e-01,-1.513671875000000000e-01,-1.502511160714285754e-01,-1.508091517857142738e-01,-1.513671875000000000e-01,-1.506696428571428492e-01,-1.505301339285714246e-01,-1.502511160714285754e-01,-1.506696428571428492e-01,-1.501116071428571508e-01,-1.505301339285714246e-01,-1.502511160714285754e-01,-1.498325892857142738e-01,-1.498325892857142738e-01,-1.495535714285714246e-01,-1.492745535714285754e-01,-1.489955357142857262e-01,-1.499720982142857262e-01,-1.485770089285714246e-01,-1.494140625000000000e-01,-1.492745535714285754e-01,-1.480189732142857262e-01,-1.484375000000000000e-01,-1.481584821428571508e-01,-1.491350446428571508e-01
-8.761160714285713691e-02,-8.733258928571428770e-02,-8.886718750000000000e-02,-8.761160714285713691e-02,-8.719308035714286309e-02,-8.621651785714286309e-02,-8.747209821428571230e-02,-8.747209821428571230e-02,-8.537946428571428770e-02,-8.649553571428571230e-02,-8.523995535714286309e-02,-8.621651785714286309e-02,-8.551897321428571230e-02,-8.621651785714286309e-02,-8.607700892857142461e-02,-8.579799107142857539e-02,-8.677455357142857539e-02,-8.928571428571428770e-02,-8.956473214285713691e-02,-8.886718750000000000e-02,-8.858816964285713691e-02,-8.956473214285713691e-02,-8.984375000000000000e-02,-8.914620535714286309e-02,-8.830915178571428770e-02,-8.844866071428571230e-02,-8.733258928571428770e-02,-8.775111607142857539e-02,-8.789062500000000000e-02,-8.747209821428571230e-02,-8.733258928571428770e-02,-8.719308035714286309e-02,-8.733258928571428770e-02,-8.789062500000000000e-02,-8.565848214285713691e-02,-8.691406250000000000e-02,-8.677455357142857539e-02,-8.733258928571428770e-02,-8.635602678571428770e-02,-8.719308035714286309e-02,-8.677455357142857539e-02,-8.803013392857142461e-02
-8.175223214285713691e-02,-8.091517857142857539e-02,-8.049665178571428770e-02,-8.105468750000000000e-02,-8.133370535714286309e-02,-8.007812500000000000e-02,-8.063616071428571230e-02,-8.021763392857142461e-02,-8.035714285714286309e-02,-8.035714285714286309e-02,-8.105468750000000000e-02,-8.063616071428571230e-02,-8.119419642857142461e-02,-8.049665178571428770e-02,-8.119419642857142461e-02,-8.049665178571428770e-02,-8.035714285714286309e-02,-8.189174107142857539e-02,-8.203125000000000000e-02,-8.119419642857142461e-02,-8.119419642857142461e-02,-8.133370535714286309e-02,-8.119419642857142461e-02,-8.077566964285713691e-02,-8.119419642857142461e-02,-8.133370535714286309e-02,-8.147321428571428770e-02,-8.203125000000000000e-02,-8.161272321428571230e-02,-8.091517857142857539e-02,-8.133370535714286309e-02,-8.189174107142857539e-02,-8.077566964285713691e-02,-8.021763392857142461e-02,-8.119419642857142461e-02,-8.021763392857142461e-02,-8.175223214285713691e-02,-8.035714285714286309e-02,-8.035714285714286309e-02,-8.021763392857142461e-02,-8.119419642857142461e-02,-8.175223214285713691e-02
-2.332589285714285754e-01,-2.318638392857142738e-01,-2.311662946428571508e-01,-2.317243303571428492e-01,-2.324218750000000000e-01,-2.307477678571428492e-01,-2.311662946428571508e-01,-2.311662946428571508e-01,-2.313058035714285754e-01,-2.310267857142857262e-01,-2.310267857142857262e-01,-2.307477678571428492e-01,-2.320033482142857262e-01,-2.307477678571428492e-01,-2.322823660714285754e-01,-2.296316964285714246e-01,-2.294921875000000000e-01,-2.357700892857142738e-01,-2.352120535714285754e-01,-2.336774553571428492e-01,-2.345145089285714246e-01,-2.339564732142857262e-01,-2.340959821428571508e-01,-2.325613839285714246e-01,-2.349330357142857262e-01,-2.320033482142857262e-01,-2.338169642857142738e-01,-2.336774553571428492e-01,-2.331194196428571508e-01,-2.317243303571428492e-01,-2.335379464285714246e-01,-2.333984375000000000e-01,-2.324218750000000000e-01,-2.320033482142857262e-01,-2.324218750000000000e-01,-2.315848214285714246e-01,-2.332589285714285754e-01,-2.315848214285714246e-01,-2.317243303571428492e-01,-2.315848214285714246e-01,-2.322823660714285754e-01,-2.321428571428571508e-01
-1.085379464285714246e-01,-1.079799107142857123e-01,-1.079799107142857123e-01,-1.078404017857142877e-01,-1.078404017857142877e-01,-1.075613839285714246e-01,-1.077008928571428631e-01,-1.078404017857142877e-01,-1.075613839285714246e-01,-1.077008928571428631e-01,-1.074218750000000000e-01,-1.072823660714285754e-01,-1.082589285714285754e-01,-1.075613839285714246e-01,-1.071428571428571369e-01,-1.079799107142857123e-01,-1.072823660714285754e-01,-1.103515625000000000e-01,-1.099330357142857123e-01,-1.095145089285714246e-01,-1.089564732142857123e-01,-1.097935267857142877e-01,-1.090959821428571369e-01,-1.085379464285714246e-01,-1.090959821428571369e-01,-1.090959821428571369e-01,-1.082589285714285754e-01,-1.088169642857142877e-01,-1.082589285714285754e-01,-1.078404017857142877e-01,-1.081194196428571369e-01,-1.086774553571428631e-01,-1.082589285714285754e-01,-1.075613839285714246e-01,-1.082589285714285754e-01,-1.077008928571428631e-01,-1.078404017857142877e-01,-1.075613839285714246e-01,-1.077008928571428631e-01,-1.075613839285714246e-01,-1.079799107142857123e-01,-1.089564732142857123e-01
-3.934151785714285615e-02,-3.920200892857143155e-02,-4.059709821428571230e-02,-3.920200892857143155e-02,-3.892299107142856845e-02,-3.808593750000000000e-02,-3.976004464285714385e-02,-3.920200892857143155e-02,-3.836495535714285615e-02,-4.003906250000000000e-02,-3.794642857142856845e-02,-3.878348214285714385e-02,-3.836495535714285615e-02,-3.892299107142856845e-02,-3.906250000000000000e-02,-3.906250000000000000e-02,-3.989955357142856845e-02,-4.115513392857143155e-02,-4.101562500000000000e-02,-3.989955357142856845e-02,-3.976004464285714385e-02,-4.101562500000000000e-02,-4.171316964285714385e-02,-4.115513392857143155e-02,-3.962053571428571230e-02,-4.059709821428571230e-02,-3.878348214285714385e-02,-3.976004464285714385e-02,-3.878348214285714385e-02,-3.920200892857143155e-02,-3.920200892857143155e-02,-3.892299107142856845e-02,-3.920200892857143155e-02,-3.989955357142856845e-02,-3.906250000000000000e-02,-3.920200892857143155e-02,-3.878348214285714385e-02,-3.892299107142856845e-02,-3.906250000000000000e-02,-3.976004464285714385e-02,-3.948102678571428770e-02,-3.989955357142856845e-02
-3.390066964285714385e-02,-3.362165178571428770e-02,-3.362165178571428770e-02,-3.362165178571428770e-02,-3.417968750000000000e-02,-3.348214285714285615e-02,-3.376116071428571230e-02,-3.362165178571428770e-02,-3.390066964285714385e-02,-3.417968750000000000e-02,-3.404017857142856845e-02,-3.459821428571428770e-02,-3.445870535714285615e-02,-3.459821428571428770e-02,-3.487723214285714385e-02,-3.390066964285714385e-02,-3.417968750000000000e-02,-3.390066964285714385e-02,-3.417968750000000000e-02,-3.348214285714285615e-02,-3.334263392857143155e-02,-3.390066964285714385e-02,-3.390066964285714385e-02,-3.292410714285714385e-02,-3.431919642857143155e-02,-3.334263392857143155e-02,-3.362165178571428770e-02,-3.445870535714285615e-02,-3.445870535714285615e-02,-3.334263392857143155e-02,-3.376116071428571230e-02,-3.501674107142856845e-02,-3.404017857142856845e-02,-3.320312500000000000e-02,-3.431919642857143155e-02,-3.348214285714285615e-02,-3.445870535714285615e-02,-3.459821428571428770e-02,-3.390066964285714385e-02,-3.278459821428571230e-02,-3.445870535714285615e-02,-3.473772321428571230e-02
-1.181640625000000000e-01,-1.167689732142857123e-01,-1.170479910714285754e-01,-1.171875000000000000e-01,-1.169084821428571369e-01,-1.163504464285714246e-01,-1.160714285714285754e-01,-1.159319196428571369e-01,-1.160714285714285754e-01,-1.164899553571428631e-01,-1.166294642857142877e-01,-1.166294642857142877e-01,-1.166294642857142877e-01,-1.159319196428571369e-01,-1.166294642857142877e-01,-1.157924107142857123e-01,-1.159319196428571369e-01,-1.201171875000000000e-01,-1.194196428571428631e-01,-1.180245535714285754e-01,-1.187220982142857123e-01,-1.188616071428571369e-01,-1.181640625000000000e-01,-1.178850446428571369e-01,-1.183035714285714246e-01,-1.180245535714285754e-01,-1.181640625000000000e-01,-1.183035714285714246e-01,-1.171875000000000000e-01,-1.169084821428571369e-01,-1.177455357142857123e-01,-1.174665178571428631e-01,-1.176060267857142877e-01,-1.169084821428571369e-01,-1.177455357142857123e-01,-1.164899553571428631e-01,-1.177455357142857123e-01,-1.166294642857142877e-01,-1.166294642857142877e-01,-1.166294642857142877e-01,-1.171875000000000000e-01,-1.170479910714285754e-01
-8.928571428571428770e-02,-8.886718750000000000e-02,-8.942522321428571230e-02,-8.858816964285713691e-02,-8.844866071428571230e-02,-8.858816964285713691e-02,-8.858816964285713691e-02,-8.872767857142857539e-02,-8.858816964285713691e-02,-8.858816964285713691e-02,-8.789062500000000000e-02,-8.858816964285713691e-02,-8.803013392857142461e-02,-8.858816964285713691e-02,-8.858816964285713691e-02,-8.803013392857142461e-02,-8.886718750000000000e-02,-9.123883928571428770e-02,-9.068080357142857539e-02,-8.998325892857142461e-02,-9.026227678571428770e-02,-9.082031250000000000e-02,-9.095982142857142461e-02,-8.970424107142857539e-02,-9.082031250000000000e-02,-9.012276785714286309e-02,-8.956473214285713691e-02,-9.026227678571428770e-02,-8.886718750000000000e-02,-8.858816964285713691e-02,-8.886718750000000000e-02,-8.942522321428571230e-02,-8.914620535714286309e-02,-8.900669642857142461e-02,-8.956473214285713691e-02,-8.900669642857142461e-02,-8.872767857142857539e-02,-8.900669642857142461e-02,-8.830915178571428770e-02,-8.900669642857142461e-02,-8.914620535714286309e-02,-8.928571428571428770e-02
-3.404017857142856845e-02,-3.334263392857143155e-02,-3.445870535714285615e-02,-3.362165178571428770e-02,-3.320312500000000000e-02,-3.292410714285714385e-02,-3.362165178571428770e-02,-3.292410714285714385e-02,-3.194754464285714385e-02,-3.292410714285714385e-02,-3.222656250000000000e-02,-3.264508928571428770e-02,-3.250558035714285615e-02,-3.278459821428571230e-02,-3.264508928571428770e-02,-3.264508928571428770e-02,-3.362165178571428770e-02,-3.557477678571428770e-02,-3.557477678571428770e-02,-3.334263392857143155e-02,-3.473772321428571230e-02,-3.557477678571428770e-02,-3.445870535714285615e-02,-3.487723214285714385e-02,-3.334263392857143155e-02,-3.431919642857143155e-02,-3.362165178571428770e-02,-3.390066964285714385e-02,-3.334263392857143155e-02,-3.362165178571428770e-02,-3.250558035714285615e-02,-3.292410714285714385e-02,-3.334263392857143155e-02,-3.348214285714285615e-02,-3.320312500000000000e-02,-3.362165178571428770e-02,-3.306361607142856845e-02,-3.334263392857143155e-02,-3.250558035714285615e-02,-3.390066964285714385e-02,-3.306361607142856845e-02,-3.320312500000000000e-02
-3.808593750000000000e-02,-3.710937500000000000e-02,-3.766741071428571230e-02,-3.683035714285714385e-02,-3.696986607142856845e-02,-3.696986607142856845e-02,-3.752790178571428770e-02,-3.780691964285714385e-02,-3.696986607142856845e-02,-3.780691964285714385e-02,-3.710937500000000000e-02,-3.738839285714285615e-02,-3.738839285714285615e-02,-3.766741071428571230e-02,-3.822544642857143155e-02,-3.669084821428571230e-02,-3.724888392857143155e-02,-3.864397321428571230e-02,-3.808593750000000000e-02,-3.669084821428571230e-02,-3.752790178571428770e-02,-3.766741071428571230e-02,-3.766741071428571230e-02,-3.724888392857143155e-02,-3.822544642857143155e-02,-3.724888392857143155e-02,-3.752790178571428770e-02,-3.822544642857143155e-02,-3.752790178571428770e-02,-3.710937500000000000e-02,-3.738839285714285615e-02,-3.808593750000000000e-02,-3.738839285714285615e-02,-3.752790178571428770e-02,-3.878348214285714385e-02,-3.696986607142856845e-02,-3.794642857142856845e-02,-3.794642857142856845e-02,-3.724888392857143155e-02,-3.752790178571428770e-02,-3.738839285714285615e-02,-3.794642857142856845e-02
-1.667131696428571508e-01,-1.651785714285714246e-01,-1.642020089285714246e-01,-1.654575892857142738e-01,-1.651785714285714246e-01,-1.648995535714285754e-01,-1.648995535714285754e-01,-1.646205357142857262e-01,-1.655970982142857262e-01,-1.650390625000000000e-01,-1.657366071428571508e-01,-1.635044642857142738e-01,-1.655970982142857262e-01,-1.648995535714285754e-01,-1.653180803571428492e-01,-1.642020089285714246e-01,-1.636439732142857262e-01,-1.675502232142857262e-01,-1.672712053571428492e-01,-1.660156250000000000e-01,-1.665736607142857262e-01,-1.665736607142857262e-01,-1.660156250000000000e-01,-1.647600446428571508e-01,-1.672712053571428492e-01,-1.661551339285714246e-01,-1.664341517857142738e-01,-1.669921875000000000e-01,-1.657366071428571508e-01,-1.651785714285714246e-01,-1.658761160714285754e-01,-1.665736607142857262e-01,-1.660156250000000000e-01,-1.647600446428571508e-01,-1.674107142857142738e-01,-1.651785714285714246e-01,-1.667131696428571508e-01,-1.647600446428571508e-01,-1.648995535714285754e-01,-1.642020089285714246e-01,-1.648995535714285754e-01,-1.644810267857142738e-01
-5.287388392857143155e-02,-5.301339285714285615e-02,-5.371093750000000000e-02,-5.343191964285714385e-02,-5.371093750000000000e-02,-5.329241071428571230e-02,-5.412946428571428770e-02,-5.426897321428571230e-02,-5.357142857142856845e-02,-5.412946428571428770e-02,-5.329241071428571230e-02,-5.343191964285714385e-02,-5.301339285714285615e-02,-5.385044642857143155e-02,-5.357142857142856845e-02,-5.329241071428571230e-02,-5.343191964285714385e-02,-5.440848214285714385e-02,-5.496651785714285615e-02,-5.371093750000000000e-02,-5.440848214285714385e-02,-5.398995535714285615e-02,-5.468750000000000000e-02,-5.398995535714285615e-02,-5.343191964285714385e-02,-5.385044642857143155e-02,-5.357142857142856845e-02,-5.440848214285714385e-02,-5.371093750000000000e-02,-5.385044642857143155e-02,-5.343191964285714385e-02,-5.412946428571428770e-02,-5.398995535714285615e-02,-5.426897321428571230e-02,-5.398995535714285615e-02,-5.371093750000000000e-02,-5.315290178571428770e-02,-5.329241071428571230e-02,-5.259486607142856845e-02,-5.357142857142856845e-02,-5.385044642857143155e-02,-5.426897321428571230e-02
2.092633928571428509e-03,2.371651785714285528e-03,1.255580357142857236e-03,2.371651785714285528e-03,2.511160714285714472e-03,3.069196428571428509e-03,1.953125000000000000e-03,2.371651785714285528e-03,2.511160714285714472e-03,1.953125000000000000e-03,3.069196428571428509e-03,1.534598214285714255e-03,2.790178571428571491e-03,2.511160714285714472e-03,2.650669642857142981e-03,2.511160714285714472e-03,1.534598214285714255e-03,1.534598214285714255e-03,1.395089285714285745e-03,2.371651785714285528e-03,2.371651785714285528e-03,1.116071428571428509e-03,1.813616071428571491e-03,9.765625000000000000e-04,2.511160714285714472e-03,2.092633928571428509e-03,3.069196428571428509e-03,2.092633928571428509e-03,2.511160714285714472e-03,2.232142857142857019e-03,2.790178571428571491e-03,1.674107142857142764e-03,1.813616071428571491e-03,1.953125000000000000e-03,1.813616071428571491e-03,2.092633928571428509e-03,2.511160714285714472e-03,2.650669642857142981e-03,3.348214285714285528e-03,2.232142857142857019e-03,2.511160714285714472e-03,1.953125000000000000e-03
-1.116071428571428509e-03,-1.674107142857142764e-03,-9.765625000000000000e-04,-9.765625000000000000e-04,-1.395089285714285745e-03,-1.255580357142857236e-03,-1.395089285714285745e-03,-1.674107142857142764e-03,-1.255580357142857236e-03,-1.813616071428571491e-03,-1.395089285714285745e-03,-1.674107142857142764e-03,-2.650669642857142981e-03,-2.092633928571428509e-03,-2.371651785714285528e-03,-1.534598214285714255e-03,-1.813616071428571491e-03,-6.975446428571428726e-04,-9.765625000000000000e-04,-2.790178571428571274e-04,-9.765625000000000000e-04,-1.255580357142857236e-03,-1.116071428571428509e-03,-4.185267857142856911e-04,-1.674107142857142764e-03,-1.395089285714285745e-03,-8.370535714285713821e-04,-1.953125000000000000e-03,-8.370535714285713821e-04,-1.255580357142857236e-03,-1.395089285714285745e-03,-1.534598214285714255e-03,-1.116071428571428509e-03,-1.534598214285714255e-03,-2.232142857142857019e-03,-1.534598214285714255e-03,-1.674107142857142764e-03,-1.395089285714285745e-03,-1.116071428571428509e-03,-8.370535714285713821e-04,-2.092633928571428509e-03,-2.092633928571428509e-03
-1.109095982142857123e-01,-1.096540178571428631e-01,-1.092354910714285754e-01,-1.103515625000000000e-01,-1.095145089285714246e-01,-1.089564732142857123e-01,-1.096540178571428631e-01,-1.092354910714285754e-01,-1.093750000000000000e-01,-1.089564732142857123e-01,-1.095145089285714246e-01,-1.093750000000000000e-01,-1.090959821428571369e-01,-1.088169642857142877e-01,-1.093750000000000000e-01,-1.083984375000000000e-01,-1.083984375000000000e-01,-1.111886160714285754e-01,-1.116071428571428631e-01,-1.107700892857142877e-01,-1.111886160714285754e-01,-1.109095982142857123e-01,-1.100725446428571369e-01,-1.097935267857142877e-01,-1.110491071428571369e-01,-1.109095982142857123e-01,-1.097935267857142877e-01,-1.111886160714285754e-01,-1.100725446428571369e-01,-1.097935267857142877e-01,-1.103515625000000000e-01,-1.102120535714285754e-01,-1.102120535714285754e-01,-1.089564732142857123e-01,-1.099330357142857123e-01,-1.096540178571428631e-01,-1.097935267857142877e-01,-1.093750000000000000e-01,-1.089564732142857123e-01,-1.085379464285714246e-01,-1.092354910714285754e-01,-1.097935267857142877e-01
-1.118861607142857123e-01,-1.107700892857142877e-01,-1.117466517857142877e-01,-1.111886160714285754e-01,-1.113281250000000000e-01,-1.102120535714285754e-01,-1.110491071428571369e-01,-1.116071428571428631e-01,-1.103515625000000000e-01,-1.113281250000000000e-01,-1.104910714285714246e-01,-1.100725446428571369e-01,-1.099330357142857123e-01,-1.107700892857142877e-01,-1.109095982142857123e-01,-1.099330357142857123e-01,-1.095145089285714246e-01,-1.134207589285714246e-01,-1.135602678571428631e-01,-1.118861607142857123e-01,-1.127232142857142877e-01,-1.131417410714285754e-01,-1.123046875000000000e-01,-1.123046875000000000e-01,-1.120256696428571369e-01,-1.120256696428571369e-01,-1.117466517857142877e-01,-1.121651785714285754e-01,-1.114676339285714246e-01,-1.114676339285714246e-01,-1.117466517857142877e-01,-1.116071428571428631e-01,-1.114676339285714246e-01,-1.116071428571428631e-01,-1.111886160714285754e-01,-1.111886160714285754e-01,-1.107700892857142877e-01,-1.109095982142857123e-01,-1.102120535714285754e-01,-1.111886160714285754e-01,-1.114676339285714246e-01,-1.110491071428571369e-01
-5.036272321428571230e-02,-4.938616071428571230e-02,-4.994419642857143155e-02,-5.008370535714285615e-02,-4.910714285714285615e-02,-4.938616071428571230e-02,-4.966517857142856845e-02,-4.952566964285714385e-02,-4.868861607142856845e-02,-4.980468750000000000e-02,-4.827008928571428770e-02,-4.952566964285714385e-02,-4.854910714285714385e-02,-4.896763392857143155e-02,-4.868861607142856845e-02,-4.813058035714285615e-02,-4.952566964285714385e-02,-5.092075892857143155e-02,-5.133928571428571230e-02,-5.022321428571428770e-02,-5.050223214285714385e-02,-5.119977678571428770e-02,-5.078125000000000000e-02,-5.106026785714285615e-02,-4.952566964285714385e-02,-4.980468750000000000e-02,-4.938616071428571230e-02,-4.966517857142856845e-02,-4.980468750000000000e-02,-4.952566964285714385e-02,-4.924665178571428770e-02,-5.022321428571428770e-02,-4.952566964285714385e-02,-4.938616071428571230e-02,-4.924665178571428770e-02,-4.910714285714285615e-02,-4.840959821428571230e-02,-4.840959821428571230e-02,-4.910714285714285615e-02,-4.924665178571428770e-02,-4.910714285714285615e-02,-4.952566964285714385e-02
-4.910714285714285615e-02,-4.827008928571428770e-02,-4.840959821428571230e-02,-4.868861607142856845e-02,-4.882812500000000000e-02,-4.854910714285714385e-02,-4.896763392857143155e-02,-4.896763392857143155e-02,-4.854910714285714385e-02,-4.896763392857143155e-02,-4.854910714285714385e-02,-4.854910714285714385e-02,-4.952566964285714385e-02,-4.882812500000000000e-02,-4.882812500000000000e-02,-4.868861607142856845e-02,-4.799107142857143155e-02,-4.896763392857143155e-02,-4.910714285714285615e-02,-4.813058035714285615e-02,-4.910714285714285615e-02,-4.952566964285714385e-02,-4.910714285714285615e-02,-4.882812500000000000e-02,-4.966517857142856845e-02,-4.924665178571428770e-02,-4.910714285714285615e-02,-4.966517857142856845e-02,-4.896763392857143155e-02,-4.854910714285714385e-02,-4.854910714285714385e-02,-4.924665178571428770e-02,-4.910714285714285615e-02,-4.882812500000000000e-02,-4.952566964285714385e-02,-4.868861607142856845e-02,-4.938616071428571230e-02,-4.896763392857143155e-02,-4.827008928571428770e-02,-4.813058035714285615e-02,-4.924665178571428770e-02,-4.854910714285714385e-02
-1.432756696428571508e-01,-1.418805803571428492e-01,-1.420200892857142738e-01,-1.417410714285714246e-01,-1.424386160714285754e-01,-1.418805803571428492e-01,-1.417410714285714246e-01,-1.416015625000000000e-01,-1.421595982142857262e-01,-1.417410714285714246e-01,-1.424386160714285754e-01,-1.413225446428571508e-01,-1.424386160714285754e-01,-1.416015625000000000e-01,-1.425781250000000000e-01,-1.411830357142857262e-01,-1.409040178571428492e-01,-1.429966517857142738e-01,-1.432756696428571508e-01,-1.435546875000000000e-01,-1.436941964285714246e-01,-1.434151785714285754e-01,-1.424386160714285754e-01,-1.411830357142857262e-01,-1.439732142857142738e-01,-1.427176339285714246e-01,-1.432756696428571508e-01,-1.443917410714285754e-01,-1.427176339285714246e-01,-1.422991071428571508e-01,-1.425781250000000000e-01,-1.428571428571428492e-01,-1.424386160714285754e-01,-1.424386160714285754e-01,-1.431361607142857262e-01,-1.422991071428571508e-01,-1.431361607142857262e-01,-1.418805803571428492e-01,-1.418805803571428492e-01,-1.402064732142857262e-01,-1.413225446428571508e-01,-1.425781250000000000e-01
-3.557477678571428770e-02,-3.445870535714285615e-02,-3.459821428571428770e-02,-3.501674107142856845e-02,-3.487723214285714385e-02,-3.487723214285714385e-02,-3.515625000000000000e-02,-3.445870535714285615e-02,-3.431919642857143155e-02,-3.473772321428571230e-02,-3.473772321428571230e-02,-3.431919642857143155e-02,-3.501674107142856845e-02,-3.445870535714285615e-02,-3.529575892857143155e-02,-3.431919642857143155e-02,-3.417968750000000000e-02,-3.487723214285714385e-02,-3.529575892857143155e-02,-3.404017857142856845e-02,-3.487723214285714385e-02,-3.571428571428571230e-02,-3.529575892857143155e-02,-3.445870535714285615e-02,-3.390066964285714385e-02,-3.473772321428571230e-02,-3.529575892857143155e-02,-3.473772321428571230e-02,-3.417968750000000000e-02,-3.487723214285714385e-02,-3.459821428571428770e-02,-3.459821428571428770e-02,-3.501674107142856845e-02,-3.459821428571428770e-02,-3.473772321428571230e-02,-3.515625000000000000e-02,-3.445870535714285615e-02,-3.390066964285714385e-02,-3.362165178571428770e-02,-3.445870535714285615e-02,-3.487723214285714385e-02,-3.487723214285714385e-02
2.204241071428571577e-02,2.246093750000000000e-02,2.162388392857142808e-02,2.232142857142857192e-02,2.232142857142857192e-02,2.204241071428571577e-02,2.134486607142857192e-02,2.176339285714285615e-02,2.329799107142857192e-02,2.218191964285714385e-02,2.315848214285714385e-02,2.120535714285714385e-02,2.287946428571428423e-02,2.260044642857142808e-02,2.176339285714285615e-02,2.260044642857142808e-02,2.204241071428571577e-02,2.260044642857142808e-02,2.232142857142857192e-02,2.315848214285714385e-02,2.218191964285714385e-02,2.218191964285714385e-02,2.176339285714285615e-02,2.190290178571428423e-02,2.287946428571428423e-02,2.204241071428571577e-02,2.329799107142857192e-02,2.287946428571428423e-02,2.315848214285714385e-02,2.232142857142857192e-02,2.287946428571428423e-02,2.232142857142857192e-02,2.246093750000000000e-02,2.232142857142857192e-02,2.273995535714285615e-02,2.273995535714285615e-02,2.329799107142857192e-02,2.190290178571428423e-02,2.260044642857142808e-02,2.190290178571428423e-02,2.218191964285714385e-02,2.078683035714285615e-02
1.367187500000000000e-02,1.464843750000000000e-02,1.492745535714285789e-02,1.450892857142857192e-02,1.395089285714285789e-02,1.450892857142857192e-02,1.409040178571428596e-02,1.436941964285714211e-02,1.450892857142857192e-02,1.422991071428571404e-02,1.422991071428571404e-02,1.506696428571428596e-02,1.339285714285714211e-02,1.409040178571428596e-02,1.325334821428571404e-02,1.409040178571428596e-02,1.422991071428571404e-02,1.534598214285714211e-02,1.506696428571428596e-02,1.576450892857142808e-02,1.436941964285714211e-02,1.450892857142857192e-02,1.590401785714285615e-02,1.660156250000000000e-02,1.409040178571428596e-02,1.409040178571428596e-02,1.492745535714285789e-02,1.395089285714285789e-02,1.506696428571428596e-02,1.464843750000000000e-02,1.464843750000000000e-02,1.395089285714285789e-02,1.492745535714285789e-02,1.478794642857142808e-02,1.409040178571428596e-02,1.422991071428571404e-02,1.436941964285714211e-02,1.450892857142857192e-02,1.422991071428571404e-02,1.478794642857142808e-02,1.409040178571428596e-02,1.395089285714285789e-02
-7.045200892857142461e-02,-7.101004464285713691e-02,-7.017299107142857539e-02,-6.975446428571428770e-02,-7.073102678571428770e-02,-7.017299107142857539e-02,-7.045200892857142461e-02,-7.017299107142857539e-02,-6.933593750000000000e-02,-7.003348214285713691e-02,-6.947544642857142461e-02,-7.017299107142857539e-02,-7.003348214285713691e-02,-6.961495535714286309e-02,-7.059151785714286309e-02,-6.877790178571428770e-02,-6.933593750000000000e-02,-7.156808035714286309e-02,-7.170758928571428770e-02,-7.101004464285713691e-02,-7.128906250000000000e-02,-7.142857142857142461e-02,-7.142857142857142461e-02,-7.003348214285713691e-02,-7.128906250000000000e-02,-7.114955357142857539e-02,-7.059151785714286309e-02,-7.114955357142857539e-02,-7.045200892857142461e-02,-7.073102678571428770e-02,-7.087053571428571230e-02,-7.003348214285713691e-02,-7.003348214285713691e-02,-7.101004464285713691e-02,-7.031250000000000000e-02,-6.989397321428571230e-02,-7.059151785714286309e-02,-6.989397321428571230e-02,-6.961495535714286309e-02,-6.961495535714286309e-02,-6.961495535714286309e-02,-7.045200892857142461e-02
-4.771205357142856845e-02,-4.701450892857143155e-02,-4.673549107142856845e-02,-4.687500000000000000e-02,-4.645647321428571230e-02,-4.645647321428571230e-02,-4.659598214285714385e-02,-4.631696428571428770e-02,-4.589843750000000000e-02,-4.561941964285714385e-02,-4.589843750000000000e-02,-4.631696428571428770e-02,-4.645647321428571230e-02,-4.701450892857143155e-02,-4.673549107142856845e-02,-4.589843750000000000e-02,-4.589843750000000000e-02,-4.799107142857143155e-02,-4.799107142857143155e-02,-4.715401785714285615e-02,-4.729352678571428770e-02,-4.813058035714285615e-02,-4.743303571428571230e-02,-4.743303571428571230e-02,-4.687500000000000000e-02,-4.757254464285714385e-02,-4.701450892857143155e-02,-4.715401785714285615e-02,-4.659598214285714385e-02,-4.687500000000000000e-02,-4.673549107142856845e-02,-4.673549107142856845e-02,-4.673549107142856845e-02,-4.673549107142856845e-02,-4.673549107142856845e-02,-4.617745535714285615e-02,-4.631696428571428770e-02,-4.659598214285714385e-02,-4.617745535714285615e-02,-4.603794642857143155e-02,-4.617745535714285615e-02,-4.659598214285714385e-02
2.650669642857142981e-03,1.674107142857142764e-03,1.255580357142857236e-03,2.929687500000000000e-03,1.813616071428571491e-03,2.790178571428571491e-03,2.092633928571428509e-03,1.395089285714285745e-03,2.929687500000000000e-03,2.232142857142857019e-03,3.766741071428571491e-03,2.650669642857142981e-03,2.511160714285714472e-03,2.232142857142857019e-03,2.371651785714285528e-03,2.511160714285714472e-03,2.232142857142857019e-03,1.255580357142857236e-03,1.395089285714285745e-03,2.092633928571428509e-03,2.371651785714285528e-03,9.765625000000000000e-04,2.790178571428571274e-04,5.580357142857142547e-04,2.650669642857142981e-03,8.370535714285713821e-04,2.232142857142857019e-03,2.650669642857142981e-03,2.371651785714285528e-03,1.534598214285714255e-03,2.371651785714285528e-03,1.674107142857142764e-03,2.650669642857142981e-03,1.395089285714285745e-03,2.650669642857142981e-03,2.232142857142857019e-03,3.208705357142857019e-03,2.232142857142857019e-03,3.348214285714285528e-03,1.395089285714285745e-03,2.232142857142857019e-03,1.674107142857142764e-03
-1.060267857142857192e-02,-1.032366071428571404e-02,-1.018415178571428596e-02,-9.905133928571428076e-03,-9.765625000000000000e-03,-9.765625000000000000e-03,-9.765625000000000000e-03,-9.905133928571428076e-03,-1.018415178571428596e-02,-1.004464285714285789e-02,-1.004464285714285789e-02,-9.626116071428571924e-03,-1.074218750000000000e-02,-1.060267857142857192e-02,-1.046316964285714211e-02,-1.018415178571428596e-02,-1.004464285714285789e-02,-1.032366071428571404e-02,-1.060267857142857192e-02,-9.765625000000000000e-03,-9.905133928571428076e-03,-9.905133928571428076e-03,-9.626116071428571924e-03,-9.068080357142857886e-03,-1.032366071428571404e-02,-1.060267857142857192e-02,-1.004464285714285789e-02,-1.046316964285714211e-02,-1.018415178571428596e-02,-1.018415178571428596e-02,-1.018415178571428596e-02,-1.060267857142857192e-02,-9.905133928571428076e-03,-1.046316964285714211e-02,-1.046316964285714211e-02,-9.626116071428571924e-03,-1.046316964285714211e-02,-1.018415178571428596e-02,-9.626116071428571924e-03,-8.789062500000000000e-03,-1.004464285714285789e-02,-1.018415178571428596e-02
-1.072823660714285754e-01,-1.077008928571428631e-01,-1.072823660714285754e-01,-1.067243303571428631e-01,-1.072823660714285754e-01,-1.065848214285714246e-01,-1.068638392857142877e-01,-1.077008928571428631e-01,-1.071428571428571369e-01,-1.064453125000000000e-01,-1.061662946428571369e-01,-1.060267857142857123e-01,-1.075613839285714246e-01,-1.071428571428571369e-01,-1.077008928571428631e-01,-1.056082589285714246e-01,-1.061662946428571369e-01,-1.097935267857142877e-01,-1.086774553571428631e-01,-1.086774553571428631e-01,-1.086774553571428631e-01,-1.085379464285714246e-01,-1.078404017857142877e-01,-1.074218750000000000e-01,-1.086774553571428631e-01,-1.079799107142857123e-01,-1.081194196428571369e-01,-1.090959821428571369e-01,-1.083984375000000000e-01,-1.078404017857142877e-01,-1.075613839285714246e-01,-1.081194196428571369e-01,-1.077008928571428631e-01,-1.083984375000000000e-01,-1.078404017857142877e-01,-1.078404017857142877e-01,-1.078404017857142877e-01,-1.074218750000000000e-01,-1.068638392857142877e-01,-1.067243303571428631e-01,-1.063058035714285754e-01,-1.067243303571428631e-01
-4.534040178571428770e-02,-4.603794642857143155e-02,-4.603794642857143155e-02,-4.547991071428571230e-02,-4.534040178571428770e-02,-4.575892857142856845e-02,-4.534040178571428770e-02,-4.547991071428571230e-02,-4.506138392857143155e-02,-4.506138392857143155e-02,-4.492187500000000000e-02,-4.534040178571428770e-02,-4.506138392857143155e-02,-4.534040178571428770e-02,-4.506138392857143155e-02,-4.478236607142856845e-02,-4.520089285714285615e-02,-4.729352678571428770e-02,-4.645647321428571230e-02,-4.631696428571428770e-02,-4.589843750000000000e-02,-4.701450892857143155e-02,-4.645647321428571230e-02,-4.547991071428571230e-02,-4.589843750000000000e-02,-4.673549107142856845e-02,-4.575892857142856845e-02,-4.631696428571428770e-02,-4.603794642857143155e-02,-4.659598214285714385e-02,-4.520089285714285615e-02,-4.659598214285714385e-02,-4.547991071428571230e-02,-4.589843750000000000e-02,-4.603794642857143155e-02,-4.534040178571428770e-02,-4.506138392857143155e-02,-4.547991071428571230e-02,-4.478236607142856845e-02,-4.520089285714285615e-02,-4.492187500000000000e-02,-4.603794642857143155e-02
1.813616071428571491e-03,1.953125000000000000e-03,1.674107142857142764e-03,2.790178571428571491e-03,2.790178571428571491e-03,2.092633928571428509e-03,2.790178571428571491e-03,1.534598214285714255e-03,3.906250000000000000e-03,2.232142857142857019e-03,3.906250000000000000e-03,2.511160714285714472e-03,3.627232142857142981e-03,2.790178571428571491e-03,3.348214285714285528e-03,2.511160714285714472e-03,3.208705357142857019e-03,5.580357142857142547e-04,6.975446428571428726e-04,2.092633928571428509e-03,2.371651785714285528e-03,1.395089285714285745e-03,1.255580357142857236e-03,9.765625000000000000e-04,2.371651785714285528e-03,1.953125000000000000e-03,2.511160714285714472e-03,2.650669642857142981e-03,2.371651785714285528e-03,2.650669642857142981e-03,2.092633928571428509e-03,2.650669642857142981e-03,1.953125000000000000e-03,2.371651785714285528e-03,2.232142857142857019e-03,3.069196428571428509e-03,3.627232142857142981e-03,2.371651785714285528e-03,3.069196428571428509e-03,1.395089285714285745e-03,2.650669642857142981e-03,1.674107142857142764e-03
-9.626116071428571924e-03,-9.347098214285714038e-03,-9.207589285714285962e-03,-9.626116071428571924e-03,-9.347098214285714038e-03,-9.207589285714285962e-03,-9.068080357142857886e-03,-9.486607142857142114e-03,-9.347098214285714038e-03,-9.207589285714285962e-03,-9.486607142857142114e-03,-9.347098214285714038e-03,-9.905133928571428076e-03,-1.018415178571428596e-02,-9.626116071428571924e-03,-9.068080357142857886e-03,-9.486607142857142114e-03,-9.905133928571428076e-03,-1.004464285714285789e-02,-9.347098214285714038e-03,-9.486607142857142114e-03,-1.004464285714285789e-02,-9.207589285714285962e-03,-8.370535714285714038e-03,-1.032366071428571404e-02,-9.765625000000000000e-03,-9.068080357142857886e-03,-9.905133928571428076e-03,-1.004464285714285789e-02,-9.068080357142857886e-03,-9.626116071428571924e-03,-1.046316964285714211e-02,-9.347098214285714038e-03,-9.765625000000000000e-03,-1.018415178571428596e-02,-9.347098214285714038e-03,-9.626116071428571924e-03,-9.905133928571428076e-03,-9.765625000000000000e-03,-8.789062500000000000e-03,-9.347098214285714038e-03,-1.004464285714285789e-02
-1.519252232142857262e-01,-1.501116071428571508e-01,-1.506696428571428492e-01,-1.505301339285714246e-01,-1.505301339285714246e-01,-1.498325892857142738e-01,-1.498325892857142738e-01,-1.506696428571428492e-01,-1.499720982142857262e-01,-1.498325892857142738e-01,-1.495535714285714246e-01,-1.487165178571428492e-01,-1.506696428571428492e-01,-1.488560267857142738e-01,-1.503906250000000000e-01,-1.481584821428571508e-01,-1.489955357142857262e-01,-1.531808035714285754e-01,-1.522042410714285754e-01,-1.519252232142857262e-01,-1.529017857142857262e-01,-1.523437500000000000e-01,-1.515066964285714246e-01,-1.506696428571428492e-01,-1.522042410714285754e-01,-1.515066964285714246e-01,-1.522042410714285754e-01,-1.519252232142857262e-01,-1.515066964285714246e-01,-1.508091517857142738e-01,-1.512276785714285754e-01,-1.513671875000000000e-01,-1.509486607142857262e-01,-1.512276785714285754e-01,-1.512276785714285754e-01,-1.501116071428571508e-01,-1.513671875000000000e-01,-1.503906250000000000e-01,-1.501116071428571508e-01,-1.488560267857142738e-01,-1.501116071428571508e-01,-1.495535714285714246e-01
-8.189174107142857539e-02,-8.091517857142857539e-02,-8.189174107142857539e-02,-7.993861607142857539e-02,-8.049665178571428770e-02,-8.049665178571428770e-02,-8.063616071428571230e-02,-8.091517857142857539e-02,-7.979910714285713691e-02,-8.021763392857142461e-02,-8.021763392857142461e-02,-7.993861607142857539e-02,-8.035714285714286309e-02,-8.035714285714286309e-02,-8.021763392857142461e-02,-7.924107142857142461e-02,-7.938058035714286309e-02,-8.300781250000000000e-02,-8.203125000000000000e-02,-8.189174107142857539e-02,-8.175223214285713691e-02,-8.203125000000000000e-02,-8.091517857142857539e-02,-8.244977678571428770e-02,-8.147321428571428770e-02,-8.189174107142857539e-02,-8.189174107142857539e-02,-8.147321428571428770e-02,-8.119419642857142461e-02,-8.133370535714286309e-02,-8.119419642857142461e-02,-8.077566964285713691e-02,-8.063616071428571230e-02,-8.133370535714286309e-02,-8.119419642857142461e-02,-8.021763392857142461e-02,-8.007812500000000000e-02,-8.105468750000000000e-02,-8.077566964285713691e-02,-8.049665178571428770e-02,-8.035714285714286309e-02,-8.119419642857142461e-02
-2.929687500000000000e-02,-2.943638392857142808e-02,-2.929687500000000000e-02,-2.915736607142857192e-02,-2.971540178571428423e-02,-2.915736607142857192e-02,-2.901785714285714385e-02,-2.971540178571428423e-02,-2.762276785714285615e-02,-2.887834821428571577e-02,-2.804129464285714385e-02,-2.832031250000000000e-02,-2.845982142857142808e-02,-2.901785714285714385e-02,-2.832031250000000000e-02,-2.832031250000000000e-02,-2.859933035714285615e-02,-3.027343750000000000e-02,-3.083147321428571577e-02,-2.985491071428571577e-02,-3.027343750000000000e-02,-3.083147321428571577e-02,-2.985491071428571577e-02,-3.125000000000000000e-02,-2.887834821428571577e-02,-3.125000000000000000e-02,-2.985491071428571577e-02,-2.915736607142857192e-02,-2.887834821428571577e-02,-2.887834821428571577e-02,-2.929687500000000000e-02,-2.887834821428571577e-02,-2.818080357142857192e-02,-2.957589285714285615e-02,-2.859933035714285615e-02,-2.873883928571428423e-02,-2.804129464285714385e-02,-2.957589285714285615e-02,-2.845982142857142808e-02,-2.971540178571428423e-02,-2.790178571428571577e-02,-2.943638392857142808e-02
-3.348214285714285615e-02,-3.292410714285714385e-02,-3.376116071428571230e-02,-3.292410714285714385e-02,-3.362165178571428770e-02,-3.264508928571428770e-02,-3.362165178571428770e-02,-3.404017857142856845e-02,-3.264508928571428770e-02,-3.348214285714285615e-02,-3.334263392857143155e-02,-3.334263392857143155e-02,-3.362165178571428770e-02,-3.306361607142856845e-02,-3.417968750000000000e-02,-3.306361607142856845e-02,-3.362165178571428770e-02,-3.390066964285714385e-02,-3.320312500000000000e-02,-3.334263392857143155e-02,-3.348214285714285615e-02,-3.376116071428571230e-02,-3.334263392857143155e-02,-3.222656250000000000e-02,-3.417968750000000000e-02,-3.320312500000000000e-02,-3.404017857142856845e-02,-3.362165178571428770e-02,-3.320312500000000000e-02,-3.292410714285714385e-02,-3.362165178571428770e-02,-3.306361607142856845e-02,-3.390066964285714385e-02,-3.376116071428571230e-02,-3.320312500000000000e-02,-3.278459821428571230e-02,-3.404017857142856845e-02,-3.376116071428571230e-02,-3.348214285714285615e-02,-3.250558035714285615e-02,-3.292410714285714385e-02,-3.348214285714285615e-02
-1.665736607142857262e-01,-1.647600446428571508e-01,-1.651785714285714246e-01,-1.650390625000000000e-01,-1.647600446428571508e-01,-1.639229910714285754e-01,-1.646205357142857262e-01,-1.637834821428571508e-01,-1.642020089285714246e-01,-1.644810267857142738e-01,-1.646205357142857262e-01,-1.626674107142857262e-01,-1.647600446428571508e-01,-1.639229910714285754e-01,-1.644810267857142738e-01,-1.628069196428571508e-01,-1.628069196428571508e-01,-1.678292410714285754e-01,-1.669921875000000000e-01,-1.660156250000000000e-01,-1.668526785714285754e-01,-1.665736607142857262e-01,-1.657366071428571508e-01,-1.651785714285714246e-01,-1.665736607142857262e-01,-1.655970982142857262e-01,-1.664341517857142738e-01,-1.662946428571428492e-01,-1.651785714285714246e-01,-1.657366071428571508e-01,-1.657366071428571508e-01,-1.657366071428571508e-01,-1.651785714285714246e-01,-1.655970982142857262e-01,-1.654575892857142738e-01,-1.644810267857142738e-01,-1.660156250000000000e-01,-1.648995535714285754e-01,-1.646205357142857262e-01,-1.636439732142857262e-01,-1.648995535714285754e-01,-1.633649553571428492e-01
-8.900669642857142461e-02,-8.900669642857142461e-02,-8.998325892857142461e-02,-8.830915178571428770e-02,-8.914620535714286309e-02,-8.830915178571428770e-02,-8.872767857142857539e-02,-8.914620535714286309e-02,-8.761160714285713691e-02,-8.900669642857142461e-02,-8.816964285714286309e-02,-8.830915178571428770e-02,-8.816964285714286309e-02,-8.872767857142857539e-02,-8.844866071428571230e-02,-8.775111607142857539e-02,-8.789062500000000000e-02,-9.082031250000000000e-02,-8.998325892857142461e-02,-8.956473214285713691e-02,-9.040178571428571230e-02,-9.012276785714286309e-02,-9.068080357142857539e-02,-9.012276785714286309e-02,-8.956473214285713691e-02,-8.998325892857142461e-02,-8.998325892857142461e-02,-8.956473214285713691e-02,-8.998325892857142461e-02,-8.928571428571428770e-02,-8.942522321428571230e-02,-8.942522321428571230e-02,-8.914620535714286309e-02,-8.998325892857142461e-02,-8.886718750000000000e-02,-8.844866071428571230e-02,-8.803013392857142461e-02,-8.942522321428571230e-02,-8.872767857142857539e-02,-8.914620535714286309e-02,-8.844866071428571230e-02,-8.900669642857142461e-02
-3.655133928571428770e-02,-3.543526785714285615e-02,-3.627232142857143155e-02,-3.529575892857143155e-02,-3.571428571428571230e-02,-3.487723214285714385e-02,-3.501674107142856845e-02,-3.515625000000000000e-02,-3.390066964285714385e-02,-3.487723214285714385e-02,-3.487723214285714385e-02,-3.487723214285714385e-02,-3.459821428571428770e-02,-3.445870535714285615e-02,-3.431919642857143155e-02,-3.501674107142856845e-02,-3.487723214285714385e-02,-3.627232142857143155e-02,-3.724888392857143155e-02,-3.655133928571428770e-02,-3.613281250000000000e-02,-3.738839285714285615e-02,-3.655133928571428770e-02,-3.710937500000000000e-02,-3.627232142857143155e-02,-3.738839285714285615e-02,-3.613281250000000000e-02,-3.557477678571428770e-02,-3.599330357142856845e-02,-3.529575892857143155e-02,-3.515625000000000000e-02,-3.529575892857143155e-02,-3.543526785714285615e-02,-3.557477678571428770e-02,-3.543526785714285615e-02,-3.487723214285714385e-02,-3.390066964285714385e-02,-3.585379464285714385e-02,-3.501674107142856845e-02,-3.627232142857143155e-02,-3.445870535714285615e-02,-3.571428571428571230e-02
-3.906250000000000000e-02,-3.822544642857143155e-02,-3.906250000000000000e-02,-3.794642857142856845e-02,-3.864397321428571230e-02,-3.822544642857143155e-02,-3.892299107142856845e-02,-3.920200892857143155e-02,-3.836495535714285615e-02,-3.878348214285714385e-02,-3.836495535714285615e-02,-3.808593750000000000e-02,-3.878348214285714385e-02,-3.850446428571428770e-02,-3.962053571428571230e-02,-3.878348214285714385e-02,-3.864397321428571230e-02,-3.948102678571428770e-02,-3.948102678571428770e-02,-3.808593750000000000e-02,-3.934151785714285615e-02,-3.934151785714285615e-02,-3.892299107142856845e-02,-3.822544642857143155e-02,-3.948102678571428770e-02,-3.878348214285714385e-02,-3.892299107142856845e-02,-3.934151785714285615e-02,-3.878348214285714385e-02,-3.878348214285714385e-02,-3.878348214285714385e-02,-3.976004464285714385e-02,-3.836495535714285615e-02,-3.892299107142856845e-02,-3.836495535714285615e-02,-3.878348214285714385e-02,-3.934151785714285615e-02,-3.850446428571428770e-02,-3.836495535714285615e-02,-3.808593750000000000e-02,-3.864397321428571230e-02,-3.920200892857143155e-02
-1.859654017857142738e-01,-1.847098214285714246e-01,-1.837332589285714246e-01,-1.849888392857142738e-01,-1.842912946428571508e-01,-1.837332589285714246e-01,-1.848493303571428492e-01,-1.838727678571428492e-01,-1.847098214285714246e-01,-1.841517857142857262e-01,-1.848493303571428492e-01,-1.831752232142857262e-01,-1.844308035714285754e-01,-1.844308035714285754e-01,-1.849888392857142738e-01,-1.830357142857142738e-01,-1.831752232142857262e-01,-1.884765625000000000e-01,-1.883370535714285754e-01,-1.873604910714285754e-01,-1.886160714285714246e-01,-1.877790178571428492e-01,-1.872209821428571508e-01,-1.863839285714285754e-01,-1.880580357142857262e-01,-1.862444196428571508e-01,-1.876395089285714246e-01,-1.863839285714285754e-01,-1.854073660714285754e-01,-1.859654017857142738e-01,-1.845703125000000000e-01,-1.858258928571428492e-01,-1.847098214285714246e-01,-1.849888392857142738e-01,-1.852678571428571508e-01,-1.844308035714285754e-01,-1.854073660714285754e-01,-1.851283482142857262e-01,-1.845703125000000000e-01,-1.830357142857142738e-01,-1.855468750000000000e-01,-1.845703125000000000e-01
-7.128906250000000000e-02,-7.017299107142857539e-02,-7.087053571428571230e-02,-7.003348214285713691e-02,-7.128906250000000000e-02,-6.989397321428571230e-02,-7.045200892857142461e-02,-7.087053571428571230e-02,-7.003348214285713691e-02,-7.059151785714286309e-02,-6.989397321428571230e-02,-7.003348214285713691e-02,-7.045200892857142461e-02,-7.003348214285713691e-02,-7.045200892857142461e-02,-7.087053571428571230e-02,-6.961495535714286309e-02,-7.240513392857142461e-02,-7.296316964285713691e-02,-7.198660714285713691e-02,-7.184709821428571230e-02,-7.268415178571428770e-02,-7.268415178571428770e-02,-7.170758928571428770e-02,-7.184709821428571230e-02,-7.226562500000000000e-02,-7.156808035714286309e-02,-7.073102678571428770e-02,-7.003348214285713691e-02,-7.059151785714286309e-02,-7.059151785714286309e-02,-7.087053571428571230e-02,-7.045200892857142461e-02,-7.059151785714286309e-02,-7.101004464285713691e-02,-7.087053571428571230e-02,-6.989397321428571230e-02,-7.059151785714286309e-02,-6.989397321428571230e-02,-7.101004464285713691e-02,-7.045200892857142461e-02,-7.003348214285713691e-02
-6.417410714285714038e-03,-6.417410714285714038e-03,-7.393973214285714038e-03,-5.998883928571428943e-03,-6.556919642857142981e-03,-5.580357142857142981e-03,-5.998883928571428943e-03,-6.696428571428571057e-03,-5.022321428571428943e-03,-7.114955357142857019e-03,-5.998883928571428943e-03,-6.417410714285714038e-03,-5.301339285714285962e-03,-5.580357142857142981e-03,-5.161830357142857019e-03,-6.696428571428571057e-03,-5.719866071428571057e-03,-6.835937500000000000e-03,-7.533482142857142981e-03,-6.696428571428571057e-03,-6.417410714285714038e-03,-7.672991071428571057e-03,-8.231026785714285962e-03,-7.812500000000000000e-03,-6.975446428571428943e-03,-7.114955357142857019e-03,-6.556919642857142981e-03,-5.859375000000000000e-03,-6.277901785714285962e-03,-5.859375000000000000e-03,-5.440848214285714038e-03,-5.719866071428571057e-03,-6.138392857142857019e-03,-5.998883928571428943e-03,-5.580357142857142981e-03,-5.859375000000000000e-03,-5.440848214285714038e-03,-6.556919642857142981e-03,-5.301339285714285962e-03,-6.835937500000000000e-03,-5.998883928571428943e-03,-7.254464285714285962e-03
-5.859375000000000000e-03,-5.022321428571428943e-03,-5.440848214285714038e-03,-5.301339285714285962e-03,-5.580357142857142981e-03,-5.161830357142857019e-03,-5.580357142857142981e-03,-5.440848214285714038e-03,-5.719866071428571057e-03,-5.859375000000000000e-03,-5.719866071428571057e-03,-4.882812500000000000e-03,-6.417410714285714038e-03,-5.859375000000000000e-03,-6.975446428571428943e-03,-5.580357142857142981e-03,-5.580357142857142981e-03,-5.859375000000000000e-03,-5.859375000000000000e-03,-4.882812500000000000e-03,-6.417410714285714038e-03,-5.998883928571428943e-03,-5.580357142857142981e-03,-4.743303571428571057e-03,-5.719866071428571057e-03,-5.580357142857142981e-03,-5.998883928571428943e-03,-5.580357142857142981e-03,-5.440848214285714038e-03,-5.440848214285714038e-03,-5.022321428571428943e-03,-5.998883928571428943e-03,-5.580357142857142981e-03,-5.998883928571428943e-03,-5.580357142857142981e-03,-5.022321428571428943e-03,-5.998883928571428943e-03,-5.440848214285714038e-03,-5.161830357142857019e-03,-5.440848214285714038e-03,-5.998883928571428943e-03,-5.859375000000000000e-03
-1.273716517857142738e-01,-1.275111607142857262e-01,-1.273716517857142738e-01,-1.272321428571428492e-01,-1.277901785714285754e-01,-1.269531250000000000e-01,-1.276506696428571508e-01,-1.269531250000000000e-01,-1.279296875000000000e-01,-1.279296875000000000e-01,-1.270926339285714246e-01,-1.269531250000000000e-01,-1.280691964285714246e-01,-1.272321428571428492e-01,-1.283482142857142738e-01,-1.266741071428571508e-01,-1.266741071428571508e-01,-1.294642857142857262e-01,-1.280691964285714246e-01,-1.284877232142857262e-01,-1.293247767857142738e-01,-1.297433035714285754e-01,-1.280691964285714246e-01,-1.273716517857142738e-01,-1.294642857142857262e-01,-1.277901785714285754e-01,-1.282087053571428492e-01,-1.283482142857142738e-01,-1.280691964285714246e-01,-1.275111607142857262e-01,-1.273716517857142738e-01,-1.283482142857142738e-01,-1.266741071428571508e-01,-1.277901785714285754e-01,-1.277901785714285754e-01,-1.270926339285714246e-01,-1.283482142857142738e-01,-1.275111607142857262e-01,-1.276506696428571508e-01,-1.270926339285714246e-01,-1.275111607142857262e-01,-1.272321428571428492e-01
-2.246093750000000000e-02,-2.273995535714285615e-02,-2.273995535714285615e-02,-2.301897321428571577e-02,-2.301897321428571577e-02,-2.301897321428571577e-02,-2.329799107142857192e-02,-2.301897321428571577e-02,-2.218191964285714385e-02,-2.301897321428571577e-02,-2.246093750000000000e-02,-2.204241071428571577e-02,-2.273995535714285615e-02,-2.287946428571428423e-02,-2.246093750000000000e-02,-2.357700892857142808e-02,-2.246093750000000000e-02,-2.357700892857142808e-02,-2.343750000000000000e-02,-2.287946428571428423e-02,-2.260044642857142808e-02,-2.371651785714285615e-02,-2.343750000000000000e-02,-2.273995535714285615e-02,-2.287946428571428423e-02,-2.343750000000000000e-02,-2.301897321428571577e-02,-2.232142857142857192e-02,-2.218191964285714385e-02,-2.260044642857142808e-02,-2.273995535714285615e-02,-2.232142857142857192e-02,-2.218191964285714385e-02,-2.246093750000000000e-02,-2.315848214285714385e-02,-2.246093750000000000e-02,-2.287946428571428423e-02,-2.232142857142857192e-02,-2.190290178571428423e-02,-2.315848214285714385e-02,-2.287946428571428423e-02,-2.260044642857142808e-02
3.515625000000000000e-02,3.473772321428571230e-02,3.348214285714285615e-02,3.501674107142856845e-02,3.404017857142856845e-02,3.445870535714285615e-02,3.473772321428571230e-02,3.362165178571428770e-02,3.571428571428571230e-02,3.390066964285714385e-02,3.529575892857143155e-02,3.473772321428571230e-02,3.473772321428571230e-02,3.459821428571428770e-02,3.473772321428571230e-02,3.306361607142856845e-02,3.417968750000000000e-02,3.515625000000000000e-02,3.390066964285714385e-02,3.501674107142856845e-02,3.571428571428571230e-02,3.362165178571428770e-02,3.362165178571428770e-02,3.417968750000000000e-02,3.515625000000000000e-02,3.362165178571428770e-02,3.543526785714285615e-02,3.543526785714285615e-02,3.529575892857143155e-02,3.459821428571428770e-02,3.473772321428571230e-02,3.557477678571428770e-02,3.473772321428571230e-02,3.501674107142856845e-02,3.431919642857143155e-02,3.529575892857143155e-02,3.515625000000000000e-02,3.487723214285714385e-02,3.543526785714285615e-02,3.404017857142856845e-02,3.515625000000000000e-02,3.306361607142856845e-02
2.622767857142857192e-02,2.636718750000000000e-02,2.650669642857142808e-02,2.608816964285714385e-02,2.580915178571428423e-02,2.650669642857142808e-02,2.580915178571428423e-02,2.580915178571428423e-02,2.664620535714285615e-02,2.636718750000000000e-02,2.566964285714285615e-02,2.650669642857142808e-02,2.566964285714285615e-02,2.608816964285714385e-02,2.497209821428571577e-02,2.566964285714285615e-02,2.553013392857142808e-02,2.692522321428571577e-02,2.692522321428571577e-02,2.748325892857142808e-02,2.720424107142857192e-02,2.636718750000000000e-02,2.706473214285714385e-02,2.790178571428571577e-02,2.664620535714285615e-02,2.678571428571428423e-02,2.664620535714285615e-02,2.608816964285714385e-02,2.706473214285714385e-02,2.678571428571428423e-02,2.692522321428571577e-02,2.608816964285714385e-02,2.664620535714285615e-02,2.580915178571428423e-02,2.608816964285714385e-02,2.664620535714285615e-02,2.539062500000000000e-02,2.650669642857142808e-02,2.664620535714285615e-02,2.594866071428571577e-02,2.553013392857142808e-02,2.622767857142857192e-02
-2.176339285714285615e-02,-2.176339285714285615e-02,-2.176339285714285615e-02,-2.218191964285714385e-02,-2.260044642857142808e-02,-2.204241071428571577e-02,-2.329799107142857192e-02,-2.260044642857142808e-02,-2.260044642857142808e-02,-2.246093750000000000e-02,-2.273995535714285615e-02,-2.232142857142857192e-02,-2.343750000000000000e-02,-2.329799107142857192e-02,-2.441406250000000000e-02,-2.287946428571428423e-02,-2.315848214285714385e-02,-2.246093750000000000e-02,-2.134486607142857192e-02,-2.148437500000000000e-02,-2.190290178571428423e-02,-2.204241071428571577e-02,-2.148437500000000000e-02,-2.120535714285714385e-02,-2.315848214285714385e-02,-2.134486607142857192e-02,-2.204241071428571577e-02,-2.260044642857142808e-02,-2.273995535714285615e-02,-2.246093750000000000e-02,-2.287946428571428423e-02,-2.287946428571428423e-02,-2.190290178571428423e-02,-2.273995535714285615e-02,-2.273995535714285615e-02,-2.246093750000000000e-02,-2.329799107142857192e-02,-2.246093750000000000e-02,-2.246093750000000000e-02,-2.273995535714285615e-02,-2.315848214285714385e-02,-2.273995535714285615e-02
6.752232142857142461e-02,6.682477678571428770e-02,6.654575892857142461e-02,6.626674107142857539e-02,6.640625000000000000e-02,6.710379464285713691e-02,6.626674107142857539e-02,6.626674107142857539e-02,6.696428571428571230e-02,6.626674107142857539e-02,6.570870535714286309e-02,6.640625000000000000e-02,6.570870535714286309e-02,6.598772321428571230e-02,6.570870535714286309e-02,6.487165178571428770e-02,6.570870535714286309e-02,6.821986607142857539e-02,6.738281250000000000e-02,6.821986607142857539e-02,6.794084821428571230e-02,6.724330357142857539e-02,6.752232142857142461e-02,6.696428571428571230e-02,6.738281250000000000e-02,6.696428571428571230e-02,6.738281250000000000e-02,6.752232142857142461e-02,6.738281250000000000e-02,6.738281250000000000e-02,6.710379464285713691e-02,6.724330357142857539e-02,6.724330357142857539e-02,6.682477678571428770e-02,6.654575892857142461e-02,6.738281250000000000e-02,6.710379464285713691e-02,6.626674107142857539e-02,6.668526785714286309e-02,6.626674107142857539e-02,6.626674107142857539e-02,6.542968750000000000e-02
1.103515625000000000e-01,1.102120535714285754e-01,1.090959821428571369e-01,1.095145089285714246e-01,1.092354910714285754e-01,1.095145089285714246e-01,1.097935267857142877e-01,1.083984375000000000e-01,1.103515625000000000e-01,1.090959821428571369e-01,1.097935267857142877e-01,1.089564732142857123e-01,1.097935267857142877e-01,1.090959821428571369e-01,1.092354910714285754e-01,1.074218750000000000e-01,1.082589285714285754e-01,1.123046875000000000e-01,1.097935267857142877e-01,1.117466517857142877e-01,1.116071428571428631e-01,1.102120535714285754e-01,1.099330357142857123e-01,1.096540178571428631e-01,1.104910714285714246e-01,1.093750000000000000e-01,1.106305803571428631e-01,1.103515625000000000e-01,1.106305803571428631e-01,1.102120535714285754e-01,1.097935267857142877e-01,1.102120535714285754e-01,1.096540178571428631e-01,1.100725446428571369e-01,1.104910714285714246e-01,1.100725446428571369e-01,1.107700892857142877e-01,1.093750000000000000e-01,1.099330357142857123e-01,1.086774553571428631e-01,1.095145089285714246e-01,1.079799107142857123e-01
8.565848214285713691e-02,8.537946428571428770e-02,8.454241071428571230e-02,8.440290178571428770e-02,8.398437500000000000e-02,8.468191964285713691e-02,8.412388392857142461e-02,8.412388392857142461e-02,8.440290178571428770e-02,8.454241071428571230e-02,8.356584821428571230e-02,8.398437500000000000e-02,8.314732142857142461e-02,8.356584821428571230e-02,8.286830357142857539e-02,8.356584821428571230e-02,8.342633928571428770e-02,8.663504464285713691e-02,8.607700892857142461e-02,8.621651785714286309e-02,8.565848214285713691e-02,8.551897321428571230e-02,8.579799107142857539e-02,8.593750000000000000e-02,8.510044642857142461e-02,8.565848214285713691e-02,8.537946428571428770e-02,8.496093750000000000e-02,8.496093750000000000e-02,8.579799107142857539e-02,8.565848214285713691e-02,8.496093750000000000e-02,8.510044642857142461e-02,8.510044642857142461e-02,8.398437500000000000e-02,8.426339285714286309e-02,8.454241071428571230e-02,8.482142857142857539e-02,8.454241071428571230e-02,8.468191964285713691e-02,8.384486607142857539e-02,8.370535714285713691e-02
4.017857142857143155e-02,3.976004464285714385e-02,3.989955357142856845e-02,3.962053571428571230e-02,3.864397321428571230e-02,3.989955357142856845e-02,3.934151785714285615e-02,3.906250000000000000e-02,3.920200892857143155e-02,3.906250000000000000e-02,3.892299107142856845e-02,3.892299107142856845e-02,3.794642857142856845e-02,3.808593750000000000e-02,3.752790178571428770e-02,3.934151785714285615e-02,3.864397321428571230e-02,4.087611607142856845e-02,4.129464285714285615e-02,4.073660714285714385e-02,4.073660714285714385e-02,3.962053571428571230e-02,4.115513392857143155e-02,4.115513392857143155e-02,3.948102678571428770e-02,4.073660714285714385e-02,3.989955357142856845e-02,3.989955357142856845e-02,3.948102678571428770e-02,4.003906250000000000e-02,3.962053571428571230e-02,3.989955357142856845e-02,3.976004464285714385e-02,3.920200892857143155e-02,3.976004464285714385e-02,3.878348214285714385e-02,3.864397321428571230e-02,3.934151785714285615e-02,3.906250000000000000e-02,3.934151785714285615e-02,3.864397321428571230e-02,3.864397321428571230e-02
1.185825892857142877e-01,1.184430803571428631e-01,1.178850446428571369e-01,1.177455357142857123e-01,1.180245535714285754e-01,1.178850446428571369e-01,1.176060267857142877e-01,1.173270089285714246e-01,1.178850446428571369e-01,1.173270089285714246e-01,1.174665178571428631e-01,1.171875000000000000e-01,1.170479910714285754e-01,1.166294642857142877e-01,1.169084821428571369e-01,1.162109375000000000e-01,1.167689732142857123e-01,1.205357142857142877e-01,1.192801339285714246e-01,1.196986607142857123e-01,1.203962053571428631e-01,1.192801339285714246e-01,1.190011160714285754e-01,1.191406250000000000e-01,1.188616071428571369e-01,1.188616071428571369e-01,1.188616071428571369e-01,1.190011160714285754e-01,1.188616071428571369e-01,1.187220982142857123e-01,1.190011160714285754e-01,1.188616071428571369e-01,1.185825892857142877e-01,1.188616071428571369e-01,1.181640625000000000e-01,1.184430803571428631e-01,1.184430803571428631e-01,1.178850446428571369e-01,1.181640625000000000e-01,1.176060267857142877e-01,1.174665178571428631e-01,1.166294642857142877e-01
1.556919642857142738e-01,1.552734375000000000e-01,1.544363839285714246e-01,1.556919642857142738e-01,1.551339285714285754e-01,1.547154017857142738e-01,1.547154017857142738e-01,1.540178571428571508e-01,1.551339285714285754e-01,1.535993303571428492e-01,1.547154017857142738e-01,1.540178571428571508e-01,1.545758928571428492e-01,1.541573660714285754e-01,1.541573660714285754e-01,1.534598214285714246e-01,1.534598214285714246e-01,1.576450892857142738e-01,1.556919642857142738e-01,1.572265625000000000e-01,1.569475446428571508e-01,1.559709821428571508e-01,1.551339285714285754e-01,1.547154017857142738e-01,1.563895089285714246e-01,1.542968750000000000e-01,1.558314732142857262e-01,1.554129464285714246e-01,1.559709821428571508e-01,1.561104910714285754e-01,1.556919642857142738e-01,1.556919642857142738e-01,1.552734375000000000e-01,1.552734375000000000e-01,1.549944196428571508e-01,1.561104910714285754e-01,1.556919642857142738e-01,1.552734375000000000e-01,1.549944196428571508e-01,1.548549107142857262e-01,1.548549107142857262e-01,1.540178571428571508e-01
1.208147321428571369e-01,1.205357142857142877e-01,1.202566964285714246e-01,1.201171875000000000e-01,1.199776785714285754e-01,1.205357142857142877e-01,1.196986607142857123e-01,1.195591517857142877e-01,1.198381696428571369e-01,1.195591517857142877e-01,1.194196428571428631e-01,1.194196428571428631e-01,1.185825892857142877e-01,1.187220982142857123e-01,1.190011160714285754e-01,1.191406250000000000e-01,1.188616071428571369e-01,1.229073660714285754e-01,1.227678571428571369e-01,1.222098214285714246e-01,1.220703125000000000e-01,1.213727678571428631e-01,1.219308035714285754e-01,1.222098214285714246e-01,1.208147321428571369e-01,1.212332589285714246e-01,1.215122767857142877e-01,1.209542410714285754e-01,1.209542410714285754e-01,1.215122767857142877e-01,1.212332589285714246e-01,1.203962053571428631e-01,1.213727678571428631e-01,1.205357142857142877e-01,1.202566964285714246e-01,1.202566964285714246e-01,1.195591517857142877e-01,1.205357142857142877e-01,1.196986607142857123e-01,1.201171875000000000e-01,1.195591517857142877e-01,1.192801339285714246e-01
6.417410714285713691e-02,6.445312500000000000e-02,6.487165178571428770e-02,6.403459821428571230e-02,6.347656250000000000e-02,6.459263392857142461e-02,6.459263392857142461e-02,6.389508928571428770e-02,6.375558035714286309e-02,6.459263392857142461e-02,6.389508928571428770e-02,6.319754464285713691e-02,6.236049107142856845e-02,6.291852678571428770e-02,6.222098214285714385e-02,6.347656250000000000e-02,6.263950892857142461e-02,6.501116071428571230e-02,6.640625000000000000e-02,6.556919642857142461e-02,6.570870535714286309e-02,6.542968750000000000e-02,6.542968750000000000e-02,6.612723214285713691e-02,6.403459821428571230e-02,6.584821428571428770e-02,6.515066964285713691e-02,6.473214285714286309e-02,6.459263392857142461e-02,6.529017857142857539e-02,6.417410714285713691e-02,6.445312500000000000e-02,6.459263392857142461e-02,6.389508928571428770e-02,6.375558035714286309e-02,6.319754464285713691e-02,6.347656250000000000e-02,6.389508928571428770e-02,6.417410714285713691e-02,6.431361607142857539e-02,6.347656250000000000e-02,6.361607142857142461e-02
1.382533482142857262e-01,1.371372767857142738e-01,1.375558035714285754e-01,1.376953125000000000e-01,1.378348214285714246e-01,1.371372767857142738e-01,1.368582589285714246e-01,1.365792410714285754e-01,1.371372767857142738e-01,1.367187500000000000e-01,1.365792410714285754e-01,1.364397321428571508e-01,1.374162946428571508e-01,1.368582589285714246e-01,1.358816964285714246e-01,1.364397321428571508e-01,1.361607142857142738e-01,1.396484375000000000e-01,1.389508928571428492e-01,1.397879464285714246e-01,1.397879464285714246e-01,1.390904017857142738e-01,1.385323660714285754e-01,1.383928571428571508e-01,1.381138392857142738e-01,1.383928571428571508e-01,1.381138392857142738e-01,1.378348214285714246e-01,1.376953125000000000e-01,1.383928571428571508e-01,1.385323660714285754e-01,1.374162946428571508e-01,1.382533482142857262e-01,1.381138392857142738e-01,1.375558035714285754e-01,1.375558035714285754e-01,1.378348214285714246e-01,1.372767857142857262e-01,1.368582589285714246e-01,1.363002232142857262e-01,1.365792410714285754e-01,1.365792410714285754e-01
1.699218750000000000e-01,1.689453125000000000e-01,1.685267857142857262e-01,1.695033482142857262e-01,1.703404017857142738e-01,1.682477678571428492e-01,1.688058035714285754e-01,1.685267857142857262e-01,1.697823660714285754e-01,1.683872767857142738e-01,1.685267857142857262e-01,1.683872767857142738e-01,1.689453125000000000e-01,1.685267857142857262e-01,1.679687500000000000e-01,1.672712053571428492e-01,1.672712053571428492e-01,1.711774553571428492e-01,1.697823660714285754e-01,1.718750000000000000e-01,1.708984375000000000e-01,1.703404017857142738e-01,1.700613839285714246e-01,1.695033482142857262e-01,1.710379464285714246e-01,1.689453125000000000e-01,1.706194196428571508e-01,1.700613839285714246e-01,1.707589285714285754e-01,1.697823660714285754e-01,1.702008928571428492e-01,1.695033482142857262e-01,1.699218750000000000e-01,1.697823660714285754e-01,1.685267857142857262e-01,1.699218750000000000e-01,1.699218750000000000e-01,1.686662946428571508e-01,1.690848214285714246e-01,1.686662946428571508e-01,1.689453125000000000e-01,1.681082589285714246e-01
1.315569196428571508e-01,1.311383928571428492e-01,1.309988839285714246e-01,1.311383928571428492e-01,1.308593750000000000e-01,1.308593750000000000e-01,1.307198660714285754e-01,1.304408482142857262e-01,1.304408482142857262e-01,1.303013392857142738e-01,1.305803571428571508e-01,1.294642857142857262e-01,1.298828125000000000e-01,1.296037946428571508e-01,1.293247767857142738e-01,1.298828125000000000e-01,1.298828125000000000e-01,1.329520089285714246e-01,1.326729910714285754e-01,1.326729910714285754e-01,1.332310267857142738e-01,1.321149553571428492e-01,1.321149553571428492e-01,1.328125000000000000e-01,1.316964285714285754e-01,1.326729910714285754e-01,1.322544642857142738e-01,1.314174107142857262e-01,1.318359375000000000e-01,1.318359375000000000e-01,1.314174107142857262e-01,1.307198660714285754e-01,1.315569196428571508e-01,1.303013392857142738e-01,1.304408482142857262e-01,1.309988839285714246e-01,1.309988839285714246e-01,1.298828125000000000e-01,1.308593750000000000e-01,1.303013392857142738e-01,1.303013392857142738e-01,1.300223214285714246e-01
6.445312500000000000e-02,6.459263392857142461e-02,6.417410714285713691e-02,6.389508928571428770e-02,6.389508928571428770e-02,6.473214285714286309e-02,6.417410714285713691e-02,6.403459821428571230e-02,6.277901785714286309e-02,6.445312500000000000e-02,6.361607142857142461e-02,6.333705357142857539e-02,6.277901785714286309e-02,6.277901785714286309e-02,6.263950892857142461e-02,6.375558035714286309e-02,6.277901785714286309e-02,6.515066964285713691e-02,6.584821428571428770e-02,6.501116071428571230e-02,6.542968750000000000e-02,6.529017857142857539e-02,6.556919642857142461e-02,6.570870535714286309e-02,6.417410714285713691e-02,6.501116071428571230e-02,6.445312500000000000e-02,6.403459821428571230e-02,6.459263392857142461e-02,6.431361607142857539e-02,6.473214285714286309e-02,6.403459821428571230e-02,6.431361607142857539e-02,6.333705357142857539e-02,6.375558035714286309e-02,6.305803571428571230e-02,6.319754464285713691e-02,6.389508928571428770e-02,6.403459821428571230e-02,6.417410714285713691e-02,6.277901785714286309e-02,6.389508928571428770e-02
1.361607142857142738e-01,1.346261160714285754e-01,1.343470982142857262e-01,1.354631696428571508e-01,1.353236607142857262e-01,1.353236607142857262e-01,1.343470982142857262e-01,1.342075892857142738e-01,1.347656250000000000e-01,1.339285714285714246e-01,1.342075892857142738e-01,1.336495535714285754e-01,1.347656250000000000e-01,1.335100446428571508e-01,1.340680803571428492e-01,1.339285714285714246e-01,1.333705357142857262e-01,1.364397321428571508e-01,1.364397321428571508e-01,1.376953125000000000e-01,1.364397321428571508e-01,1.363002232142857262e-01,1.350446428571428492e-01,1.356026785714285754e-01,1.364397321428571508e-01,1.365792410714285754e-01,1.360212053571428492e-01,1.350446428571428492e-01,1.354631696428571508e-01,1.353236607142857262e-01,1.354631696428571508e-01,1.350446428571428492e-01,1.354631696428571508e-01,1.351841517857142738e-01,1.347656250000000000e-01,1.347656250000000000e-01,1.347656250000000000e-01,1.347656250000000000e-01,1.351841517857142738e-01,1.343470982142857262e-01,1.347656250000000000e-01,1.343470982142857262e-01
1.661551339285714246e-01,1.650390625000000000e-01,1.650390625000000000e-01,1.654575892857142738e-01,1.654575892857142738e-01,1.653180803571428492e-01,1.653180803571428492e-01,1.653180803571428492e-01,1.653180803571428492e-01,1.647600446428571508e-01,1.654575892857142738e-01,1.651785714285714246e-01,1.653180803571428492e-01,1.647600446428571508e-01,1.648995535714285754e-01,1.639229910714285754e-01,1.642020089285714246e-01,1.679687500000000000e-01,1.661551339285714246e-01,1.672712053571428492e-01,1.665736607142857262e-01,1.667131696428571508e-01,1.664341517857142738e-01,1.661551339285714246e-01,1.669921875000000000e-01,1.648995535714285754e-01,1.669921875000000000e-01,1.657366071428571508e-01,1.660156250000000000e-01,1.655970982142857262e-01,1.664341517857142738e-01,1.662946428571428492e-01,1.657366071428571508e-01,1.662946428571428492e-01,1.650390625000000000e-01,1.665736607142857262e-01,1.658761160714285754e-01,1.658761160714285754e-01,1.650390625000000000e-01,1.650390625000000000e-01,1.658761160714285754e-01,1.643415178571428492e-01
1.277901785714285754e-01,1.272321428571428492e-01,1.263950892857142738e-01,1.273716517857142738e-01,1.265345982142857262e-01,1.269531250000000000e-01,1.268136160714285754e-01,1.265345982142857262e-01,1.262555803571428492e-01,1.265345982142857262e-01,1.263950892857142738e-01,1.256975446428571508e-01,1.258370535714285754e-01,1.256975446428571508e-01,1.254185267857142738e-01,1.261160714285714246e-01,1.252790178571428492e-01,1.283482142857142738e-01,1.282087053571428492e-01,1.287667410714285754e-01,1.284877232142857262e-01,1.276506696428571508e-01,1.280691964285714246e-01,1.277901785714285754e-01,1.270926339285714246e-01,1.283482142857142738e-01,1.279296875000000000e-01,1.268136160714285754e-01,1.275111607142857262e-01,1.276506696428571508e-01,1.275111607142857262e-01,1.262555803571428492e-01,1.277901785714285754e-01,1.269531250000000000e-01,1.265345982142857262e-01,1.262555803571428492e-01,1.265345982142857262e-01,1.266741071428571508e-01,1.268136160714285754e-01,1.263950892857142738e-01,1.259765625000000000e-01,1.259765625000000000e-01
2.204241071428571577e-02,2.357700892857142808e-02,2.343750000000000000e-02,2.204241071428571577e-02,2.218191964285714385e-02,2.315848214285714385e-02,2.246093750000000000e-02,2.273995535714285615e-02,2.204241071428571577e-02,2.246093750000000000e-02,2.190290178571428423e-02,2.176339285714285615e-02,2.176339285714285615e-02,2.204241071428571577e-02,2.148437500000000000e-02,2.301897321428571577e-02,2.218191964285714385e-02,2.246093750000000000e-02,2.315848214285714385e-02,2.357700892857142808e-02,2.329799107142857192e-02,2.315848214285714385e-02,2.413504464285714385e-02,2.371651785714285615e-02,2.190290178571428423e-02,2.371651785714285615e-02,2.287946428571428423e-02,2.232142857142857192e-02,2.273995535714285615e-02,2.315848214285714385e-02,2.287946428571428423e-02,2.162388392857142808e-02,2.246093750000000000e-02,2.190290178571428423e-02,2.218191964285714385e-02,2.218191964285714385e-02,2.148437500000000000e-02,2.232142857142857192e-02,2.273995535714285615e-02,2.301897321428571577e-02,2.190290178571428423e-02,2.190290178571428423e-02
9.542410714285713691e-02,9.570312500000000000e-02,9.500558035714286309e-02,9.570312500000000000e-02,9.570312500000000000e-02,9.570312500000000000e-02,9.500558035714286309e-02,9.514508928571428770e-02,9.542410714285713691e-02,9.556361607142857539e-02,9.514508928571428770e-02,9.444754464285713691e-02,9.528459821428571230e-02,9.458705357142857539e-02,9.472656250000000000e-02,9.430803571428571230e-02,9.416852678571428770e-02,9.695870535714286309e-02,9.598214285714286309e-02,9.681919642857142461e-02,9.654017857142857539e-02,9.640066964285713691e-02,9.654017857142857539e-02,9.542410714285713691e-02,9.640066964285713691e-02,9.598214285714286309e-02,9.612165178571428770e-02,9.528459821428571230e-02,9.612165178571428770e-02,9.556361607142857539e-02,9.570312500000000000e-02,9.514508928571428770e-02,9.528459821428571230e-02,9.584263392857142461e-02,9.528459821428571230e-02,9.514508928571428770e-02,9.584263392857142461e-02,9.528459821428571230e-02,9.556361607142857539e-02,9.486607142857142461e-02,9.472656250000000000e-02,9.444754464285713691e-02
1.284877232142857262e-01,1.282087053571428492e-01,1.273716517857142738e-01,1.283482142857142738e-01,1.286272321428571508e-01,1.277901785714285754e-01,1.275111607142857262e-01,1.283482142857142738e-01,1.279296875000000000e-01,1.277901785714285754e-01,1.277901785714285754e-01,1.277901785714285754e-01,1.279296875000000000e-01,1.276506696428571508e-01,1.277901785714285754e-01,1.273716517857142738e-01,1.270926339285714246e-01,1.307198660714285754e-01,1.282087053571428492e-01,1.304408482142857262e-01,1.287667410714285754e-01,1.290457589285714246e-01,1.290457589285714246e-01,1.289062500000000000e-01,1.297433035714285754e-01,1.279296875000000000e-01,1.294642857142857262e-01,1.284877232142857262e-01,1.289062500000000000e-01,1.286272321428571508e-01,1.293247767857142738e-01,1.284877232142857262e-01,1.286272321428571508e-01,1.297433035714285754e-01,1.279296875000000000e-01,1.291852678571428492e-01,1.297433035714285754e-01,1.282087053571428492e-01,1.275111607142857262e-01,1.284877232142857262e-01,1.282087053571428492e-01,1.272321428571428492e-01
9.584263392857142461e-02,9.626116071428571230e-02,9.612165178571428770e-02,9.542410714285713691e-02,9.528459821428571230e-02,9.598214285714286309e-02,9.570312500000000000e-02,9.556361607142857539e-02,9.528459821428571230e-02,9.542410714285713691e-02,9.556361607142857539e-02,9.486607142857142461e-02,9.486607142857142461e-02,9.458705357142857539e-02,9.458705357142857539e-02,9.514508928571428770e-02,9.514508928571428770e-02,9.695870535714286309e-02,9.737723214285713691e-02,9.835379464285713691e-02,9.723772321428571230e-02,9.695870535714286309e-02,9.695870535714286309e-02,9.737723214285713691e-02,9.570312500000000000e-02,9.667968750000000000e-02,9.709821428571428770e-02,9.626116071428571230e-02,9.640066964285713691e-02,9.626116071428571230e-02,9.626116071428571230e-02,9.556361607142857539e-02,9.584263392857142461e-02,9.542410714285713691e-02,9.542410714285713691e-02,9.542410714285713691e-02,9.570312500000000000e-02,9.584263392857142461e-02,9.584263392857142461e-02,9.570312500000000000e-02,9.542410714285713691e-02,9.486607142857142461e-02
-2.260044642857142808e-02,-2.204241071428571577e-02,-2.273995535714285615e-02,-2.329799107142857192e-02,-2.371651785714285615e-02,-2.232142857142857192e-02,-2.301897321428571577e-02,-2.246093750000000000e-02,-2.357700892857142808e-02,-2.287946428571428423e-02,-2.301897321428571577e-02,-2.371651785714285615e-02,-2.441406250000000000e-02,-2.357700892857142808e-02,-2.427455357142857192e-02,-2.287946428571428423e-02,-2.273995535714285615e-02,-2.343750000000000000e-02,-2.204241071428571577e-02,-2.260044642857142808e-02,-2.371651785714285615e-02,-2.260044642857142808e-02,-2.232142857142857192e-02,-2.176339285714285615e-02,-2.427455357142857192e-02,-2.204241071428571577e-02,-2.260044642857142808e-02,-2.301897321428571577e-02,-2.273995535714285615e-02,-2.273995535714285615e-02,-2.246093750000000000e-02,-2.399553571428571577e-02,-2.329799107142857192e-02,-2.315848214285714385e-02,-2.343750000000000000e-02,-2.343750000000000000e-02,-2.343750000000000000e-02,-2.329799107142857192e-02,-2.273995535714285615e-02,-2.287946428571428423e-02,-2.343750000000000000e-02,-2.427455357142857192e-02
5.594308035714285615e-02,5.594308035714285615e-02,5.636160714285714385e-02,5.622209821428571230e-02,5.636160714285714385e-02,5.594308035714285615e-02,5.580357142857143155e-02,5.622209821428571230e-02,5.608258928571428770e-02,5.594308035714285615e-02,5.622209821428571230e-02,5.608258928571428770e-02,5.566406250000000000e-02,5.496651785714285615e-02,5.482700892857143155e-02,5.538504464285714385e-02,5.468750000000000000e-02,5.733816964285714385e-02,5.608258928571428770e-02,5.747767857142856845e-02,5.608258928571428770e-02,5.678013392857143155e-02,5.622209821428571230e-02,5.664062500000000000e-02,5.678013392857143155e-02,5.538504464285714385e-02,5.636160714285714385e-02,5.594308035714285615e-02,5.691964285714285615e-02,5.664062500000000000e-02,5.608258928571428770e-02,5.636160714285714385e-02,5.594308035714285615e-02,5.678013392857143155e-02,5.608258928571428770e-02,5.650111607142856845e-02,5.608258928571428770e-02,5.650111607142856845e-02,5.622209821428571230e-02,5.594308035714285615e-02,5.580357142857143155e-02,5.566406250000000000e-02
9.584263392857142461e-02,9.500558035714286309e-02,9.444754464285713691e-02,9.626116071428571230e-02,9.584263392857142461e-02,9.500558035714286309e-02,9.458705357142857539e-02,9.542410714285713691e-02,9.570312500000000000e-02,9.528459821428571230e-02,9.528459821428571230e-02,9.472656250000000000e-02,9.430803571428571230e-02,9.514508928571428770e-02,9.458705357142857539e-02,9.444754464285713691e-02,9.402901785714286309e-02,9.737723214285713691e-02,9.528459821428571230e-02,9.667968750000000000e-02,9.570312500000000000e-02,9.612165178571428770e-02,9.514508928571428770e-02,9.514508928571428770e-02,9.654017857142857539e-02,9.458705357142857539e-02,9.612165178571428770e-02,9.514508928571428770e-02,9.542410714285713691e-02,9.584263392857142461e-02,9.584263392857142461e-02,9.598214285714286309e-02,9.626116071428571230e-02,9.640066964285713691e-02,9.514508928571428770e-02,9.598214285714286309e-02,9.667968750000000000e-02,9.514508928571428770e-02,9.472656250000000000e-02,9.514508928571428770e-02,9.486607142857142461e-02,9.375000000000000000e-02
6.891741071428571230e-02,6.947544642857142461e-02,6.947544642857142461e-02,6.877790178571428770e-02,6.891741071428571230e-02,6.933593750000000000e-02,6.863839285714286309e-02,6.877790178571428770e-02,6.891741071428571230e-02,6.877790178571428770e-02,6.877790178571428770e-02,6.808035714285713691e-02,6.808035714285713691e-02,6.863839285714286309e-02,6.752232142857142461e-02,6.849888392857142461e-02,6.849888392857142461e-02,6.989397321428571230e-02,7.031250000000000000e-02,7.045200892857142461e-02,6.989397321428571230e-02,6.961495535714286309e-02,6.989397321428571230e-02,7.031250000000000000e-02,6.933593750000000000e-02,7.017299107142857539e-02,6.947544642857142461e-02,6.905691964285713691e-02,6.989397321428571230e-02,6.947544642857142461e-02,6.947544642857142461e-02,6.835937500000000000e-02,6.933593750000000000e-02,6.891741071428571230e-02,6.863839285714286309e-02,6.891741071428571230e-02,6.891741071428571230e-02,6.891741071428571230e-02,6.891741071428571230e-02,6.891741071428571230e-02,6.863839285714286309e-02,6.821986607142857539e-02
-4.394531250000000000e-02,-4.352678571428571230e-02,-4.464285714285714385e-02,-4.520089285714285615e-02,-4.506138392857143155e-02,-4.408482142857143155e-02,-4.464285714285714385e-02,-4.547991071428571230e-02,-4.492187500000000000e-02,-4.506138392857143155e-02,-4.450334821428571230e-02,-4.464285714285714385e-02,-4.492187500000000000e-02,-4.561941964285714385e-02,-4.520089285714285615e-02,-4.422433035714285615e-02,-4.450334821428571230e-02,-4.547991071428571230e-02,-4.464285714285714385e-02,-4.436383928571428770e-02,-4.492187500000000000e-02,-4.464285714285714385e-02,-4.478236607142856845e-02,-4.352678571428571230e-02,-4.534040178571428770e-02,-4.422433035714285615e-02,-4.436383928571428770e-02,-4.520089285714285615e-02,-4.492187500000000000e-02,-4.492187500000000000e-02,-4.422433035714285615e-02,-4.506138392857143155e-02,-4.478236607142856845e-02,-4.575892857142856845e-02,-4.478236607142856845e-02,-4.506138392857143155e-02,-4.506138392857143155e-02,-4.464285714285714385e-02,-4.394531250000000000e-02,-4.478236607142856845e-02,-4.464285714285714385e-02,-4.478236607142856845e-02
3.906250000000000000e-02,3.934151785714285615e-02,3.976004464285714385e-02,3.920200892857143155e-02,3.906250000000000000e-02,3.948102678571428770e-02,3.892299107142856845e-02,3.934151785714285615e-02,3.878348214285714385e-02,3.934151785714285615e-02,3.850446428571428770e-02,3.878348214285714385e-02,3.822544642857143155e-02,3.822544642857143155e-02,3.920200892857143155e-02,3.906250000000000000e-02,3.808593750000000000e-02,4.017857142857143155e-02,3.920200892857143155e-02,4.059709821428571230e-02,3.989955357142856845e-02,3.962053571428571230e-02,4.017857142857143155e-02,4.003906250000000000e-02,3.976004464285714385e-02,3.892299107142856845e-02,3.989955357142856845e-02,3.920200892857143155e-02,3.976004464285714385e-02,3.934151785714285615e-02,3.934151785714285615e-02,3.948102678571428770e-02,3.906250000000000000e-02,3.989955357142856845e-02,3.878348214285714385e-02,3.989955357142856845e-02,3.948102678571428770e-02,3.934151785714285615e-02,3.934151785714285615e-02,3.920200892857143155e-02,3.892299107142856845e-02,3.878348214285714385e-02
8.021763392857142461e-02,7.896205357142857539e-02,7.840401785714286309e-02,7.993861607142857539e-02,7.924107142857142461e-02,7.924107142857142461e-02,7.868303571428571230e-02,7.910156250000000000e-02,7.965959821428571230e-02,7.952008928571428770e-02,7.924107142857142461e-02,7.924107142857142461e-02,7.896205357142857539e-02,7.910156250000000000e-02,7.910156250000000000e-02,7.868303571428571230e-02,7.826450892857142461e-02,8.133370535714286309e-02,7.952008928571428770e-02,8.091517857142857539e-02,8.063616071428571230e-02,7.952008928571428770e-02,7.868303571428571230e-02,7.924107142857142461e-02,8.063616071428571230e-02,7.896205357142857539e-02,8.049665178571428770e-02,7.965959821428571230e-02,7.965959821428571230e-02,7.882254464285713691e-02,7.965959821428571230e-02,7.993861607142857539e-02,7.993861607142857539e-02,8.007812500000000000e-02,7.952008928571428770e-02,8.049665178571428770e-02,8.063616071428571230e-02,7.910156250000000000e-02,7.910156250000000000e-02,7.924107142857142461e-02,7.938058035714286309e-02,7.840401785714286309e-02
5.636160714285714385e-02,5.664062500000000000e-02,5.664062500000000000e-02,5.636160714285714385e-02,5.650111607142856845e-02,5.664062500000000000e-02,5.594308035714285615e-02,5.636160714285714385e-02,5.580357142857143155e-02,5.608258928571428770e-02,5.538504464285714385e-02,5.566406250000000000e-02,5.524553571428571230e-02,5.608258928571428770e-02,5.552455357142856845e-02,5.594308035714285615e-02,5.580357142857143155e-02,5.761718750000000000e-02,5.733816964285714385e-02,5.803571428571428770e-02,5.733816964285714385e-02,5.678013392857143155e-02,5.761718750000000000e-02,5.817522321428571230e-02,5.678013392857143155e-02,5.705915178571428770e-02,5.747767857142856845e-02,5.664062500000000000e-02,5.678013392857143155e-02,5.691964285714285615e-02,5.719866071428571230e-02,5.594308035714285615e-02,5.636160714285714385e-02,5.538504464285714385e-02,5.678013392857143155e-02,5.636160714285714385e-02,5.622209821428571230e-02,5.650111607142856845e-02,5.678013392857143155e-02,5.650111607142856845e-02,5.650111607142856845e-02,5.552455357142856845e-02
-5.161830357142856845e-02,-5.161830357142856845e-02,-5.203683035714285615e-02,-5.217633928571428770e-02,-5.217633928571428770e-02,-5.147879464285714385e-02,-5.175781250000000000e-02,-5.273437500000000000e-02,-5.133928571428571230e-02,-5.161830357142856845e-02,-5.119977678571428770e-02,-5.147879464285714385e-02,-5.189732142857143155e-02,-5.189732142857143155e-02,-5.175781250000000000e-02,-5.106026785714285615e-02,-5.092075892857143155e-02,-5.273437500000000000e-02,-5.329241071428571230e-02,-5.217633928571428770e-02,-5.217633928571428770e-02,-5.343191964285714385e-02,-5.245535714285714385e-02,-5.203683035714285615e-02,-5.273437500000000000e-02,-5.161830357142856845e-02,-5.175781250000000000e-02,-5.315290178571428770e-02,-5.273437500000000000e-02,-5.287388392857143155e-02,-5.217633928571428770e-02,-5.259486607142856845e-02,-5.189732142857143155e-02,-5.231584821428571230e-02,-5.217633928571428770e-02,-5.245535714285714385e-02,-5.189732142857143155e-02,-5.175781250000000000e-02,-5.133928571428571230e-02,-5.203683035714285615e-02,-5.133928571428571230e-02,-5.217633928571428770e-02
-2.818080357142857192e-02,-2.804129464285714385e-02,-2.859933035714285615e-02,-2.873883928571428423e-02,-2.845982142857142808e-02,-2.818080357142857192e-02,-2.859933035714285615e-02,-2.818080357142857192e-02,-2.790178571428571577e-02,-2.818080357142857192e-02,-2.845982142857142808e-02,-2.832031250000000000e-02,-2.818080357142857192e-02,-2.887834821428571577e-02,-2.818080357142857192e-02,-2.790178571428571577e-02,-2.832031250000000000e-02,-2.873883928571428423e-02,-2.957589285714285615e-02,-2.887834821428571577e-02,-2.887834821428571577e-02,-2.943638392857142808e-02,-2.929687500000000000e-02,-2.887834821428571577e-02,-2.790178571428571577e-02,-2.957589285714285615e-02,-2.859933035714285615e-02,-2.873883928571428423e-02,-2.901785714285714385e-02,-2.943638392857142808e-02,-2.901785714285714385e-02,-2.929687500000000000e-02,-2.804129464285714385e-02,-2.845982142857142808e-02,-2.832031250000000000e-02,-2.790178571428571577e-02,-2.818080357142857192e-02,-2.873883928571428423e-02,-2.845982142857142808e-02,-2.818080357142857192e-02,-2.832031250000000000e-02,-2.887834821428571577e-02
1.032366071428571404e-02,1.130022321428571404e-02,1.116071428571428596e-02,1.185825892857142808e-02,1.171875000000000000e-02,1.143973214285714211e-02,1.157924107142857192e-02,1.074218750000000000e-02,1.213727678571428596e-02,1.227678571428571404e-02,1.143973214285714211e-02,1.199776785714285789e-02,1.199776785714285789e-02,1.213727678571428596e-02,1.199776785714285789e-02,1.143973214285714211e-02,1.199776785714285789e-02,1.130022321428571404e-02,1.060267857142857192e-02,1.185825892857142808e-02,1.199776785714285789e-02,1.102120535714285789e-02,1.046316964285714211e-02,1.088169642857142808e-02,1.227678571428571404e-02,9.905133928571428076e-03,1.157924107142857192e-02,1.116071428571428596e-02,1.130022321428571404e-02,1.046316964285714211e-02,1.074218750000000000e-02,1.130022321428571404e-02,1.199776785714285789e-02,1.171875000000000000e-02,1.116071428571428596e-02,1.185825892857142808e-02,1.213727678571428596e-02,1.102120535714285789e-02,1.171875000000000000e-02,1.088169642857142808e-02,1.171875000000000000e-02,1.102120535714285789e-02
-6.417410714285714038e-03,-6.277901785714285962e-03,-6.835937500000000000e-03,-6.696428571428571057e-03,-6.556919642857142981e-03,-6.138392857142857019e-03,-6.835937500000000000e-03,-7.254464285714285962e-03,-6.417410714285714038e-03,-6.975446428571428943e-03,-6.696428571428571057e-03,-6.556919642857142981e-03,-7.114955357142857019e-03,-7.254464285714285962e-03,-7.254464285714285962e-03,-6.417410714285714038e-03,-6.138392857142857019e-03,-6.975446428571428943e-03,-6.696428571428571057e-03,-6.556919642857142981e-03,-6.277901785714285962e-03,-6.975446428571428943e-03,-6.417410714285714038e-03,-6.138392857142857019e-03,-6.696428571428571057e-03,-6.138392857142857019e-03,-6.556919642857142981e-03,-6.696428571428571057e-03,-6.835937500000000000e-03,-6.975446428571428943e-03,-6.277901785714285962e-03,-6.975446428571428943e-03,-6.696428571428571057e-03,-7.393973214285714038e-03,-6.696428571428571057e-03,-6.277901785714285962e-03,-7.114955357142857019e-03,-6.975446428571428943e-03,-6.975446428571428943e-03,-6.556919642857142981e-03,-6.696428571428571057e-03,-6.696428571428571057e-03
-1.604352678571428492e-01,-1.597377232142857262e-01,-1.602957589285714246e-01,-1.600167410714285754e-01,-1.597377232142857262e-01,-1.598772321428571508e-01,-1.589006696428571508e-01,-1.607142857142857262e-01,-1.587611607142857262e-01,-1.594587053571428492e-01,-1.587611607142857262e-01,-1.579241071428571508e-01,-1.598772321428571508e-01,-1.589006696428571508e-01,-1.582031250000000000e-01,-1.576450892857142738e-01,-1.577845982142857262e-01,-1.630859375000000000e-01,-1.618303571428571508e-01,-1.621093750000000000e-01,-1.616908482142857262e-01,-1.616908482142857262e-01,-1.609933035714285754e-01,-1.608537946428571508e-01,-1.607142857142857262e-01,-1.612723214285714246e-01,-1.615513392857142738e-01,-1.611328125000000000e-01,-1.602957589285714246e-01,-1.605747767857142738e-01,-1.608537946428571508e-01,-1.608537946428571508e-01,-1.600167410714285754e-01,-1.608537946428571508e-01,-1.598772321428571508e-01,-1.601562500000000000e-01,-1.605747767857142738e-01,-1.598772321428571508e-01,-1.591796875000000000e-01,-1.590401785714285754e-01,-1.586216517857142738e-01,-1.583426339285714246e-01
-9.514508928571428770e-02,-9.486607142857142461e-02,-9.528459821428571230e-02,-9.458705357142857539e-02,-9.486607142857142461e-02,-9.486607142857142461e-02,-9.528459821428571230e-02,-9.500558035714286309e-02,-9.361049107142857539e-02,-9.472656250000000000e-02,-9.388950892857142461e-02,-9.416852678571428770e-02,-9.430803571428571230e-02,-9.416852678571428770e-02,-9.486607142857142461e-02,-9.361049107142857539e-02,-9.347098214285713691e-02,-9.695870535714286309e-02,-9.640066964285713691e-02,-9.640066964285713691e-02,-9.584263392857142461e-02,-9.626116071428571230e-02,-9.654017857142857539e-02,-9.598214285714286309e-02,-9.556361607142857539e-02,-9.584263392857142461e-02,-9.584263392857142461e-02,-9.542410714285713691e-02,-9.598214285714286309e-02,-9.528459821428571230e-02,-9.500558035714286309e-02,-9.542410714285713691e-02,-9.528459821428571230e-02,-9.514508928571428770e-02,-9.514508928571428770e-02,-9.458705357142857539e-02,-9.514508928571428770e-02,-9.528459821428571230e-02,-9.514508928571428770e-02,-9.500558035714286309e-02,-9.444754464285713691e-02,-9.472656250000000000e-02
-4.589843750000000000e-02,-4.408482142857143155e-02,-4.380580357142856845e-02,-4.450334821428571230e-02,-4.380580357142856845e-02,-4.366629464285714385e-02,-4.492187500000000000e-02,-4.310825892857143155e-02,-4.241071428571428770e-02,-4.394531250000000000e-02,-4.366629464285714385e-02,-4.241071428571428770e-02,-4.310825892857143155e-02,-4.366629464285714385e-02,-4.268973214285714385e-02,-4.366629464285714385e-02,-4.310825892857143155e-02,-4.547991071428571230e-02,-4.561941964285714385e-02,-4.520089285714285615e-02,-4.520089285714285615e-02,-4.534040178571428770e-02,-4.492187500000000000e-02,-4.520089285714285615e-02,-4.408482142857143155e-02,-4.617745535714285615e-02,-4.436383928571428770e-02,-4.464285714285714385e-02,-4.394531250000000000e-02,-4.478236607142856845e-02,-4.478236607142856845e-02,-4.394531250000000000e-02,-4.422433035714285615e-02,-4.338727678571428770e-02,-4.394531250000000000e-02,-4.366629464285714385e-02,-4.338727678571428770e-02,-4.422433035714285615e-02,-4.520089285714285615e-02,-4.450334821428571230e-02,-4.338727678571428770e-02,-4.408482142857143155e-02
-4.743303571428571230e-02,-4.715401785714285615e-02,-4.827008928571428770e-02,-4.771205357142856845e-02,-4.743303571428571230e-02,-4.785156250000000000e-02,-4.785156250000000000e-02,-4.882812500000000000e-02,-4.785156250000000000e-02,-4.868861607142856845e-02,-4.743303571428571230e-02,-4.785156250000000000e-02,-4.799107142857143155e-02,-4.827008928571428770e-02,-4.785156250000000000e-02,-4.743303571428571230e-02,-4.757254464285714385e-02,-4.854910714285714385e-02,-4.868861607142856845e-02,-4.840959821428571230e-02,-4.785156250000000000e-02,-4.868861607142856845e-02,-4.854910714285714385e-02,-4.757254464285714385e-02,-4.854910714285714385e-02,-4.729352678571428770e-02,-4.813058035714285615e-02,-4.799107142857143155e-02,-4.813058035714285615e-02,-4.813058035714285615e-02,-4.813058035714285615e-02,-4.882812500000000000e-02,-4.882812500000000000e-02,-4.868861607142856845e-02,-4.729352678571428770e-02,-4.799107142857143155e-02,-4.840959821428571230e-02,-4.827008928571428770e-02,-4.771205357142856845e-02,-4.827008928571428770e-02,-4.785156250000000000e-02,-4.743303571428571230e-02
-1.881975446428571508e-01,-1.862444196428571508e-01,-1.865234375000000000e-01,-1.862444196428571508e-01,-1.862444196428571508e-01,-1.862444196428571508e-01,-1.855468750000000000e-01,-1.862444196428571508e-01,-1.856863839285714246e-01,-1.861049107142857262e-01,-1.855468750000000000e-01,-1.849888392857142738e-01,-1.856863839285714246e-01,-1.851283482142857262e-01,-1.858258928571428492e-01,-1.841517857142857262e-01,-1.842912946428571508e-01,-1.894531250000000000e-01,-1.887555803571428492e-01,-1.888950892857142738e-01,-1.887555803571428492e-01,-1.890345982142857262e-01,-1.879185267857142738e-01,-1.879185267857142738e-01,-1.884765625000000000e-01,-1.880580357142857262e-01,-1.886160714285714246e-01,-1.879185267857142738e-01,-1.873604910714285754e-01,-1.872209821428571508e-01,-1.879185267857142738e-01,-1.876395089285714246e-01,-1.869419642857142738e-01,-1.876395089285714246e-01,-1.868024553571428492e-01,-1.869419642857142738e-01,-1.875000000000000000e-01,-1.862444196428571508e-01,-1.858258928571428492e-01,-1.858258928571428492e-01,-1.858258928571428492e-01,-1.849888392857142738e-01
-1.167689732142857123e-01,-1.155133928571428631e-01,-1.156529017857142877e-01,-1.156529017857142877e-01,-1.153738839285714246e-01,-1.149553571428571369e-01,-1.157924107142857123e-01,-1.155133928571428631e-01,-1.149553571428571369e-01,-1.156529017857142877e-01,-1.145368303571428631e-01,-1.146763392857142877e-01,-1.149553571428571369e-01,-1.149553571428571369e-01,-1.150948660714285754e-01,-1.139787946428571369e-01,-1.141183035714285754e-01,-1.176060267857142877e-01,-1.173270089285714246e-01,-1.170479910714285754e-01,-1.170479910714285754e-01,-1.174665178571428631e-01,-1.178850446428571369e-01,-1.170479910714285754e-01,-1.167689732142857123e-01,-1.171875000000000000e-01,-1.170479910714285754e-01,-1.167689732142857123e-01,-1.166294642857142877e-01,-1.162109375000000000e-01,-1.164899553571428631e-01,-1.162109375000000000e-01,-1.157924107142857123e-01,-1.159319196428571369e-01,-1.155133928571428631e-01,-1.150948660714285754e-01,-1.155133928571428631e-01,-1.159319196428571369e-01,-1.153738839285714246e-01,-1.162109375000000000e-01,-1.152343750000000000e-01,-1.149553571428571369e-01
-6.012834821428571230e-02,-5.957031250000000000e-02,-5.957031250000000000e-02,-5.901227678571428770e-02,-5.915178571428571230e-02,-5.789620535714285615e-02,-5.859375000000000000e-02,-5.761718750000000000e-02,-5.747767857142856845e-02,-5.817522321428571230e-02,-5.901227678571428770e-02,-5.789620535714285615e-02,-5.775669642857143155e-02,-5.733816964285714385e-02,-5.789620535714285615e-02,-5.845424107142856845e-02,-5.845424107142856845e-02,-6.068638392857143155e-02,-6.096540178571428770e-02,-6.054687500000000000e-02,-6.012834821428571230e-02,-6.096540178571428770e-02,-5.998883928571428770e-02,-5.984933035714285615e-02,-6.012834821428571230e-02,-6.138392857142856845e-02,-5.984933035714285615e-02,-5.970982142857143155e-02,-5.984933035714285615e-02,-5.970982142857143155e-02,-5.957031250000000000e-02,-5.859375000000000000e-02,-5.915178571428571230e-02,-5.901227678571428770e-02,-5.873325892857143155e-02,-5.803571428571428770e-02,-5.901227678571428770e-02,-5.929129464285714385e-02,-5.915178571428571230e-02,-5.915178571428571230e-02,-5.845424107142856845e-02,-5.887276785714285615e-02
-5.831473214285714385e-02,-5.761718750000000000e-02,-5.901227678571428770e-02,-5.761718750000000000e-02,-5.817522321428571230e-02,-5.775669642857143155e-02,-5.817522321428571230e-02,-5.915178571428571230e-02,-5.789620535714285615e-02,-5.845424107142856845e-02,-5.775669642857143155e-02,-5.775669642857143155e-02,-5.831473214285714385e-02,-5.831473214285714385e-02,-5.859375000000000000e-02,-5.761718750000000000e-02,-5.733816964285714385e-02,-5.901227678571428770e-02,-5.845424107142856845e-02,-5.747767857142856845e-02,-5.859375000000000000e-02,-5.887276785714285615e-02,-5.929129464285714385e-02,-5.845424107142856845e-02,-5.887276785714285615e-02,-5.733816964285714385e-02,-5.831473214285714385e-02,-5.887276785714285615e-02,-5.845424107142856845e-02,-5.845424107142856845e-02,-5.859375000000000000e-02,-5.915178571428571230e-02,-5.817522321428571230e-02,-5.887276785714285615e-02,-5.817522321428571230e-02,-5.887276785714285615e-02,-5.831473214285714385e-02,-5.859375000000000000e-02,-5.789620535714285615e-02,-5.761718750000000000e-02,-5.803571428571428770e-02,-5.761718750000000000e-02
-2.028459821428571508e-01,-2.013113839285714246e-01,-2.021484375000000000e-01,-2.020089285714285754e-01,-2.015904017857142738e-01,-2.011718750000000000e-01,-2.006138392857142738e-01,-2.013113839285714246e-01,-2.014508928571428492e-01,-2.013113839285714246e-01,-2.007533482142857262e-01,-2.007533482142857262e-01,-2.015904017857142738e-01,-2.008928571428571508e-01,-2.010323660714285754e-01,-1.999162946428571508e-01,-1.996372767857142738e-01,-2.042410714285714246e-01,-2.027064732142857262e-01,-2.034040178571428492e-01,-2.034040178571428492e-01,-2.036830357142857262e-01,-2.038225446428571508e-01,-2.022879464285714246e-01,-2.036830357142857262e-01,-2.020089285714285754e-01,-2.025669642857142738e-01,-2.028459821428571508e-01,-2.025669642857142738e-01,-2.024274553571428492e-01,-2.022879464285714246e-01,-2.027064732142857262e-01,-2.020089285714285754e-01,-2.029854910714285754e-01,-2.017299107142857262e-01,-2.028459821428571508e-01,-2.021484375000000000e-01,-2.018694196428571508e-01,-2.008928571428571508e-01,-2.000558035714285754e-01,-2.011718750000000000e-01,-2.008928571428571508e-01
-8.705357142857142461e-02,-8.691406250000000000e-02,-8.733258928571428770e-02,-8.607700892857142461e-02,-8.691406250000000000e-02,-8.621651785714286309e-02,-8.677455357142857539e-02,-8.677455357142857539e-02,-8.607700892857142461e-02,-8.691406250000000000e-02,-8.607700892857142461e-02,-8.663504464285713691e-02,-8.691406250000000000e-02,-8.607700892857142461e-02,-8.635602678571428770e-02,-8.635602678571428770e-02,-8.607700892857142461e-02,-8.761160714285713691e-02,-8.747209821428571230e-02,-8.705357142857142461e-02,-8.719308035714286309e-02,-8.789062500000000000e-02,-8.747209821428571230e-02,-8.761160714285713691e-02,-8.761160714285713691e-02,-8.705357142857142461e-02,-8.733258928571428770e-02,-8.733258928571428770e-02,-8.705357142857142461e-02,-8.705357142857142461e-02,-8.677455357142857539e-02,-8.677455357142857539e-02,-8.677455357142857539e-02,-8.733258928571428770e-02,-8.719308035714286309e-02,-8.691406250000000000e-02,-8.691406250000000000e-02,-8.677455357142857539e-02,-8.635602678571428770e-02,-8.663504464285713691e-02,-8.677455357142857539e-02,-8.663504464285713691e-02
-1.994977678571428423e-02,-2.134486607142857192e-02,-1.994977678571428423e-02,-1.939174107142857192e-02,-1.981026785714285615e-02,-1.925223214285714385e-02,-1.981026785714285615e-02,-1.939174107142857192e-02,-1.855468750000000000e-02,-2.050781250000000000e-02,-1.967075892857142808e-02,-1.981026785714285615e-02,-1.939174107142857192e-02,-1.953125000000000000e-02,-1.939174107142857192e-02,-2.078683035714285615e-02,-1.994977678571428423e-02,-1.967075892857142808e-02,-1.967075892857142808e-02,-1.994977678571428423e-02,-1.981026785714285615e-02,-2.064732142857142808e-02,-2.036830357142857192e-02,-2.008928571428571577e-02,-1.967075892857142808e-02,-2.078683035714285615e-02,-2.022879464285714385e-02,-1.953125000000000000e-02,-1.981026785714285615e-02,-2.008928571428571577e-02,-1.939174107142857192e-02,-1.967075892857142808e-02,-1.967075892857142808e-02,-2.022879464285714385e-02,-2.022879464285714385e-02,-1.939174107142857192e-02,-1.939174107142857192e-02,-2.064732142857142808e-02,-1.939174107142857192e-02,-2.036830357142857192e-02,-1.981026785714285615e-02,-2.036830357142857192e-02
-1.883370535714285615e-02,-1.785714285714285615e-02,-1.869419642857142808e-02,-1.841517857142857192e-02,-1.869419642857142808e-02,-1.813616071428571577e-02,-1.855468750000000000e-02,-1.939174107142857192e-02,-1.813616071428571577e-02,-1.953125000000000000e-02,-1.813616071428571577e-02,-1.841517857142857192e-02,-1.953125000000000000e-02,-1.855468750000000000e-02,-1.953125000000000000e-02,-1.883370535714285615e-02,-1.855468750000000000e-02,-1.799665178571428423e-02,-1.827566964285714385e-02,-1.785714285714285615e-02,-1.883370535714285615e-02,-1.827566964285714385e-02,-1.883370535714285615e-02,-1.855468750000000000e-02,-1.855468750000000000e-02,-1.841517857142857192e-02,-1.883370535714285615e-02,-1.841517857142857192e-02,-1.841517857142857192e-02,-1.813616071428571577e-02,-1.869419642857142808e-02,-1.883370535714285615e-02,-1.911272321428571577e-02,-1.897321428571428423e-02,-1.939174107142857192e-02,-1.883370535714285615e-02,-1.897321428571428423e-02,-1.827566964285714385e-02,-1.827566964285714385e-02,-1.883370535714285615e-02,-1.897321428571428423e-02,-1.827566964285714385e-02
-1.551339285714285754e-01,-1.538783482142857262e-01,-1.549944196428571508e-01,-1.548549107142857262e-01,-1.548549107142857262e-01,-1.545758928571428492e-01,-1.545758928571428492e-01,-1.548549107142857262e-01,-1.544363839285714246e-01,-1.545758928571428492e-01,-1.533203125000000000e-01,-1.540178571428571508e-01,-1.549944196428571508e-01,-1.542968750000000000e-01,-1.551339285714285754e-01,-1.530412946428571508e-01,-1.537388392857142738e-01,-1.563895089285714246e-01,-1.549944196428571508e-01,-1.554129464285714246e-01,-1.554129464285714246e-01,-1.554129464285714246e-01,-1.563895089285714246e-01,-1.545758928571428492e-01,-1.561104910714285754e-01,-1.552734375000000000e-01,-1.551339285714285754e-01,-1.554129464285714246e-01,-1.549944196428571508e-01,-1.545758928571428492e-01,-1.547154017857142738e-01,-1.562500000000000000e-01,-1.554129464285714246e-01,-1.556919642857142738e-01,-1.559709821428571508e-01,-1.549944196428571508e-01,-1.552734375000000000e-01,-1.540178571428571508e-01,-1.538783482142857262e-01,-1.531808035714285754e-01,-1.545758928571428492e-01,-1.544363839285714246e-01
-4.994419642857143155e-02,-4.952566964285714385e-02,-4.966517857142856845e-02,-5.008370535714285615e-02,-4.952566964285714385e-02,-4.980468750000000000e-02,-4.980468750000000000e-02,-4.910714285714285615e-02,-4.882812500000000000e-02,-4.980468750000000000e-02,-4.938616071428571230e-02,-4.924665178571428770e-02,-4.938616071428571230e-02,-4.924665178571428770e-02,-4.924665178571428770e-02,-4.980468750000000000e-02,-4.910714285714285615e-02,-4.966517857142856845e-02,-4.966517857142856845e-02,-4.868861607142856845e-02,-4.924665178571428770e-02,-4.980468750000000000e-02,-4.952566964285714385e-02,-4.952566964285714385e-02,-4.952566964285714385e-02,-5.022321428571428770e-02,-4.966517857142856845e-02,-4.882812500000000000e-02,-4.910714285714285615e-02,-4.966517857142856845e-02,-4.910714285714285615e-02,-4.966517857142856845e-02,-4.952566964285714385e-02,-4.924665178571428770e-02,-4.924665178571428770e-02,-4.952566964285714385e-02,-4.980468750000000000e-02,-4.952566964285714385e-02,-4.882812500000000000e-02,-4.938616071428571230e-02,-4.966517857142856845e-02,-4.966517857142856845e-02
9.207589285714285962e-03,7.393973214285714038e-03,8.231026785714285962e-03,9.347098214285714038e-03,8.649553571428571924e-03,8.928571428571428076e-03,7.812500000000000000e-03,9.207589285714285962e-03,9.486607142857142114e-03,8.789062500000000000e-03,8.370535714285714038e-03,8.510044642857142114e-03,9.207589285714285962e-03,8.789062500000000000e-03,8.649553571428571924e-03,7.812500000000000000e-03,8.789062500000000000e-03,9.486607142857142114e-03,8.510044642857142114e-03,9.486607142857142114e-03,9.765625000000000000e-03,8.370535714285714038e-03,9.068080357142857886e-03,9.068080357142857886e-03,9.486607142857142114e-03,8.091517857142857886e-03,9.207589285714285962e-03,9.905133928571428076e-03,9.486607142857142114e-03,8.370535714285714038e-03,9.626116071428571924e-03,8.789062500000000000e-03,8.649553571428571924e-03,8.789062500000000000e-03,8.789062500000000000e-03,1.046316964285714211e-02,9.486607142857142114e-03,8.928571428571428076e-03,8.649553571428571924e-03,8.510044642857142114e-03,8.510044642857142114e-03,7.114955357142857019e-03
3.766741071428571491e-03,4.045758928571428943e-03,3.766741071428571491e-03,3.766741071428571491e-03,3.627232142857142981e-03,4.185267857142857019e-03,4.324776785714285962e-03,3.208705357142857019e-03,3.487723214285714472e-03,3.348214285714285528e-03,3.627232142857142981e-03,3.906250000000000000e-03,2.790178571428571491e-03,3.906250000000000000e-03,3.208705357142857019e-03,3.487723214285714472e-03,3.069196428571428509e-03,5.301339285714285962e-03,5.161830357142857019e-03,5.161830357142857019e-03,4.743303571428571057e-03,4.743303571428571057e-03,4.743303571428571057e-03,4.743303571428571057e-03,4.324776785714285962e-03,4.603794642857142981e-03,4.743303571428571057e-03,3.208705357142857019e-03,4.743303571428571057e-03,4.324776785714285962e-03,4.045758928571428943e-03,4.045758928571428943e-03,4.045758928571428943e-03,3.627232142857142981e-03,3.487723214285714472e-03,3.487723214285714472e-03,3.766741071428571491e-03,3.627232142857142981e-03,4.464285714285714038e-03,4.464285714285714038e-03,3.208705357142857019e-03,4.464285714285714038e-03
-8.621651785714286309e-02,-8.523995535714286309e-02,-8.663504464285713691e-02,-8.649553571428571230e-02,-8.663504464285713691e-02,-8.607700892857142461e-02,-8.579799107142857539e-02,-8.705357142857142461e-02,-8.691406250000000000e-02,-8.747209821428571230e-02,-8.482142857142857539e-02,-8.579799107142857539e-02,-8.705357142857142461e-02,-8.635602678571428770e-02,-8.691406250000000000e-02,-8.523995535714286309e-02,-8.551897321428571230e-02,-8.649553571428571230e-02,-8.523995535714286309e-02,-8.551897321428571230e-02,-8.579799107142857539e-02,-8.607700892857142461e-02,-8.649553571428571230e-02,-8.579799107142857539e-02,-8.677455357142857539e-02,-8.537946428571428770e-02,-8.607700892857142461e-02,-8.719308035714286309e-02,-8.663504464285713691e-02,-8.593750000000000000e-02,-8.663504464285713691e-02,-8.691406250000000000e-02,-8.565848214285713691e-02,-8.733258928571428770e-02,-8.691406250000000000e-02,-8.663504464285713691e-02,-8.649553571428571230e-02,-8.621651785714286309e-02,-8.565848214285713691e-02,-8.551897321428571230e-02,-8.579799107142857539e-02,-8.593750000000000000e-02
7.952008928571428076e-03,8.091517857142857886e-03,8.370535714285714038e-03,7.952008928571428076e-03,7.533482142857142981e-03,8.649553571428571924e-03,7.812500000000000000e-03,8.370535714285714038e-03,8.510044642857142114e-03,8.649553571428571924e-03,6.975446428571428943e-03,7.533482142857142981e-03,7.533482142857142981e-03,8.091517857142857886e-03,7.812500000000000000e-03,6.835937500000000000e-03,6.835937500000000000e-03,9.207589285714285962e-03,8.649553571428571924e-03,9.068080357142857886e-03,9.347098214285714038e-03,8.649553571428571924e-03,8.928571428571428076e-03,8.789062500000000000e-03,8.789062500000000000e-03,7.533482142857142981e-03,8.789062500000000000e-03,8.789062500000000000e-03,7.952008928571428076e-03,8.370535714285714038e-03,8.510044642857142114e-03,8.091517857142857886e-03,8.370535714285714038e-03,8.091517857142857886e-03,7.533482142857142981e-03,8.510044642857142114e-03,7.952008928571428076e-03,8.091517857142857886e-03,7.672991071428571057e-03,8.231026785714285962e-03,7.672991071428571057e-03,7.114955357142857019e-03
6.054687500000000000e-02,5.859375000000000000e-02,5.887276785714285615e-02,5.970982142857143155e-02,5.943080357142856845e-02,6.026785714285714385e-02,5.817522321428571230e-02,5.943080357142856845e-02,6.054687500000000000e-02,5.943080357142856845e-02,5.929129464285714385e-02,5.873325892857143155e-02,6.026785714285714385e-02,5.929129464285714385e-02,5.957031250000000000e-02,5.873325892857143155e-02,5.845424107142856845e-02,6.096540178571428770e-02,5.943080357142856845e-02,6.096540178571428770e-02,6.138392857142856845e-02,6.054687500000000000e-02,6.012834821428571230e-02,6.026785714285714385e-02,6.054687500000000000e-02,5.998883928571428770e-02,5.998883928571428770e-02,5.970982142857143155e-02,5.957031250000000000e-02,5.943080357142856845e-02,5.984933035714285615e-02,5.998883928571428770e-02,6.040736607142856845e-02,6.026785714285714385e-02,6.026785714285714385e-02,6.026785714285714385e-02,6.026785714285714385e-02,5.929129464285714385e-02,5.929129464285714385e-02,5.887276785714285615e-02,5.984933035714285615e-02,5.775669642857143155e-02
4.255022321428571230e-02,4.338727678571428770e-02,4.241071428571428770e-02,4.282924107142856845e-02,4.255022321428571230e-02,4.310825892857143155e-02,4.338727678571428770e-02,4.255022321428571230e-02,4.324776785714285615e-02,4.255022321428571230e-02,4.268973214285714385e-02,4.296875000000000000e-02,4.185267857142856845e-02,4.241071428571428770e-02,4.213169642857143155e-02,4.185267857142856845e-02,4.171316964285714385e-02,4.492187500000000000e-02,4.464285714285714385e-02,4.520089285714285615e-02,4.436383928571428770e-02,4.324776785714285615e-02,4.450334821428571230e-02,4.394531250000000000e-02,4.296875000000000000e-02,4.394531250000000000e-02,4.394531250000000000e-02,4.296875000000000000e-02,4.352678571428571230e-02,4.324776785714285615e-02,4.366629464285714385e-02,4.310825892857143155e-02,4.324776785714285615e-02,4.213169642857143155e-02,4.255022321428571230e-02,4.380580357142856845e-02,4.255022321428571230e-02,4.282924107142856845e-02,4.296875000000000000e-02,4.310825892857143155e-02,4.255022321428571230e-02,4.213169642857143155e-02
-8.091517857142857886e-03,-7.393973214285714038e-03,-8.091517857142857886e-03,-8.231026785714285962e-03,-8.091517857142857886e-03,-8.091517857142857886e-03,-7.812500000000000000e-03,-9.207589285714285962e-03,-8.789062500000000000e-03,-9.207589285714285962e-03,-7.812500000000000000e-03,-8.231026785714285962e-03,-9.626116071428571924e-03,-9.486607142857142114e-03,-9.068080357142857886e-03,-8.789062500000000000e-03,-8.370535714285714038e-03,-7.114955357142857019e-03,-6.556919642857142981e-03,-6.835937500000000000e-03,-7.393973214285714038e-03,-7.533482142857142981e-03,-7.393973214285714038e-03,-7.533482142857142981e-03,-8.928571428571428076e-03,-6.975446428571428943e-03,-7.533482142857142981e-03,-8.789062500000000000e-03,-8.091517857142857886e-03,-8.091517857142857886e-03,-8.370535714285714038e-03,-7.812500000000000000e-03,-7.672991071428571057e-03,-8.231026785714285962e-03,-8.091517857142857886e-03,-8.649553571428571924e-03,-8.370535714285714038e-03,-7.812500000000000000e-03,-8.231026785714285962e-03,-8.231026785714285962e-03,-9.347098214285714038e-03,-8.091517857142857886e-03
7.631138392857142461e-02,7.603236607142857539e-02,7.617187500000000000e-02,7.631138392857142461e-02,7.631138392857142461e-02,7.631138392857142461e-02,7.575334821428571230e-02,7.589285714285713691e-02,7.645089285714286309e-02,7.617187500000000000e-02,7.547433035714286309e-02,7.547433035714286309e-02,7.575334821428571230e-02,7.547433035714286309e-02,7.519531250000000000e-02,7.561383928571428770e-02,7.463727678571428770e-02,7.798549107142857539e-02,7.756696428571428770e-02,7.756696428571428770e-02,7.812500000000000000e-02,7.700892857142857539e-02,7.742745535714286309e-02,7.714843750000000000e-02,7.728794642857142461e-02,7.645089285714286309e-02,7.700892857142857539e-02,7.686941964285713691e-02,7.686941964285713691e-02,7.700892857142857539e-02,7.686941964285713691e-02,7.672991071428571230e-02,7.672991071428571230e-02,7.672991071428571230e-02,7.631138392857142461e-02,7.631138392857142461e-02,7.603236607142857539e-02,7.617187500000000000e-02,7.561383928571428770e-02,7.617187500000000000e-02,7.603236607142857539e-02,7.561383928571428770e-02
1.167689732142857123e-01,1.157924107142857123e-01,1.162109375000000000e-01,1.173270089285714246e-01,1.155133928571428631e-01,1.167689732142857123e-01,1.157924107142857123e-01,1.160714285714285754e-01,1.171875000000000000e-01,1.159319196428571369e-01,1.153738839285714246e-01,1.150948660714285754e-01,1.166294642857142877e-01,1.162109375000000000e-01,1.155133928571428631e-01,1.155133928571428631e-01,1.152343750000000000e-01,1.185825892857142877e-01,1.170479910714285754e-01,1.181640625000000000e-01,1.176060267857142877e-01,1.176060267857142877e-01,1.171875000000000000e-01,1.169084821428571369e-01,1.177455357142857123e-01,1.162109375000000000e-01,1.169084821428571369e-01,1.171875000000000000e-01,1.174665178571428631e-01,1.174665178571428631e-01,1.169084821428571369e-01,1.171875000000000000e-01,1.169084821428571369e-01,1.169084821428571369e-01,1.166294642857142877e-01,1.176060267857142877e-01,1.166294642857142877e-01,1.160714285714285754e-01,1.159319196428571369e-01,1.153738839285714246e-01,1.153738839285714246e-01,1.149553571428571369e-01
8.789062500000000000e-02,8.789062500000000000e-02,8.733258928571428770e-02,8.747209821428571230e-02,8.803013392857142461e-02,8.733258928571428770e-02,8.747209821428571230e-02,8.663504464285713691e-02,8.663504464285713691e-02,8.677455357142857539e-02,8.691406250000000000e-02,8.607700892857142461e-02,8.621651785714286309e-02,8.621651785714286309e-02,8.607700892857142461e-02,8.621651785714286309e-02,8.593750000000000000e-02,8.970424107142857539e-02,8.942522321428571230e-02,8.956473214285713691e-02,8.900669642857142461e-02,8.830915178571428770e-02,8.830915178571428770e-02,8.900669642857142461e-02,8.830915178571428770e-02,8.858816964285713691e-02,8.844866071428571230e-02,8.775111607142857539e-02,8.858816964285713691e-02,8.816964285714286309e-02,8.803013392857142461e-02,8.761160714285713691e-02,8.775111607142857539e-02,8.789062500000000000e-02,8.719308035714286309e-02,8.775111607142857539e-02,8.733258928571428770e-02,8.747209821428571230e-02,8.733258928571428770e-02,8.775111607142857539e-02,8.663504464285713691e-02,8.649553571428571230e-02
2.399553571428571577e-02,2.525111607142857192e-02,2.399553571428571577e-02,2.385602678571428423e-02,2.413504464285714385e-02,2.427455357142857192e-02,2.469308035714285615e-02,2.329799107142857192e-02,2.301897321428571577e-02,2.315848214285714385e-02,2.413504464285714385e-02,2.399553571428571577e-02,2.273995535714285615e-02,2.329799107142857192e-02,2.315848214285714385e-02,2.260044642857142808e-02,2.357700892857142808e-02,2.483258928571428423e-02,2.580915178571428423e-02,2.553013392857142808e-02,2.483258928571428423e-02,2.539062500000000000e-02,2.441406250000000000e-02,2.455357142857142808e-02,2.371651785714285615e-02,2.525111607142857192e-02,2.427455357142857192e-02,2.413504464285714385e-02,2.427455357142857192e-02,2.483258928571428423e-02,2.469308035714285615e-02,2.385602678571428423e-02,2.343750000000000000e-02,2.357700892857142808e-02,2.343750000000000000e-02,2.315848214285714385e-02,2.329799107142857192e-02,2.441406250000000000e-02,2.399553571428571577e-02,2.399553571428571577e-02,2.287946428571428423e-02,2.469308035714285615e-02
1.029575892857142877e-01,1.028180803571428631e-01,1.018415178571428631e-01,1.028180803571428631e-01,1.025390625000000000e-01,1.019810267857142877e-01,1.011439732142857123e-01,1.021205357142857123e-01,1.025390625000000000e-01,1.014229910714285754e-01,1.011439732142857123e-01,1.008649553571428631e-01,1.018415178571428631e-01,1.008649553571428631e-01,1.017020089285714246e-01,1.010044642857142877e-01,1.010044642857142877e-01,1.040736607142857123e-01,1.035156250000000000e-01,1.039341517857142877e-01,1.039341517857142877e-01,1.025390625000000000e-01,1.029575892857142877e-01,1.030970982142857123e-01,1.028180803571428631e-01,1.028180803571428631e-01,1.023995535714285754e-01,1.026785714285714246e-01,1.028180803571428631e-01,1.032366071428571369e-01,1.028180803571428631e-01,1.026785714285714246e-01,1.030970982142857123e-01,1.032366071428571369e-01,1.017020089285714246e-01,1.026785714285714246e-01,1.022600446428571369e-01,1.017020089285714246e-01,1.021205357142857123e-01,1.017020089285714246e-01,1.019810267857142877e-01,1.014229910714285754e-01
1.375558035714285754e-01,1.369977678571428492e-01,1.375558035714285754e-01,1.375558035714285754e-01,1.371372767857142738e-01,1.375558035714285754e-01,1.363002232142857262e-01,1.389508928571428492e-01,1.383928571428571508e-01,1.379743303571428492e-01,1.365792410714285754e-01,1.371372767857142738e-01,1.369977678571428492e-01,1.368582589285714246e-01,1.369977678571428492e-01,1.375558035714285754e-01,1.358816964285714246e-01,1.392299107142857262e-01,1.389508928571428492e-01,1.397879464285714246e-01,1.393694196428571508e-01,1.383928571428571508e-01,1.385323660714285754e-01,1.386718750000000000e-01,1.386718750000000000e-01,1.372767857142857262e-01,1.386718750000000000e-01,1.381138392857142738e-01,1.392299107142857262e-01,1.385323660714285754e-01,1.383928571428571508e-01,1.376953125000000000e-01,1.378348214285714246e-01,1.388113839285714246e-01,1.368582589285714246e-01,1.379743303571428492e-01,1.376953125000000000e-01,1.372767857142857262e-01,1.369977678571428492e-01,1.369977678571428492e-01,1.371372767857142738e-01,1.364397321428571508e-01
1.050502232142857123e-01,1.046316964285714246e-01,1.033761160714285754e-01,1.042131696428571369e-01,1.044921875000000000e-01,1.035156250000000000e-01,1.039341517857142877e-01,1.029575892857142877e-01,1.035156250000000000e-01,1.030970982142857123e-01,1.035156250000000000e-01,1.032366071428571369e-01,1.032366071428571369e-01,1.030970982142857123e-01,1.022600446428571369e-01,1.026785714285714246e-01,1.025390625000000000e-01,1.056082589285714246e-01,1.058872767857142877e-01,1.063058035714285754e-01,1.056082589285714246e-01,1.054687500000000000e-01,1.049107142857142877e-01,1.051897321428571369e-01,1.047712053571428631e-01,1.047712053571428631e-01,1.047712053571428631e-01,1.040736607142857123e-01,1.049107142857142877e-01,1.049107142857142877e-01,1.042131696428571369e-01,1.042131696428571369e-01,1.043526785714285754e-01,1.033761160714285754e-01,1.030970982142857123e-01,1.037946428571428631e-01,1.040736607142857123e-01,1.032366071428571369e-01,1.037946428571428631e-01,1.030970982142857123e-01,1.030970982142857123e-01,1.035156250000000000e-01
-2.371651785714285528e-03,-1.813616071428571491e-03,-2.092633928571428509e-03,-2.511160714285714472e-03,-2.092633928571428509e-03,-1.813616071428571491e-03,-2.092633928571428509e-03,-2.650669642857142981e-03,-2.790178571428571491e-03,-2.092633928571428509e-03,-1.813616071428571491e-03,-2.371651785714285528e-03,-2.232142857142857019e-03,-2.650669642857142981e-03,-2.511160714285714472e-03,-1.813616071428571491e-03,-1.953125000000000000e-03,-2.511160714285714472e-03,-2.929687500000000000e-03,-2.092633928571428509e-03,-2.511160714285714472e-03,-2.092633928571428509e-03,-2.650669642857142981e-03,-2.371651785714285528e-03,-2.790178571428571491e-03,-2.232142857142857019e-03,-1.953125000000000000e-03,-2.929687500000000000e-03,-2.092633928571428509e-03,-1.953125000000000000e-03,-2.650669642857142981e-03,-2.371651785714285528e-03,-1.953125000000000000e-03,-1.674107142857142764e-03,-2.511160714285714472e-03,-2.650669642857142981e-03,-2.232142857142857019e-03,-2.371651785714285528e-03,-1.534598214285714255e-03,-2.371651785714285528e-03,-2.232142857142857019e-03,-1.953125000000000000e-03
9.068080357142857886e-03,8.510044642857142114e-03,7.952008928571428076e-03,8.510044642857142114e-03,8.510044642857142114e-03,8.789062500000000000e-03,7.533482142857142981e-03,8.510044642857142114e-03,8.649553571428571924e-03,8.789062500000000000e-03,8.928571428571428076e-03,8.231026785714285962e-03,8.928571428571428076e-03,8.370535714285714038e-03,8.649553571428571924e-03,8.510044642857142114e-03,8.510044642857142114e-03,7.533482142857142981e-03,7.114955357142857019e-03,8.789062500000000000e-03,8.510044642857142114e-03,7.533482142857142981e-03,7.812500000000000000e-03,7.812500000000000000e-03,8.370535714285714038e-03,8.370535714285714038e-03,7.812500000000000000e-03,7.393973214285714038e-03,8.091517857142857886e-03,8.091517857142857886e-03,8.091517857142857886e-03,7.812500000000000000e-03,8.510044642857142114e-03,8.649553571428571924e-03,7.812500000000000000e-03,7.952008928571428076e-03,8.789062500000000000e-03,8.510044642857142114e-03,8.789062500000000000e-03,8.231026785714285962e-03,8.370535714285714038e-03,8.231026785714285962e-03
4.547991071428571230e-02,4.464285714285714385e-02,4.520089285714285615e-02,4.575892857142856845e-02,4.561941964285714385e-02,4.561941964285714385e-02,4.450334821428571230e-02,4.645647321428571230e-02,4.561941964285714385e-02,4.645647321428571230e-02,4.478236607142856845e-02,4.547991071428571230e-02,4.575892857142856845e-02,4.589843750000000000e-02,4.589843750000000000e-02,4.589843750000000000e-02,4.547991071428571230e-02,4.547991071428571230e-02,4.450334821428571230e-02,4.520089285714285615e-02,4.575892857142856845e-02,4.534040178571428770e-02,4.575892857142856845e-02,4.506138392857143155e-02,4.589843750000000000e-02,4.436383928571428770e-02,4.603794642857143155e-02,4.464285714285714385e-02,4.575892857142856845e-02,4.520089285714285615e-02,4.603794642857143155e-02,4.492187500000000000e-02,4.534040178571428770e-02,4.631696428571428770e-02,4.506138392857143155e-02,4.603794642857143155e-02,4.603794642857143155e-02,4.547991071428571230e-02,4.534040178571428770e-02,4.547991071428571230e-02,4.589843750000000000e-02,4.478236607142856845e-02
2.260044642857142808e-02,2.301897321428571577e-02,2.232142857142857192e-02,2.218191964285714385e-02,2.260044642857142808e-02,2.218191964285714385e-02,2.287946428571428423e-02,2.190290178571428423e-02,2.190290178571428423e-02,2.218191964285714385e-02,2.329799107142857192e-02,2.260044642857142808e-02,2.273995535714285615e-02,2.148437500000000000e-02,2.204241071428571577e-02,2.260044642857142808e-02,2.218191964285714385e-02,2.246093750000000000e-02,2.301897321428571577e-02,2.301897321428571577e-02,2.246093750000000000e-02,2.246093750000000000e-02,2.260044642857142808e-02,2.246093750000000000e-02,2.232142857142857192e-02,2.315848214285714385e-02,2.246093750000000000e-02,2.218191964285714385e-02,2.218191964285714385e-02,2.218191964285714385e-02,2.218191964285714385e-02,2.176339285714285615e-02,2.273995535714285615e-02,2.273995535714285615e-02,2.176339285714285615e-02,2.190290178571428423e-02,2.246093750000000000e-02,2.260044642857142808e-02,2.273995535714285615e-02,2.162388392857142808e-02,2.162388392857142808e-02,2.273995535714285615e-02
-1.626674107142857262e-01,-1.614118303571428492e-01,-1.619698660714285754e-01,-1.619698660714285754e-01,-1.615513392857142738e-01,-1.608537946428571508e-01,-1.605747767857142738e-01,-1.607142857142857262e-01,-1.612723214285714246e-01,-1.607142857142857262e-01,-1.601562500000000000e-01,-1.604352678571428492e-01,-1.595982142857142738e-01,-1.598772321428571508e-01,-1.600167410714285754e-01,-1.600167410714285754e-01,-1.589006696428571508e-01,-1.651785714285714246e-01,-1.650390625000000000e-01,-1.640625000000000000e-01,-1.650390625000000000e-01,-1.635044642857142738e-01,-1.626674107142857262e-01,-1.633649553571428492e-01,-1.636439732142857262e-01,-1.630859375000000000e-01,-1.630859375000000000e-01,-1.640625000000000000e-01,-1.629464285714285754e-01,-1.623883928571428492e-01,-1.626674107142857262e-01,-1.630859375000000000e-01,-1.619698660714285754e-01,-1.619698660714285754e-01,-1.616908482142857262e-01,-1.618303571428571508e-01,-1.609933035714285754e-01,-1.609933035714285754e-01,-1.608537946428571508e-01,-1.602957589285714246e-01,-1.612723214285714246e-01,-1.609933035714285754e-01
-1.100725446428571369e-01,-1.085379464285714246e-01,-1.086774553571428631e-01,-1.085379464285714246e-01,-1.093750000000000000e-01,-1.085379464285714246e-01,-1.090959821428571369e-01,-1.090959821428571369e-01,-1.085379464285714246e-01,-1.083984375000000000e-01,-1.075613839285714246e-01,-1.074218750000000000e-01,-1.075613839285714246e-01,-1.074218750000000000e-01,-1.075613839285714246e-01,-1.074218750000000000e-01,-1.071428571428571369e-01,-1.114676339285714246e-01,-1.113281250000000000e-01,-1.100725446428571369e-01,-1.110491071428571369e-01,-1.113281250000000000e-01,-1.103515625000000000e-01,-1.107700892857142877e-01,-1.100725446428571369e-01,-1.095145089285714246e-01,-1.102120535714285754e-01,-1.104910714285714246e-01,-1.095145089285714246e-01,-1.096540178571428631e-01,-1.092354910714285754e-01,-1.096540178571428631e-01,-1.103515625000000000e-01,-1.090959821428571369e-01,-1.090959821428571369e-01,-1.088169642857142877e-01,-1.085379464285714246e-01,-1.083984375000000000e-01,-1.079799107142857123e-01,-1.088169642857142877e-01,-1.081194196428571369e-01,-1.077008928571428631e-01
-5.398995535714285615e-02,-5.454799107142856845e-02,-5.385044642857143155e-02,-5.315290178571428770e-02,-5.385044642857143155e-02,-5.329241071428571230e-02,-5.357142857142856845e-02,-5.245535714285714385e-02,-5.287388392857143155e-02,-5.217633928571428770e-02,-5.301339285714285615e-02,-5.315290178571428770e-02,-5.217633928571428770e-02,-5.231584821428571230e-02,-5.231584821428571230e-02,-5.217633928571428770e-02,-5.245535714285714385e-02,-5.552455357142856845e-02,-5.594308035714285615e-02,-5.482700892857143155e-02,-5.510602678571428770e-02,-5.594308035714285615e-02,-5.412946428571428770e-02,-5.426897321428571230e-02,-5.454799107142856845e-02,-5.538504464285714385e-02,-5.440848214285714385e-02,-5.496651785714285615e-02,-5.343191964285714385e-02,-5.343191964285714385e-02,-5.315290178571428770e-02,-5.468750000000000000e-02,-5.454799107142856845e-02,-5.301339285714285615e-02,-5.315290178571428770e-02,-5.259486607142856845e-02,-5.301339285714285615e-02,-5.315290178571428770e-02,-5.385044642857143155e-02,-5.301339285714285615e-02,-5.259486607142856845e-02,-5.426897321428571230e-02
-5.468750000000000000e-02,-5.343191964285714385e-02,-5.385044642857143155e-02,-5.371093750000000000e-02,-5.315290178571428770e-02,-5.385044642857143155e-02,-5.287388392857143155e-02,-5.385044642857143155e-02,-5.343191964285714385e-02,-5.398995535714285615e-02,-5.259486607142856845e-02,-5.273437500000000000e-02,-5.301339285714285615e-02,-5.301339285714285615e-02,-5.287388392857143155e-02,-5.315290178571428770e-02,-5.301339285714285615e-02,-5.496651785714285615e-02,-5.468750000000000000e-02,-5.398995535714285615e-02,-5.496651785714285615e-02,-5.412946428571428770e-02,-5.398995535714285615e-02,-5.398995535714285615e-02,-5.398995535714285615e-02,-5.371093750000000000e-02,-5.357142857142856845e-02,-5.440848214285714385e-02,-5.426897321428571230e-02,-5.398995535714285615e-02,-5.371093750000000000e-02,-5.412946428571428770e-02,-5.385044642857143155e-02,-5.357142857142856845e-02,-5.468750000000000000e-02,-5.385044642857143155e-02,-5.385044642857143155e-02,-5.385044642857143155e-02,-5.315290178571428770e-02,-5.343191964285714385e-02,-5.371093750000000000e-02,-5.301339285714285615e-02
-2.021484375000000000e-01,-2.010323660714285754e-01,-2.020089285714285754e-01,-2.013113839285714246e-01,-2.010323660714285754e-01,-2.015904017857142738e-01,-2.008928571428571508e-01,-2.017299107142857262e-01,-2.008928571428571508e-01,-2.011718750000000000e-01,-1.994977678571428492e-01,-2.001953125000000000e-01,-2.001953125000000000e-01,-1.992187500000000000e-01,-1.997767857142857262e-01,-1.990792410714285754e-01,-1.988002232142857262e-01,-2.049386160714285754e-01,-2.038225446428571508e-01,-2.035435267857142738e-01,-2.045200892857142738e-01,-2.032645089285714246e-01,-2.035435267857142738e-01,-2.031250000000000000e-01,-2.034040178571428492e-01,-2.024274553571428492e-01,-2.028459821428571508e-01,-2.028459821428571508e-01,-2.024274553571428492e-01,-2.022879464285714246e-01,-2.025669642857142738e-01,-2.021484375000000000e-01,-2.017299107142857262e-01,-2.020089285714285754e-01,-2.020089285714285754e-01,-2.018694196428571508e-01,-2.006138392857142738e-01,-2.008928571428571508e-01,-2.004743303571428492e-01,-2.000558035714285754e-01,-2.004743303571428492e-01,-2.007533482142857262e-01
-1.277901785714285754e-01,-1.261160714285714246e-01,-1.261160714285714246e-01,-1.266741071428571508e-01,-1.263950892857142738e-01,-1.262555803571428492e-01,-1.263950892857142738e-01,-1.252790178571428492e-01,-1.247209821428571369e-01,-1.254185267857142738e-01,-1.256975446428571508e-01,-1.247209821428571369e-01,-1.254185267857142738e-01,-1.250000000000000000e-01,-1.251395089285714246e-01,-1.247209821428571369e-01,-1.245814732142857123e-01,-1.283482142857142738e-01,-1.286272321428571508e-01,-1.268136160714285754e-01,-1.280691964285714246e-01,-1.276506696428571508e-01,-1.275111607142857262e-01,-1.270926339285714246e-01,-1.268136160714285754e-01,-1.279296875000000000e-01,-1.272321428571428492e-01,-1.273716517857142738e-01,-1.261160714285714246e-01,-1.268136160714285754e-01,-1.270926339285714246e-01,-1.268136160714285754e-01,-1.265345982142857262e-01,-1.258370535714285754e-01,-1.263950892857142738e-01,-1.261160714285714246e-01,-1.263950892857142738e-01,-1.254185267857142738e-01,-1.259765625000000000e-01,-1.255580357142857262e-01,-1.255580357142857262e-01,-1.256975446428571508e-01
-6.417410714285713691e-02,-6.431361607142857539e-02,-6.389508928571428770e-02,-6.277901785714286309e-02,-6.417410714285713691e-02,-6.347656250000000000e-02,-6.501116071428571230e-02,-6.222098214285714385e-02,-6.263950892857142461e-02,-6.347656250000000000e-02,-6.319754464285713691e-02,-6.319754464285713691e-02,-6.250000000000000000e-02,-6.305803571428571230e-02,-6.291852678571428770e-02,-6.166294642857143155e-02,-6.277901785714286309e-02,-6.556919642857142461e-02,-6.626674107142857539e-02,-6.473214285714286309e-02,-6.570870535714286309e-02,-6.584821428571428770e-02,-6.473214285714286309e-02,-6.487165178571428770e-02,-6.501116071428571230e-02,-6.529017857142857539e-02,-6.473214285714286309e-02,-6.487165178571428770e-02,-6.431361607142857539e-02,-6.459263392857142461e-02,-6.361607142857142461e-02,-6.431361607142857539e-02,-6.389508928571428770e-02,-6.361607142857142461e-02,-6.319754464285713691e-02,-6.236049107142856845e-02,-6.333705357142857539e-02,-6.389508928571428770e-02,-6.417410714285713691e-02,-6.361607142857142461e-02,-6.319754464285713691e-02,-6.459263392857142461e-02
-6.208147321428571230e-02,-6.208147321428571230e-02,-6.166294642857143155e-02,-6.263950892857142461e-02,-6.152343750000000000e-02,-6.208147321428571230e-02,-6.194196428571428770e-02,-6.250000000000000000e-02,-6.250000000000000000e-02,-6.194196428571428770e-02,-6.194196428571428770e-02,-6.152343750000000000e-02,-6.236049107142856845e-02,-6.166294642857143155e-02,-6.138392857142856845e-02,-6.208147321428571230e-02,-6.110491071428571230e-02,-6.389508928571428770e-02,-6.263950892857142461e-02,-6.236049107142856845e-02,-6.236049107142856845e-02,-6.208147321428571230e-02,-6.236049107142856845e-02,-6.263950892857142461e-02,-6.208147321428571230e-02,-6.305803571428571230e-02,-6.208147321428571230e-02,-6.222098214285714385e-02,-6.263950892857142461e-02,-6.250000000000000000e-02,-6.263950892857142461e-02,-6.222098214285714385e-02,-6.166294642857143155e-02,-6.222098214285714385e-02,-6.263950892857142461e-02,-6.291852678571428770e-02,-6.236049107142856845e-02,-6.180245535714285615e-02,-6.124441964285714385e-02,-6.180245535714285615e-02,-6.152343750000000000e-02,-6.222098214285714385e-02
-1.778738839285714246e-01,-1.771763392857142738e-01,-1.771763392857142738e-01,-1.773158482142857262e-01,-1.767578125000000000e-01,-1.777343750000000000e-01,-1.767578125000000000e-01,-1.785714285714285754e-01,-1.770368303571428492e-01,-1.780133928571428492e-01,-1.756417410714285754e-01,-1.767578125000000000e-01,-1.768973214285714246e-01,-1.770368303571428492e-01,-1.771763392857142738e-01,-1.763392857142857262e-01,-1.756417410714285754e-01,-1.802455357142857262e-01,-1.791294642857142738e-01,-1.789899553571428492e-01,-1.789899553571428492e-01,-1.787109375000000000e-01,-1.794084821428571508e-01,-1.787109375000000000e-01,-1.785714285714285754e-01,-1.782924107142857262e-01,-1.778738839285714246e-01,-1.784319196428571508e-01,-1.788504464285714246e-01,-1.787109375000000000e-01,-1.788504464285714246e-01,-1.777343750000000000e-01,-1.771763392857142738e-01,-1.787109375000000000e-01,-1.777343750000000000e-01,-1.781529017857142738e-01,-1.771763392857142738e-01,-1.773158482142857262e-01,-1.764787946428571508e-01,-1.764787946428571508e-01,-1.767578125000000000e-01,-1.767578125000000000e-01
-6.347656250000000000e-02,-6.375558035714286309e-02,-6.277901785714286309e-02,-6.305803571428571230e-02,-6.319754464285713691e-02,-6.319754464285713691e-02,-6.263950892857142461e-02,-6.250000000000000000e-02,-6.222098214285714385e-02,-6.222098214285714385e-02,-6.333705357142857539e-02,-6.319754464285713691e-02,-6.263950892857142461e-02,-6.250000000000000000e-02,-6.250000000000000000e-02,-6.236049107142856845e-02,-6.291852678571428770e-02,-6.333705357142857539e-02,-6.417410714285713691e-02,-6.305803571428571230e-02,-6.305803571428571230e-02,-6.375558035714286309e-02,-6.319754464285713691e-02,-6.305803571428571230e-02,-6.333705357142857539e-02,-6.389508928571428770e-02,-6.250000000000000000e-02,-6.277901785714286309e-02,-6.291852678571428770e-02,-6.305803571428571230e-02,-6.291852678571428770e-02,-6.319754464285713691e-02,-6.291852678571428770e-02,-6.277901785714286309e-02,-6.263950892857142461e-02,-6.236049107142856845e-02,-6.222098214285714385e-02,-6.291852678571428770e-02,-6.291852678571428770e-02,-6.263950892857142461e-02,-6.250000000000000000e-02,-6.333705357142857539e-02
-1.813616071428571491e-03,-3.627232142857142981e-03,-2.650669642857142981e-03,-1.953125000000000000e-03,-3.069196428571428509e-03,-2.371651785714285528e-03,-3.487723214285714472e-03,-2.232142857142857019e-03,-1.395089285714285745e-03,-1.813616071428571491e-03,-2.371651785714285528e-03,-2.371651785714285528e-03,-1.674107142857142764e-03,-2.790178571428571491e-03,-2.511160714285714472e-03,-1.953125000000000000e-03,-2.650669642857142981e-03,-2.650669642857142981e-03,-2.650669642857142981e-03,-2.092633928571428509e-03,-2.371651785714285528e-03,-3.766741071428571491e-03,-2.511160714285714472e-03,-2.511160714285714472e-03,-3.208705357142857019e-03,-3.069196428571428509e-03,-2.511160714285714472e-03,-2.232142857142857019e-03,-2.092633928571428509e-03,-2.232142857142857019e-03,-2.511160714285714472e-03,-2.790178571428571491e-03,-3.069196428571428509e-03,-2.650669642857142981e-03,-1.953125000000000000e-03,-1.116071428571428509e-03,-1.395089285714285745e-03,-2.092633928571428509e-03,-2.790178571428571491e-03,-2.511160714285714472e-03,-2.511160714285714472e-03,-3.069196428571428509e-03
-5.580357142857142981e-03,-4.464285714285714038e-03,-4.882812500000000000e-03,-5.161830357142857019e-03,-4.743303571428571057e-03,-5.161830357142857019e-03,-4.603794642857142981e-03,-5.580357142857142981e-03,-5.301339285714285962e-03,-5.022321428571428943e-03,-5.161830357142857019e-03,-5.301339285714285962e-03,-5.440848214285714038e-03,-5.580357142857142981e-03,-5.301339285714285962e-03,-5.719866071428571057e-03,-5.440848214285714038e-03,-4.743303571428571057e-03,-4.743303571428571057e-03,-4.882812500000000000e-03,-4.324776785714285962e-03,-4.603794642857142981e-03,-4.324776785714285962e-03,-4.185267857142857019e-03,-4.324776785714285962e-03,-5.022321428571428943e-03,-4.464285714285714038e-03,-5.161830357142857019e-03,-5.161830357142857019e-03,-5.301339285714285962e-03,-5.301339285714285962e-03,-5.719866071428571057e-03,-4.882812500000000000e-03,-5.022321428571428943e-03,-4.882812500000000000e-03,-5.719866071428571057e-03,-5.440848214285714038e-03,-5.301339285714285962e-03,-4.464285714285714038e-03,-4.603794642857142981e-03,-4.882812500000000000e-03,-5.022321428571428943e-03
-6.319754464285713691e-02,-6.236049107142856845e-02,-6.333705357142857539e-02,-6.250000000000000000e-02,-6.291852678571428770e-02,-6.250000000000000000e-02,-6.263950892857142461e-02,-6.417410714285713691e-02,-6.305803571428571230e-02,-6.319754464285713691e-02,-6.208147321428571230e-02,-6.236049107142856845e-02,-6.389508928571428770e-02,-6.431361607142857539e-02,-6.305803571428571230e-02,-6.361607142857142461e-02,-6.319754464285713691e-02,-6.347656250000000000e-02,-6.250000000000000000e-02,-6.208147321428571230e-02,-6.361607142857142461e-02,-6.305803571428571230e-02,-6.208147321428571230e-02,-6.277901785714286309e-02,-6.250000000000000000e-02,-6.236049107142856845e-02,-6.222098214285714385e-02,-6.277901785714286309e-02,-6.375558035714286309e-02,-6.333705357142857539e-02,-6.375558035714286309e-02,-6.305803571428571230e-02,-6.236049107142856845e-02,-6.445312500000000000e-02,-6.236049107142856845e-02,-6.389508928571428770e-02,-6.319754464285713691e-02,-6.333705357142857539e-02,-6.250000000000000000e-02,-6.263950892857142461e-02,-6.319754464285713691e-02,-6.208147321428571230e-02
3.208705357142856845e-02,3.111049107142857192e-02,3.180803571428571230e-02,3.152901785714285615e-02,3.222656250000000000e-02,3.138950892857143155e-02,3.083147321428571577e-02,3.138950892857143155e-02,3.250558035714285615e-02,3.180803571428571230e-02,3.138950892857143155e-02,3.152901785714285615e-02,3.083147321428571577e-02,3.055245535714285615e-02,3.125000000000000000e-02,3.125000000000000000e-02,3.083147321428571577e-02,3.264508928571428770e-02,3.236607142857143155e-02,3.222656250000000000e-02,3.334263392857143155e-02,3.194754464285714385e-02,3.292410714285714385e-02,3.264508928571428770e-02,3.236607142857143155e-02,3.138950892857143155e-02,3.236607142857143155e-02,3.222656250000000000e-02,3.180803571428571230e-02,3.208705357142856845e-02,3.264508928571428770e-02,3.125000000000000000e-02,3.222656250000000000e-02,3.194754464285714385e-02,3.152901785714285615e-02,3.152901785714285615e-02,3.194754464285714385e-02,3.138950892857143155e-02,3.152901785714285615e-02,3.138950892857143155e-02,3.166852678571428770e-02,3.055245535714285615e-02
7.993861607142857539e-02,7.854352678571428770e-02,7.854352678571428770e-02,7.938058035714286309e-02,7.854352678571428770e-02,7.993861607142857539e-02,7.840401785714286309e-02,7.952008928571428770e-02,7.952008928571428770e-02,7.979910714285713691e-02,7.798549107142857539e-02,7.910156250000000000e-02,7.924107142857142461e-02,7.854352678571428770e-02,7.896205357142857539e-02,7.952008928571428770e-02,7.938058035714286309e-02,8.021763392857142461e-02,8.049665178571428770e-02,8.049665178571428770e-02,8.105468750000000000e-02,8.007812500000000000e-02,8.021763392857142461e-02,8.049665178571428770e-02,7.965959821428571230e-02,7.882254464285713691e-02,7.938058035714286309e-02,8.021763392857142461e-02,8.063616071428571230e-02,7.952008928571428770e-02,8.007812500000000000e-02,7.979910714285713691e-02,7.938058035714286309e-02,7.965959821428571230e-02,7.952008928571428770e-02,7.979910714285713691e-02,7.965959821428571230e-02,7.854352678571428770e-02,7.882254464285713691e-02,7.840401785714286309e-02,7.882254464285713691e-02,7.770647321428571230e-02
5.901227678571428770e-02,5.901227678571428770e-02,5.859375000000000000e-02,5.817522321428571230e-02,5.929129464285714385e-02,5.873325892857143155e-02,5.887276785714285615e-02,5.747767857142856845e-02,5.845424107142856845e-02,5.789620535714285615e-02,5.817522321428571230e-02,5.775669642857143155e-02,5.733816964285714385e-02,5.761718750000000000e-02,5.747767857142856845e-02,5.803571428571428770e-02,5.775669642857143155e-02,5.998883928571428770e-02,6.082589285714285615e-02,6.026785714285714385e-02,5.970982142857143155e-02,5.943080357142856845e-02,5.970982142857143155e-02,5.998883928571428770e-02,5.998883928571428770e-02,5.929129464285714385e-02,6.012834821428571230e-02,5.984933035714285615e-02,5.873325892857143155e-02,5.929129464285714385e-02,5.901227678571428770e-02,5.873325892857143155e-02,5.873325892857143155e-02,5.831473214285714385e-02,5.901227678571428770e-02,5.845424107142856845e-02,5.817522321428571230e-02,5.873325892857143155e-02,5.915178571428571230e-02,5.817522321428571230e-02,5.845424107142856845e-02,5.803571428571428770e-02
-4.310825892857143155e-02,-4.199218750000000000e-02,-4.255022321428571230e-02,-4.241071428571428770e-02,-4.199218750000000000e-02,-4.255022321428571230e-02,-4.199218750000000000e-02,-4.324776785714285615e-02,-4.171316964285714385e-02,-4.296875000000000000e-02,-4.171316964285714385e-02,-4.115513392857143155e-02,-4.227120535714285615e-02,-4.268973214285714385e-02,-4.241071428571428770e-02,-4.129464285714285615e-02,-4.185267857142856845e-02,-4.408482142857143155e-02,-4.310825892857143155e-02,-4.282924107142856845e-02,-4.324776785714285615e-02,-4.227120535714285615e-02,-4.268973214285714385e-02,-4.255022321428571230e-02,-4.296875000000000000e-02,-4.338727678571428770e-02,-4.324776785714285615e-02,-4.296875000000000000e-02,-4.282924107142856845e-02,-4.185267857142856845e-02,-4.352678571428571230e-02,-4.296875000000000000e-02,-4.268973214285714385e-02,-4.268973214285714385e-02,-4.282924107142856845e-02,-4.199218750000000000e-02,-4.213169642857143155e-02,-4.282924107142856845e-02,-4.227120535714285615e-02,-4.255022321428571230e-02,-4.227120535714285615e-02,-4.227120535714285615e-02
-2.357700892857142808e-02,-2.427455357142857192e-02,-2.413504464285714385e-02,-2.385602678571428423e-02,-2.385602678571428423e-02,-2.329799107142857192e-02,-2.427455357142857192e-02,-2.357700892857142808e-02,-2.315848214285714385e-02,-2.385602678571428423e-02,-2.357700892857142808e-02,-2.357700892857142808e-02,-2.357700892857142808e-02,-2.427455357142857192e-02,-2.329799107142857192e-02,-2.301897321428571577e-02,-2.371651785714285615e-02,-2.511160714285714385e-02,-2.469308035714285615e-02,-2.469308035714285615e-02,-2.399553571428571577e-02,-2.427455357142857192e-02,-2.427455357142857192e-02,-2.413504464285714385e-02,-2.413504464285714385e-02,-2.469308035714285615e-02,-2.455357142857142808e-02,-2.427455357142857192e-02,-2.371651785714285615e-02,-2.399553571428571577e-02,-2.455357142857142808e-02,-2.427455357142857192e-02,-2.413504464285714385e-02,-2.385602678571428423e-02,-2.385602678571428423e-02,-2.287946428571428423e-02,-2.385602678571428423e-02,-2.469308035714285615e-02,-2.399553571428571577e-02,-2.441406250000000000e-02,-2.413504464285714385e-02,-2.483258928571428423e-02
1.771763392857142808e-02,1.729910714285714385e-02,1.771763392857142808e-02,1.785714285714285615e-02,1.688058035714285615e-02,1.841517857142857192e-02,1.660156250000000000e-02,1.827566964285714385e-02,1.869419642857142808e-02,1.869419642857142808e-02,1.715959821428571577e-02,1.855468750000000000e-02,1.827566964285714385e-02,1.813616071428571577e-02,1.785714285714285615e-02,1.897321428571428423e-02,1.799665178571428423e-02,1.702008928571428423e-02,1.674107142857142808e-02,1.743861607142857192e-02,1.785714285714285615e-02,1.688058035714285615e-02,1.743861607142857192e-02,1.799665178571428423e-02,1.729910714285714385e-02,1.660156250000000000e-02,1.674107142857142808e-02,1.813616071428571577e-02,1.827566964285714385e-02,1.799665178571428423e-02,1.757812500000000000e-02,1.813616071428571577e-02,1.729910714285714385e-02,1.869419642857142808e-02,1.785714285714285615e-02,1.897321428571428423e-02,1.785714285714285615e-02,1.743861607142857192e-02,1.702008928571428423e-02,1.799665178571428423e-02,1.869419642857142808e-02,1.674107142857142808e-02
2.092633928571428509e-03,2.511160714285714472e-03,2.092633928571428509e-03,1.813616071428571491e-03,1.674107142857142764e-03,1.674107142857142764e-03,1.953125000000000000e-03,6.975446428571428726e-04,2.511160714285714472e-03,1.116071428571428509e-03,2.650669642857142981e-03,1.953125000000000000e-03,1.674107142857142764e-03,1.395089285714285745e-03,1.674107142857142764e-03,1.813616071428571491e-03,1.674107142857142764e-03,1.813616071428571491e-03,2.092633928571428509e-03,1.813616071428571491e-03,2.232142857142857019e-03,2.232142857142857019e-03,1.813616071428571491e-03,2.232142857142857019e-03,2.371651785714285528e-03,2.232142857142857019e-03,2.371651785714285528e-03,2.511160714285714472e-03,1.813616071428571491e-03,1.395089285714285745e-03,1.116071428571428509e-03,1.813616071428571491e-03,2.511160714285714472e-03,1.116071428571428509e-03,1.953125000000000000e-03,1.953125000000000000e-03,2.511160714285714472e-03,1.116071428571428509e-03,2.232142857142857019e-03,1.813616071428571491e-03,1.534598214285714255e-03,1.813616071428571491e-03
-1.448102678571428492e-01,-1.428571428571428492e-01,-1.434151785714285754e-01,-1.434151785714285754e-01,-1.424386160714285754e-01,-1.425781250000000000e-01,-1.422991071428571508e-01,-1.431361607142857262e-01,-1.417410714285714246e-01,-1.436941964285714246e-01,-1.418805803571428492e-01,-1.418805803571428492e-01,-1.434151785714285754e-01,-1.427176339285714246e-01,-1.432756696428571508e-01,-1.418805803571428492e-01,-1.418805803571428492e-01,-1.453683035714285754e-01,-1.443917410714285754e-01,-1.438337053571428492e-01,-1.452287946428571508e-01,-1.443917410714285754e-01,-1.438337053571428492e-01,-1.442522321428571508e-01,-1.436941964285714246e-01,-1.442522321428571508e-01,-1.442522321428571508e-01,-1.443917410714285754e-01,-1.443917410714285754e-01,-1.432756696428571508e-01,-1.441127232142857262e-01,-1.438337053571428492e-01,-1.431361607142857262e-01,-1.436941964285714246e-01,-1.435546875000000000e-01,-1.436941964285714246e-01,-1.432756696428571508e-01,-1.439732142857142738e-01,-1.428571428571428492e-01,-1.425781250000000000e-01,-1.429966517857142738e-01,-1.416015625000000000e-01
-3.920200892857143155e-02,-3.892299107142856845e-02,-3.962053571428571230e-02,-3.850446428571428770e-02,-3.948102678571428770e-02,-3.864397321428571230e-02,-3.962053571428571230e-02,-3.934151785714285615e-02,-3.878348214285714385e-02,-3.948102678571428770e-02,-3.892299107142856845e-02,-3.920200892857143155e-02,-3.906250000000000000e-02,-3.948102678571428770e-02,-3.976004464285714385e-02,-3.906250000000000000e-02,-3.878348214285714385e-02,-4.003906250000000000e-02,-3.976004464285714385e-02,-3.920200892857143155e-02,-3.976004464285714385e-02,-3.962053571428571230e-02,-4.003906250000000000e-02,-3.976004464285714385e-02,-3.989955357142856845e-02,-3.920200892857143155e-02,-3.976004464285714385e-02,-3.920200892857143155e-02,-3.976004464285714385e-02,-3.962053571428571230e-02,-4.003906250000000000e-02,-3.989955357142856845e-02,-3.948102678571428770e-02,-3.989955357142856845e-02,-3.934151785714285615e-02,-3.836495535714285615e-02,-3.920200892857143155e-02,-3.989955357142856845e-02,-3.892299107142856845e-02,-3.962053571428571230e-02,-3.989955357142856845e-02,-3.948102678571428770e-02
1.757812500000000000e-02,1.632254464285714385e-02,1.729910714285714385e-02,1.688058035714285615e-02,1.729910714285714385e-02,1.799665178571428423e-02,1.715959821428571577e-02,1.869419642857142808e-02,1.771763392857142808e-02,1.799665178571428423e-02,1.534598214285714211e-02,1.757812500000000000e-02,1.757812500000000000e-02,1.813616071428571577e-02,1.799665178571428423e-02,1.785714285714285615e-02,1.757812500000000000e-02,1.757812500000000000e-02,1.715959821428571577e-02,1.729910714285714385e-02,1.799665178571428423e-02,1.715959821428571577e-02,1.743861607142857192e-02,1.813616071428571577e-02,1.702008928571428423e-02,1.702008928571428423e-02,1.674107142857142808e-02,1.757812500000000000e-02,1.785714285714285615e-02,1.771763392857142808e-02,1.799665178571428423e-02,1.799665178571428423e-02,1.729910714285714385e-02,1.729910714285714385e-02,1.729910714285714385e-02,1.855468750000000000e-02,1.743861607142857192e-02,1.743861607142857192e-02,1.729910714285714385e-02,1.729910714285714385e-02,1.757812500000000000e-02,1.562500000000000000e-02
1.018415178571428596e-02,1.004464285714285789e-02,9.765625000000000000e-03,1.046316964285714211e-02,1.046316964285714211e-02,1.032366071428571404e-02,1.074218750000000000e-02,9.905133928571428076e-03,1.004464285714285789e-02,9.207589285714285962e-03,1.046316964285714211e-02,9.765625000000000000e-03,9.905133928571428076e-03,9.765625000000000000e-03,9.347098214285714038e-03,9.347098214285714038e-03,9.905133928571428076e-03,1.116071428571428596e-02,1.102120535714285789e-02,1.116071428571428596e-02,1.018415178571428596e-02,1.004464285714285789e-02,1.088169642857142808e-02,1.032366071428571404e-02,1.116071428571428596e-02,1.102120535714285789e-02,1.018415178571428596e-02,1.004464285714285789e-02,1.004464285714285789e-02,1.060267857142857192e-02,1.018415178571428596e-02,1.004464285714285789e-02,1.060267857142857192e-02,9.486607142857142114e-03,1.004464285714285789e-02,1.046316964285714211e-02,9.905133928571428076e-03,9.765625000000000000e-03,1.032366071428571404e-02,9.765625000000000000e-03,9.905133928571428076e-03,1.088169642857142808e-02
-4.910714285714285615e-02,-4.687500000000000000e-02,-4.827008928571428770e-02,-4.757254464285714385e-02,-4.673549107142856845e-02,-4.799107142857143155e-02,-4.715401785714285615e-02,-4.840959821428571230e-02,-4.827008928571428770e-02,-4.882812500000000000e-02,-4.715401785714285615e-02,-4.743303571428571230e-02,-4.868861607142856845e-02,-4.813058035714285615e-02,-4.827008928571428770e-02,-4.785156250000000000e-02,-4.757254464285714385e-02,-4.715401785714285615e-02,-4.687500000000000000e-02,-4.687500000000000000e-02,-4.827008928571428770e-02,-4.813058035714285615e-02,-4.771205357142856845e-02,-4.743303571428571230e-02,-4.799107142857143155e-02,-4.701450892857143155e-02,-4.771205357142856845e-02,-4.799107142857143155e-02,-4.827008928571428770e-02,-4.757254464285714385e-02,-4.813058035714285615e-02,-4.840959821428571230e-02,-4.673549107142856845e-02,-4.840959821428571230e-02,-4.827008928571428770e-02,-4.785156250000000000e-02,-4.813058035714285615e-02,-4.799107142857143155e-02,-4.715401785714285615e-02,-4.771205357142856845e-02,-4.827008928571428770e-02,-4.715401785714285615e-02
4.408482142857143155e-02,4.380580357142856845e-02,4.366629464285714385e-02,4.450334821428571230e-02,4.310825892857143155e-02,4.394531250000000000e-02,4.352678571428571230e-02,4.366629464285714385e-02,4.394531250000000000e-02,4.352678571428571230e-02,4.268973214285714385e-02,4.338727678571428770e-02,4.338727678571428770e-02,4.296875000000000000e-02,4.324776785714285615e-02,4.255022321428571230e-02,4.296875000000000000e-02,4.464285714285714385e-02,4.464285714285714385e-02,4.492187500000000000e-02,4.464285714285714385e-02,4.394531250000000000e-02,4.352678571428571230e-02,4.422433035714285615e-02,4.422433035714285615e-02,4.408482142857143155e-02,4.422433035714285615e-02,4.380580357142856845e-02,4.408482142857143155e-02,4.366629464285714385e-02,4.436383928571428770e-02,4.422433035714285615e-02,4.352678571428571230e-02,4.380580357142856845e-02,4.380580357142856845e-02,4.422433035714285615e-02,4.422433035714285615e-02,4.380580357142856845e-02,4.352678571428571230e-02,4.310825892857143155e-02,4.268973214285714385e-02,4.282924107142856845e-02
8.886718750000000000e-02,8.691406250000000000e-02,8.816964285714286309e-02,8.830915178571428770e-02,8.775111607142857539e-02,8.844866071428571230e-02,8.733258928571428770e-02,8.858816964285713691e-02,8.789062500000000000e-02,8.803013392857142461e-02,8.621651785714286309e-02,8.705357142857142461e-02,8.789062500000000000e-02,8.789062500000000000e-02,8.789062500000000000e-02,8.733258928571428770e-02,8.761160714285713691e-02,8.942522321428571230e-02,8.900669642857142461e-02,8.872767857142857539e-02,8.970424107142857539e-02,8.816964285714286309e-02,8.789062500000000000e-02,8.886718750000000000e-02,8.830915178571428770e-02,8.816964285714286309e-02,8.830915178571428770e-02,8.872767857142857539e-02,8.956473214285713691e-02,8.789062500000000000e-02,8.872767857142857539e-02,8.816964285714286309e-02,8.761160714285713691e-02,8.803013392857142461e-02,8.789062500000000000e-02,8.858816964285713691e-02,8.789062500000000000e-02,8.775111607142857539e-02,8.747209821428571230e-02,8.789062500000000000e-02,8.761160714285713691e-02,8.579799107142857539e-02
6.459263392857142461e-02,6.542968750000000000e-02,6.459263392857142461e-02,6.529017857142857539e-02,6.501116071428571230e-02,6.459263392857142461e-02,6.487165178571428770e-02,6.445312500000000000e-02,6.473214285714286309e-02,6.389508928571428770e-02,6.459263392857142461e-02,6.473214285714286309e-02,6.487165178571428770e-02,6.445312500000000000e-02,6.473214285714286309e-02,6.403459821428571230e-02,6.473214285714286309e-02,6.626674107142857539e-02,6.640625000000000000e-02,6.696428571428571230e-02,6.584821428571428770e-02,6.556919642857142461e-02,6.556919642857142461e-02,6.584821428571428770e-02,6.598772321428571230e-02,6.570870535714286309e-02,6.570870535714286309e-02,6.542968750000000000e-02,6.529017857142857539e-02,6.501116071428571230e-02,6.529017857142857539e-02,6.487165178571428770e-02,6.529017857142857539e-02,6.459263392857142461e-02,6.459263392857142461e-02,6.459263392857142461e-02,6.473214285714286309e-02,6.515066964285713691e-02,6.556919642857142461e-02,6.473214285714286309e-02,6.431361607142857539e-02,6.515066964285713691e-02
5.022321428571428943e-03,5.859375000000000000e-03,5.022321428571428943e-03,5.440848214285714038e-03,6.277901785714285962e-03,4.882812500000000000e-03,6.138392857142857019e-03,4.464285714285714038e-03,5.859375000000000000e-03,4.045758928571428943e-03,6.277901785714285962e-03,5.719866071428571057e-03,4.324776785714285962e-03,5.022321428571428943e-03,4.743303571428571057e-03,4.464285714285714038e-03,5.440848214285714038e-03,6.417410714285714038e-03,6.417410714285714038e-03,6.138392857142857019e-03,5.440848214285714038e-03,5.580357142857142981e-03,5.719866071428571057e-03,5.859375000000000000e-03,6.417410714285714038e-03,5.859375000000000000e-03,5.998883928571428943e-03,5.440848214285714038e-03,4.743303571428571057e-03,5.859375000000000000e-03,5.719866071428571057e-03,5.440848214285714038e-03,6.277901785714285962e-03,5.440848214285714038e-03,5.440848214285714038e-03,5.580357142857142981e-03,5.440848214285714038e-03,5.161830357142857019e-03,6.277901785714285962e-03,5.440848214285714038e-03,4.743303571428571057e-03,6.835937500000000000e-03
8.761160714285713691e-02,8.705357142857142461e-02,8.775111607142857539e-02,8.691406250000000000e-02,8.663504464285713691e-02,8.747209821428571230e-02,8.649553571428571230e-02,8.719308035714286309e-02,8.719308035714286309e-02,8.705357142857142461e-02,8.593750000000000000e-02,8.663504464285713691e-02,8.635602678571428770e-02,8.649553571428571230e-02,8.719308035714286309e-02,8.607700892857142461e-02,8.635602678571428770e-02,8.886718750000000000e-02,8.844866071428571230e-02,8.886718750000000000e-02,8.900669642857142461e-02,8.789062500000000000e-02,8.775111607142857539e-02,8.858816964285713691e-02,8.816964285714286309e-02,8.789062500000000000e-02,8.775111607142857539e-02,8.789062500000000000e-02,8.830915178571428770e-02,8.761160714285713691e-02,8.747209821428571230e-02,8.747209821428571230e-02,8.775111607142857539e-02,8.719308035714286309e-02,8.733258928571428770e-02,8.761160714285713691e-02,8.705357142857142461e-02,8.733258928571428770e-02,8.705357142857142461e-02,8.719308035714286309e-02,8.719308035714286309e-02,8.635602678571428770e-02
1.266741071428571508e-01,1.248604910714285754e-01,1.254185267857142738e-01,1.258370535714285754e-01,1.241629464285714246e-01,1.258370535714285754e-01,1.243024553571428631e-01,1.258370535714285754e-01,1.256975446428571508e-01,1.247209821428571369e-01,1.240234375000000000e-01,1.243024553571428631e-01,1.252790178571428492e-01,1.248604910714285754e-01,1.252790178571428492e-01,1.240234375000000000e-01,1.238839285714285754e-01,1.275111607142857262e-01,1.262555803571428492e-01,1.270926339285714246e-01,1.283482142857142738e-01,1.265345982142857262e-01,1.265345982142857262e-01,1.265345982142857262e-01,1.259765625000000000e-01,1.261160714285714246e-01,1.261160714285714246e-01,1.263950892857142738e-01,1.270926339285714246e-01,1.258370535714285754e-01,1.270926339285714246e-01,1.258370535714285754e-01,1.251395089285714246e-01,1.256975446428571508e-01,1.255580357142857262e-01,1.258370535714285754e-01,1.251395089285714246e-01,1.256975446428571508e-01,1.252790178571428492e-01,1.251395089285714246e-01,1.251395089285714246e-01,1.234654017857142877e-01
9.528459821428571230e-02,9.514508928571428770e-02,9.402901785714286309e-02,9.500558035714286309e-02,9.458705357142857539e-02,9.472656250000000000e-02,9.472656250000000000e-02,9.388950892857142461e-02,9.486607142857142461e-02,9.375000000000000000e-02,9.458705357142857539e-02,9.458705357142857539e-02,9.402901785714286309e-02,9.319196428571428770e-02,9.319196428571428770e-02,9.305245535714286309e-02,9.347098214285713691e-02,9.640066964285713691e-02,9.612165178571428770e-02,9.640066964285713691e-02,9.570312500000000000e-02,9.528459821428571230e-02,9.542410714285713691e-02,9.570312500000000000e-02,9.556361607142857539e-02,9.514508928571428770e-02,9.570312500000000000e-02,9.514508928571428770e-02,9.500558035714286309e-02,9.514508928571428770e-02,9.486607142857142461e-02,9.486607142857142461e-02,9.556361607142857539e-02,9.528459821428571230e-02,9.444754464285713691e-02,9.528459821428571230e-02,9.444754464285713691e-02,9.430803571428571230e-02,9.458705357142857539e-02,9.430803571428571230e-02,9.388950892857142461e-02,9.444754464285713691e-02
6.277901785714285962e-03,6.835937500000000000e-03,5.719866071428571057e-03,5.580357142857142981e-03,6.556919642857142981e-03,6.417410714285714038e-03,5.998883928571428943e-03,5.022321428571428943e-03,6.556919642857142981e-03,5.719866071428571057e-03,6.835937500000000000e-03,5.998883928571428943e-03,5.859375000000000000e-03,6.417410714285714038e-03,6.138392857142857019e-03,6.417410714285714038e-03,6.138392857142857019e-03,6.138392857142857019e-03,6.138392857142857019e-03,6.696428571428571057e-03,6.138392857142857019e-03,5.161830357142857019e-03,6.138392857142857019e-03,5.998883928571428943e-03,6.138392857142857019e-03,6.556919642857142981e-03,5.998883928571428943e-03,5.719866071428571057e-03,5.161830357142857019e-03,6.277901785714285962e-03,6.417410714285714038e-03,5.859375000000000000e-03,6.696428571428571057e-03,6.556919642857142981e-03,6.277901785714285962e-03,6.556919642857142981e-03,5.998883928571428943e-03,6.277901785714285962e-03,6.835937500000000000e-03,6.138392857142857019e-03,6.277901785714285962e-03,6.138392857142857019e-03
2.580915178571428423e-02,2.525111607142857192e-02,2.664620535714285615e-02,2.594866071428571577e-02,2.525111607142857192e-02,2.650669642857142808e-02,2.622767857142857192e-02,2.622767857142857192e-02,2.636718750000000000e-02,2.664620535714285615e-02,2.566964285714285615e-02,2.594866071428571577e-02,2.594866071428571577e-02,2.678571428571428423e-02,2.636718750000000000e-02,2.608816964285714385e-02,2.622767857142857192e-02,2.678571428571428423e-02,2.580915178571428423e-02,2.622767857142857192e-02,2.650669642857142808e-02,2.553013392857142808e-02,2.706473214285714385e-02,2.622767857142857192e-02,2.608816964285714385e-02,2.608816964285714385e-02,2.608816964285714385e-02,2.622767857142857192e-02,2.608816964285714385e-02,2.594866071428571577e-02,2.636718750000000000e-02,2.622767857142857192e-02,2.622767857142857192e-02,2.608816964285714385e-02,2.706473214285714385e-02,2.566964285714285615e-02,2.622767857142857192e-02,2.650669642857142808e-02,2.594866071428571577e-02,2.636718750000000000e-02,2.678571428571428423e-02,2.525111607142857192e-02
6.152343750000000000e-02,5.984933035714285615e-02,6.096540178571428770e-02,6.110491071428571230e-02,5.887276785714285615e-02,6.152343750000000000e-02,5.998883928571428770e-02,6.096540178571428770e-02,6.110491071428571230e-02,6.096540178571428770e-02,5.998883928571428770e-02,6.040736607142856845e-02,6.082589285714285615e-02,6.040736607142856845e-02,6.082589285714285615e-02,6.068638392857143155e-02,5.984933035714285615e-02,6.082589285714285615e-02,5.998883928571428770e-02,6.110491071428571230e-02,6.110491071428571230e-02,5.984933035714285615e-02,6.082589285714285615e-02,6.026785714285714385e-02,5.984933035714285615e-02,6.068638392857143155e-02,6.138392857142856845e-02,6.082589285714285615e-02,6.124441964285714385e-02,5.984933035714285615e-02,6.096540178571428770e-02,6.040736607142856845e-02,5.998883928571428770e-02,6.096540178571428770e-02,6.096540178571428770e-02,6.096540178571428770e-02,6.054687500000000000e-02,6.040736607142856845e-02,6.026785714285714385e-02,6.040736607142856845e-02,6.110491071428571230e-02,5.873325892857143155e-02
3.306361607142856845e-02,3.362165178571428770e-02,3.278459821428571230e-02,3.306361607142856845e-02,3.348214285714285615e-02,3.348214285714285615e-02,3.334263392857143155e-02,3.278459821428571230e-02,3.320312500000000000e-02,3.292410714285714385e-02,3.348214285714285615e-02,3.334263392857143155e-02,3.334263392857143155e-02,3.320312500000000000e-02,3.306361607142856845e-02,3.320312500000000000e-02,3.362165178571428770e-02,3.390066964285714385e-02,3.376116071428571230e-02,3.362165178571428770e-02,3.348214285714285615e-02,3.278459821428571230e-02,3.362165178571428770e-02,3.334263392857143155e-02,3.362165178571428770e-02,3.320312500000000000e-02,3.292410714285714385e-02,3.306361607142856845e-02,3.264508928571428770e-02,3.334263392857143155e-02,3.306361607142856845e-02,3.292410714285714385e-02,3.376116071428571230e-02,3.278459821428571230e-02,3.320312500000000000e-02,3.348214285714285615e-02,3.320312500000000000e-02,3.334263392857143155e-02,3.334263392857143155e-02,3.334263392857143155e-02,3.334263392857143155e-02,3.292410714285714385e-02
-9.235491071428571230e-02,-9.165736607142857539e-02,-9.333147321428571230e-02,-9.221540178571428770e-02,-9.179687500000000000e-02,-9.179687500000000000e-02,-9.068080357142857539e-02,-9.277343750000000000e-02,-9.179687500000000000e-02,-9.263392857142857539e-02,-9.026227678571428770e-02,-9.026227678571428770e-02,-9.123883928571428770e-02,-9.137834821428571230e-02,-9.123883928571428770e-02,-9.109933035714286309e-02,-9.068080357142857539e-02,-9.333147321428571230e-02,-9.263392857142857539e-02,-9.305245535714286309e-02,-9.305245535714286309e-02,-9.291294642857142461e-02,-9.277343750000000000e-02,-9.305245535714286309e-02,-9.277343750000000000e-02,-9.249441964285713691e-02,-9.249441964285713691e-02,-9.305245535714286309e-02,-9.361049107142857539e-02,-9.207589285714286309e-02,-9.319196428571428770e-02,-9.249441964285713691e-02,-9.137834821428571230e-02,-9.179687500000000000e-02,-9.249441964285713691e-02,-9.207589285714286309e-02,-9.179687500000000000e-02,-9.235491071428571230e-02,-9.137834821428571230e-02,-9.123883928571428770e-02,-9.179687500000000000e-02,-9.123883928571428770e-02
2.092633928571428509e-03,1.116071428571428509e-03,1.674107142857142764e-03,1.534598214285714255e-03,1.813616071428571491e-03,1.953125000000000000e-03,1.395089285714285745e-03,1.813616071428571491e-03,1.813616071428571491e-03,1.813616071428571491e-03,1.255580357142857236e-03,1.534598214285714255e-03,1.813616071428571491e-03,1.255580357142857236e-03,2.092633928571428509e-03,1.813616071428571491e-03,2.092633928571428509e-03,1.813616071428571491e-03,1.116071428571428509e-03,9.765625000000000000e-04,2.092633928571428509e-03,9.765625000000000000e-04,1.534598214285714255e-03,1.255580357142857236e-03,6.975446428571428726e-04,9.765625000000000000e-04,1.674107142857142764e-03,1.534598214285714255e-03,1.255580357142857236e-03,1.395089285714285745e-03,2.092633928571428509e-03,1.395089285714285745e-03,1.395089285714285745e-03,1.953125000000000000e-03,2.092633928571428509e-03,1.813616071428571491e-03,1.116071428571428509e-03,1.674107142857142764e-03,1.116071428571428509e-03,1.674107142857142764e-03,1.395089285714285745e-03,1.116071428571428509e-03
4.771205357142856845e-02,4.771205357142856845e-02,4.840959821428571230e-02,4.827008928571428770e-02,4.729352678571428770e-02,4.882812500000000000e-02,4.729352678571428770e-02,4.827008928571428770e-02,4.729352678571428770e-02,4.771205357142856845e-02,4.687500000000000000e-02,4.715401785714285615e-02,4.757254464285714385e-02,4.771205357142856845e-02,4.757254464285714385e-02,4.813058035714285615e-02,4.687500000000000000e-02,4.771205357142856845e-02,4.687500000000000000e-02,4.813058035714285615e-02,4.854910714285714385e-02,4.701450892857143155e-02,4.715401785714285615e-02,4.757254464285714385e-02,4.673549107142856845e-02,4.729352678571428770e-02,4.785156250000000000e-02,4.799107142857143155e-02,4.840959821428571230e-02,4.715401785714285615e-02,4.799107142857143155e-02,4.785156250000000000e-02,4.673549107142856845e-02,4.757254464285714385e-02,4.827008928571428770e-02,4.757254464285714385e-02,4.729352678571428770e-02,4.813058035714285615e-02,4.701450892857143155e-02,4.673549107142856845e-02,4.757254464285714385e-02,4.659598214285714385e-02
3.250558035714285615e-02,3.222656250000000000e-02,3.125000000000000000e-02,3.250558035714285615e-02,3.222656250000000000e-02,3.194754464285714385e-02,3.292410714285714385e-02,3.264508928571428770e-02,3.250558035714285615e-02,3.152901785714285615e-02,3.264508928571428770e-02,3.208705357142856845e-02,3.194754464285714385e-02,3.180803571428571230e-02,3.236607142857143155e-02,3.236607142857143155e-02,3.152901785714285615e-02,3.334263392857143155e-02,3.334263392857143155e-02,3.278459821428571230e-02,3.278459821428571230e-02,3.278459821428571230e-02,3.292410714285714385e-02,3.292410714285714385e-02,3.278459821428571230e-02,3.208705357142856845e-02,3.250558035714285615e-02,3.264508928571428770e-02,3.236607142857143155e-02,3.264508928571428770e-02,3.250558035714285615e-02,3.250558035714285615e-02,3.278459821428571230e-02,3.250558035714285615e-02,3.208705357142856845e-02,3.264508928571428770e-02,3.236607142857143155e-02,3.236607142857143155e-02,3.278459821428571230e-02,3.250558035714285615e-02,3.180803571428571230e-02,3.250558035714285615e-02
-1.079799107142857123e-01,-1.078404017857142877e-01,-1.075613839285714246e-01,-1.074218750000000000e-01,-1.071428571428571369e-01,-1.072823660714285754e-01,-1.068638392857142877e-01,-1.074218750000000000e-01,-1.070033482142857123e-01,-1.072823660714285754e-01,-1.060267857142857123e-01,-1.065848214285714246e-01,-1.063058035714285754e-01,-1.058872767857142877e-01,-1.063058035714285754e-01,-1.058872767857142877e-01,-1.061662946428571369e-01,-1.104910714285714246e-01,-1.093750000000000000e-01,-1.090959821428571369e-01,-1.093750000000000000e-01,-1.096540178571428631e-01,-1.085379464285714246e-01,-1.082589285714285754e-01,-1.093750000000000000e-01,-1.086774553571428631e-01,-1.079799107142857123e-01,-1.086774553571428631e-01,-1.077008928571428631e-01,-1.074218750000000000e-01,-1.082589285714285754e-01,-1.074218750000000000e-01,-1.074218750000000000e-01,-1.078404017857142877e-01,-1.081194196428571369e-01,-1.078404017857142877e-01,-1.075613839285714246e-01,-1.071428571428571369e-01,-1.071428571428571369e-01,-1.067243303571428631e-01,-1.068638392857142877e-01,-1.064453125000000000e-01
-8.621651785714286309e-02,-8.649553571428571230e-02,-8.635602678571428770e-02,-8.537946428571428770e-02,-8.565848214285713691e-02,-8.649553571428571230e-02,-8.649553571428571230e-02,-8.523995535714286309e-02,-8.565848214285713691e-02,-8.551897321428571230e-02,-8.523995535714286309e-02,-8.579799107142857539e-02,-8.510044642857142461e-02,-8.579799107142857539e-02,-8.537946428571428770e-02,-8.468191964285713691e-02,-8.537946428571428770e-02,-8.844866071428571230e-02,-8.844866071428571230e-02,-8.747209821428571230e-02,-8.691406250000000000e-02,-8.775111607142857539e-02,-8.803013392857142461e-02,-8.733258928571428770e-02,-8.775111607142857539e-02,-8.733258928571428770e-02,-8.621651785714286309e-02,-8.705357142857142461e-02,-8.705357142857142461e-02,-8.663504464285713691e-02,-8.635602678571428770e-02,-8.607700892857142461e-02,-8.677455357142857539e-02,-8.565848214285713691e-02,-8.621651785714286309e-02,-8.649553571428571230e-02,-8.621651785714286309e-02,-8.621651785714286309e-02,-8.510044642857142461e-02,-8.607700892857142461e-02,-8.635602678571428770e-02,-8.607700892857142461e-02
-3.222656250000000000e-02,-3.222656250000000000e-02,-3.055245535714285615e-02,-3.180803571428571230e-02,-3.250558035714285615e-02,-3.041294642857142808e-02,-3.208705357142856845e-02,-3.013392857142857192e-02,-3.083147321428571577e-02,-3.041294642857142808e-02,-3.222656250000000000e-02,-3.083147321428571577e-02,-3.152901785714285615e-02,-3.125000000000000000e-02,-3.097098214285714385e-02,-3.027343750000000000e-02,-3.125000000000000000e-02,-3.390066964285714385e-02,-3.334263392857143155e-02,-3.194754464285714385e-02,-3.236607142857143155e-02,-3.278459821428571230e-02,-3.222656250000000000e-02,-3.194754464285714385e-02,-3.306361607142856845e-02,-3.222656250000000000e-02,-3.180803571428571230e-02,-3.208705357142856845e-02,-3.041294642857142808e-02,-3.194754464285714385e-02,-3.125000000000000000e-02,-3.125000000000000000e-02,-3.292410714285714385e-02,-3.138950892857143155e-02,-3.194754464285714385e-02,-3.208705357142856845e-02,-3.152901785714285615e-02,-3.111049107142857192e-02,-3.166852678571428770e-02,-3.138950892857143155e-02,-3.152901785714285615e-02,-3.152901785714285615e-02
-3.710937500000000000e-02,-3.669084821428571230e-02,-3.794642857142856845e-02,-3.655133928571428770e-02,-3.627232142857143155e-02,-3.780691964285714385e-02,-3.613281250000000000e-02,-3.738839285714285615e-02,-3.669084821428571230e-02,-3.738839285714285615e-02,-3.669084821428571230e-02,-3.710937500000000000e-02,-3.641183035714285615e-02,-3.696986607142856845e-02,-3.710937500000000000e-02,-3.655133928571428770e-02,-3.696986607142856845e-02,-3.794642857142856845e-02,-3.724888392857143155e-02,-3.738839285714285615e-02,-3.766741071428571230e-02,-3.752790178571428770e-02,-3.780691964285714385e-02,-3.738839285714285615e-02,-3.724888392857143155e-02,-3.724888392857143155e-02,-3.752790178571428770e-02,-3.752790178571428770e-02,-3.710937500000000000e-02,-3.710937500000000000e-02,-3.780691964285714385e-02,-3.724888392857143155e-02,-3.655133928571428770e-02,-3.696986607142856845e-02,-3.780691964285714385e-02,-3.696986607142856845e-02,-3.683035714285714385e-02,-3.738839285714285615e-02,-3.627232142857143155e-02,-3.710937500000000000e-02,-3.696986607142856845e-02,-3.669084821428571230e-02
-1.693638392857142738e-01,-1.679687500000000000e-01,-1.696428571428571508e-01,-1.689453125000000000e-01,-1.672712053571428492e-01,-1.688058035714285754e-01,-1.678292410714285754e-01,-1.689453125000000000e-01,-1.683872767857142738e-01,-1.682477678571428492e-01,-1.669921875000000000e-01,-1.671316964285714246e-01,-1.662946428571428492e-01,-1.671316964285714246e-01,-1.672712053571428492e-01,-1.674107142857142738e-01,-1.665736607142857262e-01,-1.711774553571428492e-01,-1.699218750000000000e-01,-1.702008928571428492e-01,-1.707589285714285754e-01,-1.706194196428571508e-01,-1.702008928571428492e-01,-1.696428571428571508e-01,-1.697823660714285754e-01,-1.697823660714285754e-01,-1.695033482142857262e-01,-1.697823660714285754e-01,-1.699218750000000000e-01,-1.688058035714285754e-01,-1.690848214285714246e-01,-1.695033482142857262e-01,-1.672712053571428492e-01,-1.688058035714285754e-01,-1.700613839285714246e-01,-1.693638392857142738e-01,-1.681082589285714246e-01,-1.682477678571428492e-01,-1.669921875000000000e-01,-1.669921875000000000e-01,-1.679687500000000000e-01,-1.667131696428571508e-01
-5.929129464285714385e-02,-5.887276785714285615e-02,-5.887276785714285615e-02,-5.859375000000000000e-02,-5.915178571428571230e-02,-5.817522321428571230e-02,-5.901227678571428770e-02,-5.915178571428571230e-02,-5.943080357142856845e-02,-5.901227678571428770e-02,-5.929129464285714385e-02,-5.915178571428571230e-02,-5.845424107142856845e-02,-5.943080357142856845e-02,-5.859375000000000000e-02,-5.873325892857143155e-02,-5.929129464285714385e-02,-6.026785714285714385e-02,-6.012834821428571230e-02,-5.915178571428571230e-02,-5.970982142857143155e-02,-5.957031250000000000e-02,-5.970982142857143155e-02,-5.970982142857143155e-02,-6.026785714285714385e-02,-5.929129464285714385e-02,-5.943080357142856845e-02,-5.998883928571428770e-02,-5.929129464285714385e-02,-5.915178571428571230e-02,-5.901227678571428770e-02,-5.915178571428571230e-02,-5.957031250000000000e-02,-5.970982142857143155e-02,-5.943080357142856845e-02,-5.957031250000000000e-02,-5.915178571428571230e-02,-5.915178571428571230e-02,-5.859375000000000000e-02,-5.831473214285714385e-02,-5.915178571428571230e-02,-5.943080357142856845e-02
-9.765625000000000000e-04,-1.813616071428571491e-03,0.000000000000000000e+00,-9.765625000000000000e-04,-1.953125000000000000e-03,-1.395089285714285637e-04,-1.953125000000000000e-03,6.975446428571428726e-04,-1.255580357142857236e-03,5.580357142857142547e-04,-1.674107142857142764e-03,-1.395089285714285745e-03,-1.116071428571428509e-03,-9.765625000000000000e-04,-8.370535714285713821e-04,-4.185267857142856911e-04,-1.674107142857142764e-03,-1.674107142857142764e-03,-2.092633928571428509e-03,-1.395089285714285745e-03,-6.975446428571428726e-04,-1.395089285714285745e-03,-9.765625000000000000e-04,-9.765625000000000000e-04,-1.534598214285714255e-03,-1.395089285714285745e-03,-2.790178571428571274e-04,-1.534598214285714255e-03,-4.185267857142856911e-04,-4.185267857142856911e-04,-5.580357142857142547e-04,-1.116071428571428509e-03,-2.232142857142857019e-03,-4.185267857142856911e-04,-5.580357142857142547e-04,-1.534598214285714255e-03,-8.370535714285713821e-04,-2.790178571428571274e-04,-1.395089285714285745e-03,-9.765625000000000000e-04,-9.765625000000000000e-04,-1.813616071428571491e-03
-3.627232142857142981e-03,-4.185267857142857019e-03,-5.022321428571428943e-03,-4.185267857142857019e-03,-3.348214285714285528e-03,-4.882812500000000000e-03,-4.045758928571428943e-03,-5.022321428571428943e-03,-4.185267857142857019e-03,-4.743303571428571057e-03,-3.348214285714285528e-03,-5.161830357142857019e-03,-4.185267857142857019e-03,-4.324776785714285962e-03,-4.324776785714285962e-03,-4.743303571428571057e-03,-4.464285714285714038e-03,-3.906250000000000000e-03,-3.766741071428571491e-03,-3.208705357142857019e-03,-4.185267857142857019e-03,-3.766741071428571491e-03,-4.045758928571428943e-03,-4.045758928571428943e-03,-4.324776785714285962e-03,-4.045758928571428943e-03,-3.766741071428571491e-03,-4.185267857142857019e-03,-4.743303571428571057e-03,-4.045758928571428943e-03,-4.324776785714285962e-03,-4.464285714285714038e-03,-3.906250000000000000e-03,-4.324776785714285962e-03,-4.603794642857142981e-03,-4.882812500000000000e-03,-3.627232142857142981e-03,-4.324776785714285962e-03,-3.487723214285714472e-03,-4.464285714285714038e-03,-4.603794642857142981e-03,-3.906250000000000000e-03
-9.291294642857142461e-02,-9.165736607142857539e-02,-9.305245535714286309e-02,-9.333147321428571230e-02,-9.179687500000000000e-02,-9.319196428571428770e-02,-9.193638392857142461e-02,-9.277343750000000000e-02,-9.291294642857142461e-02,-9.291294642857142461e-02,-9.123883928571428770e-02,-9.207589285714286309e-02,-9.179687500000000000e-02,-9.235491071428571230e-02,-9.207589285714286309e-02,-9.193638392857142461e-02,-9.179687500000000000e-02,-9.291294642857142461e-02,-9.263392857142857539e-02,-9.235491071428571230e-02,-9.375000000000000000e-02,-9.305245535714286309e-02,-9.305245535714286309e-02,-9.263392857142857539e-02,-9.291294642857142461e-02,-9.277343750000000000e-02,-9.319196428571428770e-02,-9.291294642857142461e-02,-9.333147321428571230e-02,-9.249441964285713691e-02,-9.249441964285713691e-02,-9.333147321428571230e-02,-9.193638392857142461e-02,-9.193638392857142461e-02,-9.291294642857142461e-02,-9.291294642857142461e-02,-9.151785714285713691e-02,-9.207589285714286309e-02,-9.109933035714286309e-02,-9.082031250000000000e-02,-9.291294642857142461e-02,-9.193638392857142461e-02
3.208705357142857019e-03,3.069196428571428509e-03,2.929687500000000000e-03,3.487723214285714472e-03,2.790178571428571491e-03,3.348214285714285528e-03,2.790178571428571491e-03,3.208705357142857019e-03,2.929687500000000000e-03,2.790178571428571491e-03,3.069196428571428509e-03,3.069196428571428509e-03,3.208705357142857019e-03,2.790178571428571491e-03,2.929687500000000000e-03,2.929687500000000000e-03,2.790178571428571491e-03,3.208705357142857019e-03,2.929687500000000000e-03,4.324776785714285962e-03,3.348214285714285528e-03,3.627232142857142981e-03,3.766741071428571491e-03,2.790178571428571491e-03,3.069196428571428509e-03,3.348214285714285528e-03,3.348214285714285528e-03,3.208705357142857019e-03,3.348214285714285528e-03,3.069196428571428509e-03,3.627232142857142981e-03,3.348214285714285528e-03,2.790178571428571491e-03,2.929687500000000000e-03,3.627232142857142981e-03,3.208705357142857019e-03,2.929687500000000000e-03,3.627232142857142981e-03,2.650669642857142981e-03,2.650669642857142981e-03,2.790178571428571491e-03,2.650669642857142981e-03
5.524553571428571230e-02,5.482700892857143155e-02,5.594308035714285615e-02,5.566406250000000000e-02,5.440848214285714385e-02,5.608258928571428770e-02,5.440848214285714385e-02,5.566406250000000000e-02,5.552455357142856845e-02,5.650111607142856845e-02,5.412946428571428770e-02,5.398995535714285615e-02,5.454799107142856845e-02,5.426897321428571230e-02,5.440848214285714385e-02,5.538504464285714385e-02,5.454799107142856845e-02,5.622209821428571230e-02,5.426897321428571230e-02,5.622209821428571230e-02,5.650111607142856845e-02,5.580357142857143155e-02,5.678013392857143155e-02,5.636160714285714385e-02,5.468750000000000000e-02,5.566406250000000000e-02,5.552455357142856845e-02,5.566406250000000000e-02,5.538504464285714385e-02,5.538504464285714385e-02,5.580357142857143155e-02,5.566406250000000000e-02,5.371093750000000000e-02,5.594308035714285615e-02,5.566406250000000000e-02,5.510602678571428770e-02,5.566406250000000000e-02,5.566406250000000000e-02,5.412946428571428770e-02,5.482700892857143155e-02,5.426897321428571230e-02,5.301339285714285615e-02
3.850446428571428770e-02,3.962053571428571230e-02,3.892299107142856845e-02,3.920200892857143155e-02,3.934151785714285615e-02,3.864397321428571230e-02,3.920200892857143155e-02,3.878348214285714385e-02,3.934151785714285615e-02,3.864397321428571230e-02,3.934151785714285615e-02,3.878348214285714385e-02,3.878348214285714385e-02,3.906250000000000000e-02,3.864397321428571230e-02,3.850446428571428770e-02,3.822544642857143155e-02,3.989955357142856845e-02,4.017857142857143155e-02,4.073660714285714385e-02,3.948102678571428770e-02,4.031808035714285615e-02,3.962053571428571230e-02,4.003906250000000000e-02,3.962053571428571230e-02,3.962053571428571230e-02,3.989955357142856845e-02,3.906250000000000000e-02,3.948102678571428770e-02,4.031808035714285615e-02,3.962053571428571230e-02,3.892299107142856845e-02,3.962053571428571230e-02,3.920200892857143155e-02,3.878348214285714385e-02,3.948102678571428770e-02,3.989955357142856845e-02,3.892299107142856845e-02,3.962053571428571230e-02,3.948102678571428770e-02,3.920200892857143155e-02,3.906250000000000000e-02
-2.120535714285714385e-02,-2.092633928571428423e-02,-2.218191964285714385e-02,-2.176339285714285615e-02,-2.162388392857142808e-02,-2.246093750000000000e-02,-2.190290178571428423e-02,-2.232142857142857192e-02,-2.162388392857142808e-02,-2.190290178571428423e-02,-2.078683035714285615e-02,-2.176339285714285615e-02,-2.176339285714285615e-02,-2.162388392857142808e-02,-2.204241071428571577e-02,-2.246093750000000000e-02,-2.232142857142857192e-02,-2.106584821428571577e-02,-1.981026785714285615e-02,-2.008928571428571577e-02,-2.176339285714285615e-02,-2.092633928571428423e-02,-2.218191964285714385e-02,-2.092633928571428423e-02,-2.092633928571428423e-02,-2.134486607142857192e-02,-2.176339285714285615e-02,-2.176339285714285615e-02,-2.218191964285714385e-02,-2.134486607142857192e-02,-2.078683035714285615e-02,-2.148437500000000000e-02,-2.050781250000000000e-02,-2.106584821428571577e-02,-2.176339285714285615e-02,-2.148437500000000000e-02,-2.106584821428571577e-02,-2.148437500000000000e-02,-2.050781250000000000e-02,-2.106584821428571577e-02,-2.162388392857142808e-02,-2.190290178571428423e-02
6.501116071428571230e-02,6.487165178571428770e-02,6.501116071428571230e-02,6.431361607142857539e-02,6.459263392857142461e-02,6.501116071428571230e-02,6.403459821428571230e-02,6.459263392857142461e-02,6.515066964285713691e-02,6.473214285714286309e-02,6.459263392857142461e-02,6.459263392857142461e-02,6.375558035714286309e-02,6.333705357142857539e-02,6.403459821428571230e-02,6.431361607142857539e-02,6.347656250000000000e-02,6.570870535714286309e-02,6.487165178571428770e-02,6.668526785714286309e-02,6.556919642857142461e-02,6.612723214285713691e-02,6.542968750000000000e-02,6.584821428571428770e-02,6.529017857142857539e-02,6.515066964285713691e-02,6.556919642857142461e-02,6.556919642857142461e-02,6.598772321428571230e-02,6.556919642857142461e-02,6.459263392857142461e-02,6.501116071428571230e-02,6.459263392857142461e-02,6.487165178571428770e-02,6.501116071428571230e-02,6.529017857142857539e-02,6.501116071428571230e-02,6.473214285714286309e-02,6.417410714285713691e-02,6.445312500000000000e-02,6.445312500000000000e-02,6.389508928571428770e-02
1.070033482142857123e-01,1.058872767857142877e-01,1.068638392857142877e-01,1.061662946428571369e-01,1.051897321428571369e-01,1.065848214285714246e-01,1.057477678571428631e-01,1.065848214285714246e-01,1.061662946428571369e-01,1.063058035714285754e-01,1.043526785714285754e-01,1.046316964285714246e-01,1.049107142857142877e-01,1.054687500000000000e-01,1.049107142857142877e-01,1.064453125000000000e-01,1.051897321428571369e-01,1.077008928571428631e-01,1.063058035714285754e-01,1.077008928571428631e-01,1.078404017857142877e-01,1.075613839285714246e-01,1.068638392857142877e-01,1.078404017857142877e-01,1.065848214285714246e-01,1.074218750000000000e-01,1.074218750000000000e-01,1.071428571428571369e-01,1.071428571428571369e-01,1.067243303571428631e-01,1.068638392857142877e-01,1.067243303571428631e-01,1.050502232142857123e-01,1.058872767857142877e-01,1.068638392857142877e-01,1.065848214285714246e-01,1.060267857142857123e-01,1.067243303571428631e-01,1.046316964285714246e-01,1.047712053571428631e-01,1.053292410714285754e-01,1.035156250000000000e-01
7.924107142857142461e-02,7.910156250000000000e-02,7.938058035714286309e-02,7.910156250000000000e-02,7.924107142857142461e-02,7.910156250000000000e-02,7.896205357142857539e-02,7.882254464285713691e-02,7.952008928571428770e-02,7.840401785714286309e-02,7.798549107142857539e-02,7.826450892857142461e-02,7.826450892857142461e-02,7.826450892857142461e-02,7.798549107142857539e-02,7.756696428571428770e-02,7.868303571428571230e-02,8.063616071428571230e-02,8.049665178571428770e-02,8.091517857142857539e-02,7.965959821428571230e-02,8.007812500000000000e-02,8.021763392857142461e-02,7.979910714285713691e-02,7.979910714285713691e-02,8.021763392857142461e-02,7.993861607142857539e-02,7.938058035714286309e-02,8.021763392857142461e-02,7.952008928571428770e-02,7.924107142857142461e-02,7.924107142857142461e-02,7.979910714285713691e-02,7.924107142857142461e-02,7.896205357142857539e-02,7.924107142857142461e-02,7.952008928571428770e-02,7.910156250000000000e-02,7.952008928571428770e-02,7.924107142857142461e-02,7.924107142857142461e-02,7.882254464285713691e-02
2.092633928571428509e-03,1.534598214285714255e-03,1.395089285714285637e-04,1.116071428571428509e-03,1.674107142857142764e-03,5.580357142857142547e-04,1.116071428571428509e-03,0.000000000000000000e+00,1.953125000000000000e-03,6.975446428571428726e-04,2.092633928571428509e-03,8.370535714285713821e-04,9.765625000000000000e-04,2.790178571428571274e-04,2.790178571428571274e-04,-1.395089285714285637e-04,1.116071428571428509e-03,2.650669642857142981e-03,3.069196428571428509e-03,2.650669642857142981e-03,9.765625000000000000e-04,1.395089285714285745e-03,5.580357142857142547e-04,2.092633928571428509e-03,2.371651785714285528e-03,1.674107142857142764e-03,1.395089285714285745e-03,8.370535714285713821e-04,1.116071428571428509e-03,1.395089285714285745e-03,1.116071428571428509e-03,1.395089285714285745e-03,1.953125000000000000e-03,1.255580357142857236e-03,9.765625000000000000e-04,1.953125000000000000e-03,2.092633928571428509e-03,6.975446428571428726e-04,2.232142857142857019e-03,1.674107142857142764e-03,4.185267857142856911e-04,1.674107142857142764e-03
8.286830357142857539e-02,8.189174107142857539e-02,8.258928571428571230e-02,8.217075892857142461e-02,8.244977678571428770e-02,8.286830357142857539e-02,8.189174107142857539e-02,8.286830357142857539e-02,8.244977678571428770e-02,8.258928571428571230e-02,8.147321428571428770e-02,8.161272321428571230e-02,8.119419642857142461e-02,8.133370535714286309e-02,8.133370535714286309e-02,8.203125000000000000e-02,8.175223214285713691e-02,8.412388392857142461e-02,8.272879464285713691e-02,8.370535714285713691e-02,8.370535714285713691e-02,8.370535714285713691e-02,8.328683035714286309e-02,8.384486607142857539e-02,8.342633928571428770e-02,8.286830357142857539e-02,8.356584821428571230e-02,8.314732142857142461e-02,8.328683035714286309e-02,8.272879464285713691e-02,8.286830357142857539e-02,8.258928571428571230e-02,8.258928571428571230e-02,8.300781250000000000e-02,8.258928571428571230e-02,8.258928571428571230e-02,8.258928571428571230e-02,8.244977678571428770e-02,8.203125000000000000e-02,8.175223214285713691e-02,8.189174107142857539e-02,8.133370535714286309e-02
1.210937500000000000e-01,1.196986607142857123e-01,1.209542410714285754e-01,1.210937500000000000e-01,1.196986607142857123e-01,1.210937500000000000e-01,1.195591517857142877e-01,1.208147321428571369e-01,1.198381696428571369e-01,1.210937500000000000e-01,1.195591517857142877e-01,1.198381696428571369e-01,1.191406250000000000e-01,1.192801339285714246e-01,1.195591517857142877e-01,1.206752232142857123e-01,1.191406250000000000e-01,1.217912946428571369e-01,1.203962053571428631e-01,1.222098214285714246e-01,1.222098214285714246e-01,1.217912946428571369e-01,1.213727678571428631e-01,1.222098214285714246e-01,1.210937500000000000e-01,1.208147321428571369e-01,1.220703125000000000e-01,1.219308035714285754e-01,1.219308035714285754e-01,1.212332589285714246e-01,1.209542410714285754e-01,1.208147321428571369e-01,1.196986607142857123e-01,1.205357142857142877e-01,1.208147321428571369e-01,1.206752232142857123e-01,1.201171875000000000e-01,1.210937500000000000e-01,1.196986607142857123e-01,1.191406250000000000e-01,1.205357142857142877e-01,1.185825892857142877e-01
9.026227678571428770e-02,9.054129464285713691e-02,9.012276785714286309e-02,8.942522321428571230e-02,8.956473214285713691e-02,8.984375000000000000e-02,8.942522321428571230e-02,8.942522321428571230e-02,9.026227678571428770e-02,8.970424107142857539e-02,8.914620535714286309e-02,8.844866071428571230e-02,8.858816964285713691e-02,8.872767857142857539e-02,8.900669642857142461e-02,8.844866071428571230e-02,8.900669642857142461e-02,9.123883928571428770e-02,9.165736607142857539e-02,9.179687500000000000e-02,9.095982142857142461e-02,9.068080357142857539e-02,9.137834821428571230e-02,9.095982142857142461e-02,9.123883928571428770e-02,9.082031250000000000e-02,9.054129464285713691e-02,9.054129464285713691e-02,9.068080357142857539e-02,9.026227678571428770e-02,9.109933035714286309e-02,8.956473214285713691e-02,9.054129464285713691e-02,9.054129464285713691e-02,8.984375000000000000e-02,9.026227678571428770e-02,9.026227678571428770e-02,8.956473214285713691e-02,9.026227678571428770e-02,8.984375000000000000e-02,8.956473214285713691e-02,8.928571428571428770e-02
3.780691964285714385e-02,3.794642857142856845e-02,3.571428571428571230e-02,3.710937500000000000e-02,3.683035714285714385e-02,3.669084821428571230e-02,3.710937500000000000e-02,3.585379464285714385e-02,3.710937500000000000e-02,3.599330357142856845e-02,3.808593750000000000e-02,3.696986607142856845e-02,3.683035714285714385e-02,3.571428571428571230e-02,3.641183035714285615e-02,3.543526785714285615e-02,3.655133928571428770e-02,3.892299107142856845e-02,3.906250000000000000e-02,3.934151785714285615e-02,3.752790178571428770e-02,3.738839285714285615e-02,3.683035714285714385e-02,3.794642857142856845e-02,3.822544642857143155e-02,3.808593750000000000e-02,3.752790178571428770e-02,3.724888392857143155e-02,3.641183035714285615e-02,3.710937500000000000e-02,3.738839285714285615e-02,3.669084821428571230e-02,3.822544642857143155e-02,3.669084821428571230e-02,3.696986607142856845e-02,3.724888392857143155e-02,3.780691964285714385e-02,3.696986607142856845e-02,3.850446428571428770e-02,3.710937500000000000e-02,3.683035714285714385e-02,3.766741071428571230e-02
1.138392857142857123e-01,1.131417410714285754e-01,1.135602678571428631e-01,1.127232142857142877e-01,1.132812500000000000e-01,1.125837053571428631e-01,1.124441964285714246e-01,1.124441964285714246e-01,1.127232142857142877e-01,1.132812500000000000e-01,1.121651785714285754e-01,1.123046875000000000e-01,1.117466517857142877e-01,1.117466517857142877e-01,1.123046875000000000e-01,1.124441964285714246e-01,1.117466517857142877e-01,1.153738839285714246e-01,1.148158482142857123e-01,1.148158482142857123e-01,1.152343750000000000e-01,1.143973214285714246e-01,1.142578125000000000e-01,1.146763392857142877e-01,1.142578125000000000e-01,1.138392857142857123e-01,1.146763392857142877e-01,1.143973214285714246e-01,1.142578125000000000e-01,1.132812500000000000e-01,1.136997767857142877e-01,1.136997767857142877e-01,1.131417410714285754e-01,1.131417410714285754e-01,1.134207589285714246e-01,1.136997767857142877e-01,1.132812500000000000e-01,1.134207589285714246e-01,1.128627232142857123e-01,1.124441964285714246e-01,1.124441964285714246e-01,1.114676339285714246e-01
1.485770089285714246e-01,1.478794642857142738e-01,1.489955357142857262e-01,1.485770089285714246e-01,1.476004464285714246e-01,1.485770089285714246e-01,1.476004464285714246e-01,1.478794642857142738e-01,1.474609375000000000e-01,1.481584821428571508e-01,1.470424107142857262e-01,1.477399553571428492e-01,1.464843750000000000e-01,1.473214285714285754e-01,1.471819196428571508e-01,1.477399553571428492e-01,1.469029017857142738e-01,1.498325892857142738e-01,1.487165178571428492e-01,1.496930803571428492e-01,1.502511160714285754e-01,1.494140625000000000e-01,1.501116071428571508e-01,1.496930803571428492e-01,1.491350446428571508e-01,1.488560267857142738e-01,1.499720982142857262e-01,1.495535714285714246e-01,1.489955357142857262e-01,1.480189732142857262e-01,1.476004464285714246e-01,1.489955357142857262e-01,1.474609375000000000e-01,1.480189732142857262e-01,1.480189732142857262e-01,1.480189732142857262e-01,1.470424107142857262e-01,1.473214285714285754e-01,1.476004464285714246e-01,1.462053571428571508e-01,1.477399553571428492e-01,1.470424107142857262e-01
1.120256696428571369e-01,1.118861607142857123e-01,1.111886160714285754e-01,1.111886160714285754e-01,1.118861607142857123e-01,1.111886160714285754e-01,1.111886160714285754e-01,1.104910714285714246e-01,1.113281250000000000e-01,1.109095982142857123e-01,1.113281250000000000e-01,1.102120535714285754e-01,1.104910714285714246e-01,1.102120535714285754e-01,1.100725446428571369e-01,1.103515625000000000e-01,1.104910714285714246e-01,1.134207589285714246e-01,1.136997767857142877e-01,1.135602678571428631e-01,1.130022321428571369e-01,1.127232142857142877e-01,1.127232142857142877e-01,1.125837053571428631e-01,1.130022321428571369e-01,1.127232142857142877e-01,1.120256696428571369e-01,1.125837053571428631e-01,1.124441964285714246e-01,1.118861607142857123e-01,1.120256696428571369e-01,1.113281250000000000e-01,1.124441964285714246e-01,1.114676339285714246e-01,1.118861607142857123e-01,1.113281250000000000e-01,1.118861607142857123e-01,1.107700892857142877e-01,1.118861607142857123e-01,1.109095982142857123e-01,1.111886160714285754e-01,1.109095982142857123e-01
5.580357142857142981e-03,6.138392857142857019e-03,6.138392857142857019e-03,5.859375000000000000e-03,5.859375000000000000e-03,5.998883928571428943e-03,5.719866071428571057e-03,5.719866071428571057e-03,6.696428571428571057e-03,5.580357142857142981e-03,6.975446428571428943e-03,6.277901785714285962e-03,5.998883928571428943e-03,5.859375000000000000e-03,6.138392857142857019e-03,6.556919642857142981e-03,6.277901785714285962e-03,5.440848214285714038e-03,5.859375000000000000e-03,6.138392857142857019e-03,6.138392857142857019e-03,5.859375000000000000e-03,6.417410714285714038e-03,6.417410714285714038e-03,6.696428571428571057e-03,5.580357142857142981e-03,5.719866071428571057e-03,6.277901785714285962e-03,5.998883928571428943e-03,6.138392857142857019e-03,5.859375000000000000e-03,5.998883928571428943e-03,6.696428571428571057e-03,5.719866071428571057e-03,7.114955357142857019e-03,5.998883928571428943e-03,5.859375000000000000e-03,5.998883928571428943e-03,5.998883928571428943e-03,5.580357142857142981e-03,6.417410714285714038e-03,6.975446428571428943e-03
2.287946428571428423e-02,2.232142857142857192e-02,2.232142857142857192e-02,2.301897321428571577e-02,2.315848214285714385e-02,2.287946428571428423e-02,2.246093750000000000e-02,2.287946428571428423e-02,2.287946428571428423e-02,2.232142857142857192e-02,2.287946428571428423e-02,2.301897321428571577e-02,2.232142857142857192e-02,2.315848214285714385e-02,2.301897321428571577e-02,2.329799107142857192e-02,2.246093750000000000e-02,2.176339285714285615e-02,2.176339285714285615e-02,2.246093750000000000e-02,2.301897321428571577e-02,2.260044642857142808e-02,2.246093750000000000e-02,2.260044642857142808e-02,2.246093750000000000e-02,2.218191964285714385e-02,2.273995535714285615e-02,2.260044642857142808e-02,2.246093750000000000e-02,2.260044642857142808e-02,2.287946428571428423e-02,2.204241071428571577e-02,2.204241071428571577e-02,2.232142857142857192e-02,2.273995535714285615e-02,2.315848214285714385e-02,2.232142857142857192e-02,2.232142857142857192e-02,2.204241071428571577e-02,2.218191964285714385e-02,2.260044642857142808e-02,2.176339285714285615e-02
5.245535714285714385e-02,5.371093750000000000e-02,5.426897321428571230e-02,5.329241071428571230e-02,5.287388392857143155e-02,5.440848214285714385e-02,5.329241071428571230e-02,5.357142857142856845e-02,5.412946428571428770e-02,5.412946428571428770e-02,5.287388392857143155e-02,5.426897321428571230e-02,5.287388392857143155e-02,5.371093750000000000e-02,5.315290178571428770e-02,5.482700892857143155e-02,5.440848214285714385e-02,5.301339285714285615e-02,5.273437500000000000e-02,5.357142857142856845e-02,5.398995535714285615e-02,5.371093750000000000e-02,5.412946428571428770e-02,5.412946428571428770e-02,5.273437500000000000e-02,5.301339285714285615e-02,5.440848214285714385e-02,5.412946428571428770e-02,5.398995535714285615e-02,5.357142857142856845e-02,5.287388392857143155e-02,5.385044642857143155e-02,5.245535714285714385e-02,5.398995535714285615e-02,5.468750000000000000e-02,5.329241071428571230e-02,5.259486607142856845e-02,5.343191964285714385e-02,5.175781250000000000e-02,5.259486607142856845e-02,5.301339285714285615e-02,5.357142857142856845e-02
2.762276785714285615e-02,2.678571428571428423e-02,2.664620535714285615e-02,2.692522321428571577e-02,2.594866071428571577e-02,2.622767857142857192e-02,2.608816964285714385e-02,2.539062500000000000e-02,2.734375000000000000e-02,2.580915178571428423e-02,2.692522321428571577e-02,2.566964285714285615e-02,2.622767857142857192e-02,2.650669642857142808e-02,2.594866071428571577e-02,2.580915178571428423e-02,2.594866071428571577e-02,2.664620535714285615e-02,2.636718750000000000e-02,2.678571428571428423e-02,2.706473214285714385e-02,2.664620535714285615e-02,2.636718750000000000e-02,2.636718750000000000e-02,2.692522321428571577e-02,2.622767857142857192e-02,2.580915178571428423e-02,2.608816964285714385e-02,2.594866071428571577e-02,2.622767857142857192e-02,2.566964285714285615e-02,2.636718750000000000e-02,2.678571428571428423e-02,2.636718750000000000e-02,2.650669642857142808e-02,2.692522321428571577e-02,2.748325892857142808e-02,2.594866071428571577e-02,2.664620535714285615e-02,2.594866071428571577e-02,2.622767857142857192e-02,2.594866071428571577e-02
-1.123046875000000000e-01,-1.104910714285714246e-01,-1.120256696428571369e-01,-1.103515625000000000e-01,-1.106305803571428631e-01,-1.110491071428571369e-01,-1.100725446428571369e-01,-1.116071428571428631e-01,-1.099330357142857123e-01,-1.116071428571428631e-01,-1.099330357142857123e-01,-1.090959821428571369e-01,-1.097935267857142877e-01,-1.096540178571428631e-01,-1.097935267857142877e-01,-1.100725446428571369e-01,-1.095145089285714246e-01,-1.124441964285714246e-01,-1.107700892857142877e-01,-1.118861607142857123e-01,-1.128627232142857123e-01,-1.125837053571428631e-01,-1.117466517857142877e-01,-1.116071428571428631e-01,-1.109095982142857123e-01,-1.116071428571428631e-01,-1.120256696428571369e-01,-1.113281250000000000e-01,-1.113281250000000000e-01,-1.113281250000000000e-01,-1.111886160714285754e-01,-1.111886160714285754e-01,-1.100725446428571369e-01,-1.113281250000000000e-01,-1.107700892857142877e-01,-1.110491071428571369e-01,-1.097935267857142877e-01,-1.111886160714285754e-01,-1.095145089285714246e-01,-1.095145089285714246e-01,-1.099330357142857123e-01,-1.092354910714285754e-01
-1.632254464285714385e-02,-1.492745535714285789e-02,-1.492745535714285789e-02,-1.478794642857142808e-02,-1.548549107142857192e-02,-1.464843750000000000e-02,-1.576450892857142808e-02,-1.646205357142857192e-02,-1.506696428571428596e-02,-1.576450892857142808e-02,-1.520647321428571404e-02,-1.534598214285714211e-02,-1.562500000000000000e-02,-1.590401785714285615e-02,-1.576450892857142808e-02,-1.492745535714285789e-02,-1.506696428571428596e-02,-1.576450892857142808e-02,-1.604352678571428423e-02,-1.548549107142857192e-02,-1.618303571428571577e-02,-1.590401785714285615e-02,-1.576450892857142808e-02,-1.562500000000000000e-02,-1.632254464285714385e-02,-1.576450892857142808e-02,-1.562500000000000000e-02,-1.618303571428571577e-02,-1.548549107142857192e-02,-1.618303571428571577e-02,-1.576450892857142808e-02,-1.590401785714285615e-02,-1.604352678571428423e-02,-1.604352678571428423e-02,-1.506696428571428596e-02,-1.534598214285714211e-02,-1.576450892857142808e-02,-1.632254464285714385e-02,-1.576450892857142808e-02,-1.646205357142857192e-02,-1.534598214285714211e-02,-1.562500000000000000e-02
3.362165178571428770e-02,3.473772321428571230e-02,3.571428571428571230e-02,3.445870535714285615e-02,3.431919642857143155e-02,3.571428571428571230e-02,3.473772321428571230e-02,3.515625000000000000e-02,3.459821428571428770e-02,3.501674107142856845e-02,3.376116071428571230e-02,3.445870535714285615e-02,3.362165178571428770e-02,3.459821428571428770e-02,3.404017857142856845e-02,3.529575892857143155e-02,3.459821428571428770e-02,3.459821428571428770e-02,3.348214285714285615e-02,3.404017857142856845e-02,3.515625000000000000e-02,3.390066964285714385e-02,3.515625000000000000e-02,3.515625000000000000e-02,3.431919642857143155e-02,3.431919642857143155e-02,3.487723214285714385e-02,3.404017857142856845e-02,3.487723214285714385e-02,3.376116071428571230e-02,3.431919642857143155e-02,3.404017857142856845e-02,3.362165178571428770e-02,3.417968750000000000e-02,3.529575892857143155e-02,3.473772321428571230e-02,3.264508928571428770e-02,3.404017857142856845e-02,3.306361607142856845e-02,3.404017857142856845e-02,3.473772321428571230e-02,3.362165178571428770e-02
2.134486607142857192e-02,2.064732142857142808e-02,2.022879464285714385e-02,2.120535714285714385e-02,2.106584821428571577e-02,2.064732142857142808e-02,2.092633928571428423e-02,2.050781250000000000e-02,2.134486607142857192e-02,2.050781250000000000e-02,2.050781250000000000e-02,2.092633928571428423e-02,2.078683035714285615e-02,2.022879464285714385e-02,2.008928571428571577e-02,1.981026785714285615e-02,2.008928571428571577e-02,2.120535714285714385e-02,2.134486607142857192e-02,2.148437500000000000e-02,2.106584821428571577e-02,2.064732142857142808e-02,2.106584821428571577e-02,2.078683035714285615e-02,2.120535714285714385e-02,2.106584821428571577e-02,2.064732142857142808e-02,2.092633928571428423e-02,2.050781250000000000e-02,2.050781250000000000e-02,2.106584821428571577e-02,2.092633928571428423e-02,2.064732142857142808e-02,1.994977678571428423e-02,2.064732142857142808e-02,2.064732142857142808e-02,2.064732142857142808e-02,1.981026785714285615e-02,2.162388392857142808e-02,2.148437500000000000e-02,2.036830357142857192e-02,2.064732142857142808e-02
-7.631138392857142461e-02,-7.547433035714286309e-02,-7.589285714285713691e-02,-7.561383928571428770e-02,-7.533482142857142461e-02,-7.533482142857142461e-02,-7.505580357142857539e-02,-7.561383928571428770e-02,-7.449776785714286309e-02,-7.561383928571428770e-02,-7.505580357142857539e-02,-7.477678571428571230e-02,-7.505580357142857539e-02,-7.449776785714286309e-02,-7.505580357142857539e-02,-7.435825892857142461e-02,-7.449776785714286309e-02,-7.672991071428571230e-02,-7.672991071428571230e-02,-7.742745535714286309e-02,-7.700892857142857539e-02,-7.700892857142857539e-02,-7.686941964285713691e-02,-7.617187500000000000e-02,-7.659040178571428770e-02,-7.603236607142857539e-02,-7.659040178571428770e-02,-7.603236607142857539e-02,-7.700892857142857539e-02,-7.617187500000000000e-02,-7.589285714285713691e-02,-7.659040178571428770e-02,-7.491629464285713691e-02,-7.603236607142857539e-02,-7.505580357142857539e-02,-7.561383928571428770e-02,-7.575334821428571230e-02,-7.603236607142857539e-02,-7.463727678571428770e-02,-7.477678571428571230e-02,-7.491629464285713691e-02,-7.477678571428571230e-02
-4.729352678571428770e-02,-4.673549107142856845e-02,-4.645647321428571230e-02,-4.575892857142856845e-02,-4.687500000000000000e-02,-4.575892857142856845e-02,-4.645647321428571230e-02,-4.589843750000000000e-02,-4.561941964285714385e-02,-4.617745535714285615e-02,-4.575892857142856845e-02,-4.603794642857143155e-02,-4.603794642857143155e-02,-4.561941964285714385e-02,-4.534040178571428770e-02,-4.506138392857143155e-02,-4.506138392857143155e-02,-4.785156250000000000e-02,-4.729352678571428770e-02,-4.715401785714285615e-02,-4.701450892857143155e-02,-4.757254464285714385e-02,-4.757254464285714385e-02,-4.715401785714285615e-02,-4.785156250000000000e-02,-4.743303571428571230e-02,-4.687500000000000000e-02,-4.715401785714285615e-02,-4.645647321428571230e-02,-4.757254464285714385e-02,-4.701450892857143155e-02,-4.659598214285714385e-02,-4.687500000000000000e-02,-4.645647321428571230e-02,-4.673549107142856845e-02,-4.645647321428571230e-02,-4.645647321428571230e-02,-4.659598214285714385e-02,-4.617745535714285615e-02,-4.603794642857143155e-02,-4.631696428571428770e-02,-4.520089285714285615e-02
-3.906250000000000000e-03,-3.348214285714285528e-03,-2.092633928571428509e-03,-2.092633928571428509e-03,-3.069196428571428509e-03,-1.813616071428571491e-03,-3.069196428571428509e-03,-1.953125000000000000e-03,-2.790178571428571491e-03,-2.232142857142857019e-03,-2.929687500000000000e-03,-3.208705357142857019e-03,-3.069196428571428509e-03,-2.511160714285714472e-03,-2.929687500000000000e-03,-1.534598214285714255e-03,-1.813616071428571491e-03,-4.185267857142857019e-03,-3.766741071428571491e-03,-3.627232142857142981e-03,-2.511160714285714472e-03,-4.324776785714285962e-03,-4.185267857142857019e-03,-3.069196428571428509e-03,-4.045758928571428943e-03,-3.208705357142857019e-03,-2.650669642857142981e-03,-3.069196428571428509e-03,-2.790178571428571491e-03,-3.906250000000000000e-03,-2.790178571428571491e-03,-3.766741071428571491e-03,-3.766741071428571491e-03,-2.929687500000000000e-03,-2.511160714285714472e-03,-2.790178571428571491e-03,-4.324776785714285962e-03,-2.511160714285714472e-03,-3.487723214285714472e-03,-3.208705357142857019e-03,-2.790178571428571491e-03,-3.348214285714285528e-03
-1.953125000000000000e-02,-1.897321428571428423e-02,-1.953125000000000000e-02,-1.785714285714285615e-02,-1.897321428571428423e-02,-1.939174107142857192e-02,-1.911272321428571577e-02,-1.925223214285714385e-02,-1.813616071428571577e-02,-1.981026785714285615e-02,-1.799665178571428423e-02,-1.799665178571428423e-02,-1.855468750000000000e-02,-1.897321428571428423e-02,-1.855468750000000000e-02,-1.939174107142857192e-02,-1.869419642857142808e-02,-1.967075892857142808e-02,-1.939174107142857192e-02,-1.911272321428571577e-02,-1.981026785714285615e-02,-1.967075892857142808e-02,-1.953125000000000000e-02,-1.925223214285714385e-02,-1.897321428571428423e-02,-1.897321428571428423e-02,-1.939174107142857192e-02,-1.883370535714285615e-02,-1.925223214285714385e-02,-1.897321428571428423e-02,-1.925223214285714385e-02,-1.855468750000000000e-02,-1.869419642857142808e-02,-1.897321428571428423e-02,-1.953125000000000000e-02,-1.911272321428571577e-02,-1.883370535714285615e-02,-1.855468750000000000e-02,-1.757812500000000000e-02,-1.827566964285714385e-02,-1.925223214285714385e-02,-1.855468750000000000e-02
-1.252790178571428492e-01,-1.256975446428571508e-01,-1.268136160714285754e-01,-1.255580357142857262e-01,-1.250000000000000000e-01,-1.261160714285714246e-01,-1.247209821428571369e-01,-1.259765625000000000e-01,-1.240234375000000000e-01,-1.258370535714285754e-01,-1.243024553571428631e-01,-1.248604910714285754e-01,-1.237444196428571369e-01,-1.243024553571428631e-01,-1.241629464285714246e-01,-1.247209821428571369e-01,-1.244419642857142877e-01,-1.273716517857142738e-01,-1.256975446428571508e-01,-1.262555803571428492e-01,-1.268136160714285754e-01,-1.275111607142857262e-01,-1.270926339285714246e-01,-1.262555803571428492e-01,-1.256975446428571508e-01,-1.270926339285714246e-01,-1.270926339285714246e-01,-1.256975446428571508e-01,-1.266741071428571508e-01,-1.258370535714285754e-01,-1.255580357142857262e-01,-1.258370535714285754e-01,-1.247209821428571369e-01,-1.259765625000000000e-01,-1.261160714285714246e-01,-1.251395089285714246e-01,-1.245814732142857123e-01,-1.256975446428571508e-01,-1.233258928571428631e-01,-1.241629464285714246e-01,-1.252790178571428492e-01,-1.250000000000000000e-01
-2.343750000000000000e-02,-2.385602678571428423e-02,-2.273995535714285615e-02,-2.246093750000000000e-02,-2.371651785714285615e-02,-2.287946428571428423e-02,-2.273995535714285615e-02,-2.315848214285714385e-02,-2.232142857142857192e-02,-2.301897321428571577e-02,-2.301897321428571577e-02,-2.190290178571428423e-02,-2.357700892857142808e-02,-2.301897321428571577e-02,-2.287946428571428423e-02,-2.273995535714285615e-02,-2.301897321428571577e-02,-2.413504464285714385e-02,-2.329799107142857192e-02,-2.301897321428571577e-02,-2.343750000000000000e-02,-2.329799107142857192e-02,-2.343750000000000000e-02,-2.385602678571428423e-02,-2.329799107142857192e-02,-2.343750000000000000e-02,-2.301897321428571577e-02,-2.315848214285714385e-02,-2.273995535714285615e-02,-2.329799107142857192e-02,-2.329799107142857192e-02,-2.315848214285714385e-02,-2.343750000000000000e-02,-2.273995535714285615e-02,-2.315848214285714385e-02,-2.329799107142857192e-02,-2.371651785714285615e-02,-2.273995535714285615e-02,-2.343750000000000000e-02,-2.343750000000000000e-02,-2.329799107142857192e-02,-2.273995535714285615e-02
2.664620535714285615e-02,2.594866071428571577e-02,2.678571428571428423e-02,2.734375000000000000e-02,2.553013392857142808e-02,2.706473214285714385e-02,2.580915178571428423e-02,2.650669642857142808e-02,2.678571428571428423e-02,2.692522321428571577e-02,2.650669642857142808e-02,2.580915178571428423e-02,2.650669642857142808e-02,2.636718750000000000e-02,2.692522321428571577e-02,2.678571428571428423e-02,2.608816964285714385e-02,2.650669642857142808e-02,2.553013392857142808e-02,2.664620535714285615e-02,2.678571428571428423e-02,2.636718750000000000e-02,2.594866071428571577e-02,2.678571428571428423e-02,2.608816964285714385e-02,2.692522321428571577e-02,2.706473214285714385e-02,2.678571428571428423e-02,2.706473214285714385e-02,2.580915178571428423e-02,2.650669642857142808e-02,2.553013392857142808e-02,2.539062500000000000e-02,2.622767857142857192e-02,2.650669642857142808e-02,2.692522321428571577e-02,2.511160714285714385e-02,2.594866071428571577e-02,2.566964285714285615e-02,2.580915178571428423e-02,2.622767857142857192e-02,2.539062500000000000e-02
1.450892857142857192e-02,1.464843750000000000e-02,1.450892857142857192e-02,1.422991071428571404e-02,1.464843750000000000e-02,1.436941964285714211e-02,1.478794642857142808e-02,1.422991071428571404e-02,1.492745535714285789e-02,1.436941964285714211e-02,1.436941964285714211e-02,1.492745535714285789e-02,1.492745535714285789e-02,1.450892857142857192e-02,1.409040178571428596e-02,1.381138392857142808e-02,1.436941964285714211e-02,1.506696428571428596e-02,1.520647321428571404e-02,1.548549107142857192e-02,1.506696428571428596e-02,1.450892857142857192e-02,1.478794642857142808e-02,1.492745535714285789e-02,1.478794642857142808e-02,1.450892857142857192e-02,1.450892857142857192e-02,1.506696428571428596e-02,1.492745535714285789e-02,1.492745535714285789e-02,1.436941964285714211e-02,1.520647321428571404e-02,1.478794642857142808e-02,1.478794642857142808e-02,1.409040178571428596e-02,1.464843750000000000e-02,1.436941964285714211e-02,1.436941964285714211e-02,1.506696428571428596e-02,1.478794642857142808e-02,1.506696428571428596e-02,1.464843750000000000e-02
-7.993861607142857539e-02,-8.035714285714286309e-02,-8.133370535714286309e-02,-8.105468750000000000e-02,-7.979910714285713691e-02,-8.091517857142857539e-02,-8.021763392857142461e-02,-8.175223214285713691e-02,-8.035714285714286309e-02,-8.175223214285713691e-02,-7.938058035714286309e-02,-8.063616071428571230e-02,-7.952008928571428770e-02,-8.007812500000000000e-02,-8.021763392857142461e-02,-8.091517857142857539e-02,-8.063616071428571230e-02,-8.091517857142857539e-02,-8.049665178571428770e-02,-8.049665178571428770e-02,-8.133370535714286309e-02,-8.147321428571428770e-02,-8.147321428571428770e-02,-8.119419642857142461e-02,-8.063616071428571230e-02,-8.119419642857142461e-02,-8.161272321428571230e-02,-8.091517857142857539e-02,-8.161272321428571230e-02,-8.049665178571428770e-02,-8.077566964285713691e-02,-8.077566964285713691e-02,-7.993861607142857539e-02,-8.077566964285713691e-02,-8.063616071428571230e-02,-8.035714285714286309e-02,-7.993861607142857539e-02,-8.091517857142857539e-02,-7.938058035714286309e-02,-7.993861607142857539e-02,-8.091517857142857539e-02,-8.049665178571428770e-02
1.116071428571428596e-02,1.102120535714285789e-02,1.213727678571428596e-02,1.088169642857142808e-02,1.143973214285714211e-02,1.171875000000000000e-02,1.143973214285714211e-02,1.185825892857142808e-02,1.213727678571428596e-02,1.199776785714285789e-02,1.074218750000000000e-02,1.102120535714285789e-02,1.116071428571428596e-02,1.130022321428571404e-02,1.143973214285714211e-02,1.102120535714285789e-02,1.116071428571428596e-02,1.171875000000000000e-02,1.171875000000000000e-02,1.199776785714285789e-02,1.255580357142857192e-02,1.185825892857142808e-02,1.185825892857142808e-02,1.185825892857142808e-02,1.130022321428571404e-02,1.143973214285714211e-02,1.227678571428571404e-02,1.130022321428571404e-02,1.185825892857142808e-02,1.116071428571428596e-02,1.171875000000000000e-02,1.157924107142857192e-02,1.102120535714285789e-02,1.199776785714285789e-02,1.143973214285714211e-02,1.130022321428571404e-02,1.074218750000000000e-02,1.130022321428571404e-02,1.130022321428571404e-02,1.143973214285714211e-02,1.171875000000000000e-02,1.074218750000000000e-02
5.817522321428571230e-02,5.691964285714285615e-02,5.761718750000000000e-02,5.803571428571428770e-02,5.691964285714285615e-02,5.845424107142856845e-02,5.719866071428571230e-02,5.761718750000000000e-02,5.719866071428571230e-02,5.789620535714285615e-02,5.761718750000000000e-02,5.650111607142856845e-02,5.664062500000000000e-02,5.691964285714285615e-02,5.733816964285714385e-02,5.733816964285714385e-02,5.664062500000000000e-02,5.859375000000000000e-02,5.747767857142856845e-02,5.789620535714285615e-02,5.887276785714285615e-02,5.789620535714285615e-02,5.803571428571428770e-02,5.775669642857143155e-02,5.705915178571428770e-02,5.845424107142856845e-02,5.887276785714285615e-02,5.719866071428571230e-02,5.817522321428571230e-02,5.636160714285714385e-02,5.817522321428571230e-02,5.747767857142856845e-02,5.650111607142856845e-02,5.761718750000000000e-02,5.803571428571428770e-02,5.817522321428571230e-02,5.566406250000000000e-02,5.789620535714285615e-02,5.650111607142856845e-02,5.705915178571428770e-02,5.733816964285714385e-02,5.622209821428571230e-02
3.906250000000000000e-02,3.948102678571428770e-02,3.878348214285714385e-02,3.906250000000000000e-02,3.920200892857143155e-02,3.976004464285714385e-02,3.920200892857143155e-02,3.850446428571428770e-02,3.906250000000000000e-02,3.878348214285714385e-02,3.850446428571428770e-02,3.920200892857143155e-02,3.920200892857143155e-02,3.850446428571428770e-02,3.892299107142856845e-02,3.808593750000000000e-02,3.780691964285714385e-02,4.031808035714285615e-02,3.989955357142856845e-02,4.045758928571428770e-02,4.017857142857143155e-02,3.948102678571428770e-02,3.989955357142856845e-02,3.976004464285714385e-02,4.031808035714285615e-02,3.934151785714285615e-02,3.934151785714285615e-02,3.934151785714285615e-02,3.948102678571428770e-02,3.962053571428571230e-02,3.976004464285714385e-02,3.878348214285714385e-02,3.892299107142856845e-02,3.878348214285714385e-02,3.878348214285714385e-02,3.934151785714285615e-02,3.976004464285714385e-02,3.864397321428571230e-02,3.920200892857143155e-02,3.962053571428571230e-02,3.864397321428571230e-02,3.850446428571428770e-02
-5.133928571428571230e-02,-5.203683035714285615e-02,-5.315290178571428770e-02,-5.203683035714285615e-02,-5.189732142857143155e-02,-5.217633928571428770e-02,-5.217633928571428770e-02,-5.273437500000000000e-02,-5.133928571428571230e-02,-5.259486607142856845e-02,-5.078125000000000000e-02,-5.189732142857143155e-02,-5.133928571428571230e-02,-5.217633928571428770e-02,-5.147879464285714385e-02,-5.245535714285714385e-02,-5.119977678571428770e-02,-5.175781250000000000e-02,-5.147879464285714385e-02,-5.217633928571428770e-02,-5.245535714285714385e-02,-5.231584821428571230e-02,-5.245535714285714385e-02,-5.217633928571428770e-02,-5.217633928571428770e-02,-5.161830357142856845e-02,-5.259486607142856845e-02,-5.231584821428571230e-02,-5.259486607142856845e-02,-5.064174107142856845e-02,-5.203683035714285615e-02,-5.147879464285714385e-02,-5.092075892857143155e-02,-5.189732142857143155e-02,-5.189732142857143155e-02,-5.189732142857143155e-02,-5.119977678571428770e-02,-5.203683035714285615e-02,-5.106026785714285615e-02,-5.203683035714285615e-02,-5.189732142857143155e-02,-5.119977678571428770e-02
3.348214285714285615e-02,3.362165178571428770e-02,3.417968750000000000e-02,3.362165178571428770e-02,3.390066964285714385e-02,3.417968750000000000e-02,3.390066964285714385e-02,3.390066964285714385e-02,3.362165178571428770e-02,3.376116071428571230e-02,3.334263392857143155e-02,3.320312500000000000e-02,3.348214285714285615e-02,3.348214285714285615e-02,3.376116071428571230e-02,3.306361607142856845e-02,3.292410714285714385e-02,3.515625000000000000e-02,3.445870535714285615e-02,3.445870535714285615e-02,3.487723214285714385e-02,3.473772321428571230e-02,3.431919642857143155e-02,3.431919642857143155e-02,3.376116071428571230e-02,3.417968750000000000e-02,3.431919642857143155e-02,3.404017857142856845e-02,3.390066964285714385e-02,3.417968750000000000e-02,3.417968750000000000e-02,3.445870535714285615e-02,3.348214285714285615e-02,3.459821428571428770e-02,3.445870535714285615e-02,3.390066964285714385e-02,3.348214285714285615e-02,3.404017857142856845e-02,3.362165178571428770e-02,3.376116071428571230e-02,3.306361607142856845e-02,3.278459821428571230e-02
7.910156250000000000e-02,7.868303571428571230e-02,7.965959821428571230e-02,7.952008928571428770e-02,7.896205357142857539e-02,7.938058035714286309e-02,7.882254464285713691e-02,7.979910714285713691e-02,7.896205357142857539e-02,7.938058035714286309e-02,7.840401785714286309e-02,7.868303571428571230e-02,7.770647321428571230e-02,7.868303571428571230e-02,7.798549107142857539e-02,7.938058035714286309e-02,7.798549107142857539e-02,8.007812500000000000e-02,7.965959821428571230e-02,7.979910714285713691e-02,8.063616071428571230e-02,8.007812500000000000e-02,7.993861607142857539e-02,7.938058035714286309e-02,7.910156250000000000e-02,7.979910714285713691e-02,8.063616071428571230e-02,7.910156250000000000e-02,8.007812500000000000e-02,7.979910714285713691e-02,7.952008928571428770e-02,7.938058035714286309e-02,7.868303571428571230e-02,7.965959821428571230e-02,7.938058035714286309e-02,7.952008928571428770e-02,7.798549107142857539e-02,7.938058035714286309e-02,7.784598214285713691e-02,7.798549107142857539e-02,7.840401785714286309e-02,7.770647321428571230e-02
5.622209821428571230e-02,5.622209821428571230e-02,5.580357142857143155e-02,5.608258928571428770e-02,5.608258928571428770e-02,5.608258928571428770e-02,5.608258928571428770e-02,5.566406250000000000e-02,5.594308035714285615e-02,5.510602678571428770e-02,5.594308035714285615e-02,5.552455357142856845e-02,5.594308035714285615e-02,5.538504464285714385e-02,5.552455357142856845e-02,5.524553571428571230e-02,5.468750000000000000e-02,5.775669642857143155e-02,5.691964285714285615e-02,5.705915178571428770e-02,5.705915178571428770e-02,5.691964285714285615e-02,5.664062500000000000e-02,5.664062500000000000e-02,5.636160714285714385e-02,5.691964285714285615e-02,5.664062500000000000e-02,5.664062500000000000e-02,5.664062500000000000e-02,5.691964285714285615e-02,5.622209821428571230e-02,5.566406250000000000e-02,5.678013392857143155e-02,5.636160714285714385e-02,5.594308035714285615e-02,5.594308035714285615e-02,5.650111607142856845e-02,5.552455357142856845e-02,5.580357142857143155e-02,5.608258928571428770e-02,5.566406250000000000e-02,5.538504464285714385e-02
-3.822544642857143155e-02,-3.822544642857143155e-02,-3.864397321428571230e-02,-3.850446428571428770e-02,-3.822544642857143155e-02,-3.892299107142856845e-02,-3.850446428571428770e-02,-3.906250000000000000e-02,-3.864397321428571230e-02,-3.948102678571428770e-02,-3.808593750000000000e-02,-3.808593750000000000e-02,-3.836495535714285615e-02,-3.822544642857143155e-02,-3.864397321428571230e-02,-3.864397321428571230e-02,-3.850446428571428770e-02,-3.836495535714285615e-02,-3.808593750000000000e-02,-3.766741071428571230e-02,-3.850446428571428770e-02,-3.906250000000000000e-02,-3.822544642857143155e-02,-3.864397321428571230e-02,-3.822544642857143155e-02,-3.878348214285714385e-02,-3.850446428571428770e-02,-3.864397321428571230e-02,-3.822544642857143155e-02,-3.738839285714285615e-02,-3.822544642857143155e-02,-3.878348214285714385e-02,-3.766741071428571230e-02,-3.822544642857143155e-02,-3.906250000000000000e-02,-3.906250000000000000e-02,-3.808593750000000000e-02,-3.878348214285714385e-02,-3.710937500000000000e-02,-3.822544642857143155e-02,-3.850446428571428770e-02,-3.808593750000000000e-02
4.687500000000000000e-02,4.631696428571428770e-02,4.645647321428571230e-02,4.603794642857143155e-02,4.659598214285714385e-02,4.617745535714285615e-02,4.617745535714285615e-02,4.673549107142856845e-02,4.631696428571428770e-02,4.561941964285714385e-02,4.561941964285714385e-02,4.561941964285714385e-02,4.575892857142856845e-02,4.561941964285714385e-02,4.520089285714285615e-02,4.575892857142856845e-02,4.534040178571428770e-02,4.757254464285714385e-02,4.687500000000000000e-02,4.701450892857143155e-02,4.785156250000000000e-02,4.729352678571428770e-02,4.617745535714285615e-02,4.729352678571428770e-02,4.617745535714285615e-02,4.673549107142856845e-02,4.659598214285714385e-02,4.645647321428571230e-02,4.645647321428571230e-02,4.659598214285714385e-02,4.673549107142856845e-02,4.603794642857143155e-02,4.617745535714285615e-02,4.673549107142856845e-02,4.631696428571428770e-02,4.673549107142856845e-02,4.617745535714285615e-02,4.631696428571428770e-02,4.547991071428571230e-02,4.561941964285714385e-02,4.561941964285714385e-02,4.534040178571428770e-02
8.789062500000000000e-02,8.858816964285713691e-02,8.886718750000000000e-02,8.775111607142857539e-02,8.816964285714286309e-02,8.900669642857142461e-02,8.803013392857142461e-02,8.984375000000000000e-02,8.816964285714286309e-02,8.914620535714286309e-02,8.705357142857142461e-02,8.830915178571428770e-02,8.663504464285713691e-02,8.747209821428571230e-02,8.733258928571428770e-02,8.803013392857142461e-02,8.691406250000000000e-02,8.928571428571428770e-02,8.956473214285713691e-02,8.970424107142857539e-02,8.984375000000000000e-02,8.942522321428571230e-02,8.914620535714286309e-02,8.900669642857142461e-02,8.858816964285713691e-02,8.900669642857142461e-02,8.984375000000000000e-02,8.844866071428571230e-02,8.956473214285713691e-02,8.830915178571428770e-02,8.830915178571428770e-02,8.830915178571428770e-02,8.761160714285713691e-02,8.942522321428571230e-02,8.803013392857142461e-02,8.872767857142857539e-02,8.747209821428571230e-02,8.914620535714286309e-02,8.761160714285713691e-02,8.789062500000000000e-02,8.803013392857142461e-02,8.761160714285713691e-02
6.333705357142857539e-02,6.333705357142857539e-02,6.277901785714286309e-02,6.333705357142857539e-02,6.389508928571428770e-02,6.277901785714286309e-02,6.236049107142856845e-02,6.277901785714286309e-02,6.263950892857142461e-02,6.222098214285714385e-02,6.277901785714286309e-02,6.222098214285714385e-02,6.291852678571428770e-02,6.236049107142856845e-02,6.166294642857143155e-02,6.250000000000000000e-02,6.180245535714285615e-02,6.459263392857142461e-02,6.347656250000000000e-02,6.445312500000000000e-02,6.389508928571428770e-02,6.403459821428571230e-02,6.403459821428571230e-02,6.403459821428571230e-02,6.417410714285713691e-02,6.403459821428571230e-02,6.389508928571428770e-02,6.347656250000000000e-02,6.319754464285713691e-02,6.389508928571428770e-02,6.361607142857142461e-02,6.333705357142857539e-02,6.347656250000000000e-02,6.250000000000000000e-02,6.291852678571428770e-02,6.305803571428571230e-02,6.361607142857142461e-02,6.305803571428571230e-02,6.319754464285713691e-02,6.263950892857142461e-02,6.305803571428571230e-02,6.222098214285714385e-02
2.790178571428571274e-04,2.790178571428571274e-04,0.000000000000000000e+00,1.395089285714285637e-04,1.395089285714285637e-04,-4.185267857142856911e-04,-2.790178571428571274e-04,-1.395089285714285637e-04,-6.975446428571428726e-04,-8.370535714285713821e-04,4.185267857142856911e-04,-5.580357142857142547e-04,1.395089285714285637e-04,-5.580357142857142547e-04,2.790178571428571274e-04,-5.580357142857142547e-04,-4.185267857142856911e-04,1.395089285714285637e-04,5.580357142857142547e-04,1.255580357142857236e-03,1.395089285714285637e-04,1.395089285714285637e-04,2.790178571428571274e-04,5.580357142857142547e-04,5.580357142857142547e-04,-2.790178571428571274e-04,1.395089285714285637e-04,-2.790178571428571274e-04,-1.395089285714285637e-04,1.116071428571428509e-03,9.765625000000000000e-04,0.000000000000000000e+00,9.765625000000000000e-04,-1.395089285714285637e-04,-1.395089285714285637e-04,-1.116071428571428509e-03,-1.395089285714285637e-04,0.000000000000000000e+00,4.185267857142856911e-04,2.790178571428571274e-04,0.000000000000000000e+00,1.395089285714285637e-04
8.119419642857142461e-02,8.035714285714286309e-02,8.035714285714286309e-02,8.021763392857142461e-02,8.049665178571428770e-02,8.007812500000000000e-02,7.993861607142857539e-02,8.007812500000000000e-02,8.007812500000000000e-02,7.993861607142857539e-02,8.007812500000000000e-02,7.952008928571428770e-02,7.993861607142857539e-02,7.952008928571428770e-02,7.965959821428571230e-02,7.938058035714286309e-02,7.910156250000000000e-02,8.133370535714286309e-02,8.161272321428571230e-02,8.189174107142857539e-02,8.175223214285713691e-02,8.203125000000000000e-02,8.147321428571428770e-02,8.091517857142857539e-02,8.049665178571428770e-02,8.105468750000000000e-02,8.147321428571428770e-02,8.091517857142857539e-02,8.049665178571428770e-02,8.091517857142857539e-02,8.049665178571428770e-02,8.035714285714286309e-02,8.021763392857142461e-02,8.035714285714286309e-02,8.007812500000000000e-02,8.021763392857142461e-02,8.035714285714286309e-02,8.007812500000000000e-02,8.007812500000000000e-02,7.993861607142857539e-02,7.952008928571428770e-02,7.938058035714286309e-02
1.156529017857142877e-01,1.156529017857142877e-01,1.159319196428571369e-01,1.159319196428571369e-01,1.153738839285714246e-01,1.160714285714285754e-01,1.155133928571428631e-01,1.164899553571428631e-01,1.153738839285714246e-01,1.157924107142857123e-01,1.148158482142857123e-01,1.150948660714285754e-01,1.148158482142857123e-01,1.149553571428571369e-01,1.146763392857142877e-01,1.152343750000000000e-01,1.141183035714285754e-01,1.171875000000000000e-01,1.166294642857142877e-01,1.171875000000000000e-01,1.176060267857142877e-01,1.171875000000000000e-01,1.173270089285714246e-01,1.167689732142857123e-01,1.167689732142857123e-01,1.166294642857142877e-01,1.171875000000000000e-01,1.157924107142857123e-01,1.167689732142857123e-01,1.152343750000000000e-01,1.160714285714285754e-01,1.162109375000000000e-01,1.150948660714285754e-01,1.166294642857142877e-01,1.159319196428571369e-01,1.166294642857142877e-01,1.152343750000000000e-01,1.157924107142857123e-01,1.145368303571428631e-01,1.153738839285714246e-01,1.146763392857142877e-01,1.150948660714285754e-01
8.537946428571428770e-02,8.440290178571428770e-02,8.426339285714286309e-02,8.398437500000000000e-02,8.440290178571428770e-02,8.384486607142857539e-02,8.356584821428571230e-02,8.356584821428571230e-02,8.370535714285713691e-02,8.314732142857142461e-02,8.398437500000000000e-02,8.328683035714286309e-02,8.342633928571428770e-02,8.286830357142857539e-02,8.342633928571428770e-02,8.328683035714286309e-02,8.286830357142857539e-02,8.579799107142857539e-02,8.537946428571428770e-02,8.579799107142857539e-02,8.579799107142857539e-02,8.454241071428571230e-02,8.482142857142857539e-02,8.440290178571428770e-02,8.551897321428571230e-02,8.454241071428571230e-02,8.510044642857142461e-02,8.454241071428571230e-02,8.454241071428571230e-02,8.523995535714286309e-02,8.454241071428571230e-02,8.412388392857142461e-02,8.468191964285713691e-02,8.454241071428571230e-02,8.412388392857142461e-02,8.398437500000000000e-02,8.440290178571428770e-02,8.370535714285713691e-02,8.454241071428571230e-02,8.398437500000000000e-02,8.356584821428571230e-02,8.370535714285713691e-02
-1.395089285714285637e-04,5.580357142857142547e-04,1.395089285714285637e-04,0.000000000000000000e+00,5.580357142857142547e-04,0.000000000000000000e+00,4.185267857142856911e-04,-4.185267857142856911e-04,-2.790178571428571274e-04,-1.116071428571428509e-03,1.395089285714285637e-04,-2.790178571428571274e-04,6.975446428571428726e-04,0.000000000000000000e+00,4.185267857142856911e-04,-1.395089285714285637e-04,1.395089285714285637e-04,9.765625000000000000e-04,6.975446428571428726e-04,6.975446428571428726e-04,1.395089285714285637e-04,0.000000000000000000e+00,1.255580357142857236e-03,6.975446428571428726e-04,8.370535714285713821e-04,-4.185267857142856911e-04,4.185267857142856911e-04,2.790178571428571274e-04,2.790178571428571274e-04,1.534598214285714255e-03,5.580357142857142547e-04,-1.395089285714285637e-04,1.255580357142857236e-03,5.580357142857142547e-04,5.580357142857142547e-04,-2.790178571428571274e-04,6.975446428571428726e-04,5.580357142857142547e-04,9.765625000000000000e-04,6.975446428571428726e-04,4.185267857142856911e-04,0.000000000000000000e+00
7.728794642857142461e-02,7.770647321428571230e-02,7.798549107142857539e-02,7.756696428571428770e-02,7.700892857142857539e-02,7.742745535714286309e-02,7.728794642857142461e-02,7.714843750000000000e-02,7.728794642857142461e-02,7.659040178571428770e-02,7.686941964285713691e-02,7.686941964285713691e-02,7.672991071428571230e-02,7.645089285714286309e-02,7.672991071428571230e-02,7.631138392857142461e-02,7.603236607142857539e-02,7.938058035714286309e-02,7.812500000000000000e-02,7.854352678571428770e-02,7.854352678571428770e-02,7.868303571428571230e-02,7.784598214285713691e-02,7.826450892857142461e-02,7.784598214285713691e-02,7.798549107142857539e-02,7.798549107142857539e-02,7.770647321428571230e-02,7.756696428571428770e-02,7.798549107142857539e-02,7.756696428571428770e-02,7.742745535714286309e-02,7.700892857142857539e-02,7.784598214285713691e-02,7.770647321428571230e-02,7.728794642857142461e-02,7.714843750000000000e-02,7.728794642857142461e-02,7.714843750000000000e-02,7.645089285714286309e-02,7.672991071428571230e-02,7.672991071428571230e-02
1.127232142857142877e-01,1.124441964285714246e-01,1.128627232142857123e-01,1.124441964285714246e-01,1.131417410714285754e-01,1.132812500000000000e-01,1.121651785714285754e-01,1.128627232142857123e-01,1.123046875000000000e-01,1.125837053571428631e-01,1.109095982142857123e-01,1.118861607142857123e-01,1.116071428571428631e-01,1.121651785714285754e-01,1.118861607142857123e-01,1.118861607142857123e-01,1.114676339285714246e-01,1.143973214285714246e-01,1.130022321428571369e-01,1.142578125000000000e-01,1.135602678571428631e-01,1.141183035714285754e-01,1.131417410714285754e-01,1.136997767857142877e-01,1.135602678571428631e-01,1.139787946428571369e-01,1.136997767857142877e-01,1.134207589285714246e-01,1.135602678571428631e-01,1.121651785714285754e-01,1.136997767857142877e-01,1.121651785714285754e-01,1.118861607142857123e-01,1.134207589285714246e-01,1.131417410714285754e-01,1.134207589285714246e-01,1.121651785714285754e-01,1.125837053571428631e-01,1.111886160714285754e-01,1.124441964285714246e-01,1.121651785714285754e-01,1.113281250000000000e-01
8.091517857142857539e-02,8.147321428571428770e-02,8.119419642857142461e-02,8.119419642857142461e-02,8.063616071428571230e-02,8.091517857142857539e-02,8.049665178571428770e-02,8.035714285714286309e-02,8.105468750000000000e-02,8.035714285714286309e-02,8.063616071428571230e-02,8.035714285714286309e-02,8.077566964285713691e-02,8.063616071428571230e-02,8.091517857142857539e-02,8.007812500000000000e-02,8.021763392857142461e-02,8.258928571428571230e-02,8.203125000000000000e-02,8.314732142857142461e-02,8.161272321428571230e-02,8.175223214285713691e-02,8.189174107142857539e-02,8.203125000000000000e-02,8.161272321428571230e-02,8.091517857142857539e-02,8.161272321428571230e-02,8.175223214285713691e-02,8.175223214285713691e-02,8.203125000000000000e-02,8.161272321428571230e-02,8.105468750000000000e-02,8.119419642857142461e-02,8.133370535714286309e-02,8.091517857142857539e-02,8.091517857142857539e-02,8.161272321428571230e-02,8.049665178571428770e-02,8.147321428571428770e-02,8.091517857142857539e-02,8.035714285714286309e-02,8.049665178571428770e-02
-4.882812500000000000e-03,-5.440848214285714038e-03,-5.998883928571428943e-03,-5.301339285714285962e-03,-5.440848214285714038e-03,-6.138392857142857019e-03,-5.998883928571428943e-03,-6.556919642857142981e-03,-5.859375000000000000e-03,-6.696428571428571057e-03,-5.022321428571428943e-03,-5.859375000000000000e-03,-4.743303571428571057e-03,-6.277901785714285962e-03,-6.277901785714285962e-03,-6.277901785714285962e-03,-5.719866071428571057e-03,-5.022321428571428943e-03,-5.022321428571428943e-03,-5.580357142857142981e-03,-5.440848214285714038e-03,-5.719866071428571057e-03,-5.022321428571428943e-03,-4.464285714285714038e-03,-5.161830357142857019e-03,-5.859375000000000000e-03,-5.859375000000000000e-03,-6.138392857142857019e-03,-5.440848214285714038e-03,-5.440848214285714038e-03,-5.719866071428571057e-03,-5.859375000000000000e-03,-5.301339285714285962e-03,-5.161830357142857019e-03,-5.580357142857142981e-03,-5.859375000000000000e-03,-5.301339285714285962e-03,-6.417410714285714038e-03,-5.161830357142857019e-03,-5.022321428571428943e-03,-5.440848214285714038e-03,-6.138392857142857019e-03
7.031250000000000000e-02,7.073102678571428770e-02,7.114955357142857539e-02,7.073102678571428770e-02,7.073102678571428770e-02,7.087053571428571230e-02,7.045200892857142461e-02,7.156808035714286309e-02,7.073102678571428770e-02,7.073102678571428770e-02,7.045200892857142461e-02,7.031250000000000000e-02,7.003348214285713691e-02,6.961495535714286309e-02,6.947544642857142461e-02,7.059151785714286309e-02,6.905691964285713691e-02,7.226562500000000000e-02,7.156808035714286309e-02,7.226562500000000000e-02,7.128906250000000000e-02,7.226562500000000000e-02,7.184709821428571230e-02,7.128906250000000000e-02,7.170758928571428770e-02,7.156808035714286309e-02,7.170758928571428770e-02,7.128906250000000000e-02,7.170758928571428770e-02,7.142857142857142461e-02,7.142857142857142461e-02,7.142857142857142461e-02,6.975446428571428770e-02,7.101004464285713691e-02,7.059151785714286309e-02,7.114955357142857539e-02,7.073102678571428770e-02,7.101004464285713691e-02,7.073102678571428770e-02,7.059151785714286309e-02,7.031250000000000000e-02,7.031250000000000000e-02
1.100725446428571369e-01,1.096540178571428631e-01,1.092354910714285754e-01,1.097935267857142877e-01,1.095145089285714246e-01,1.093750000000000000e-01,1.090959821428571369e-01,1.103515625000000000e-01,1.093750000000000000e-01,1.095145089285714246e-01,1.088169642857142877e-01,1.083984375000000000e-01,1.081194196428571369e-01,1.090959821428571369e-01,1.086774553571428631e-01,1.095145089285714246e-01,1.086774553571428631e-01,1.116071428571428631e-01,1.097935267857142877e-01,1.114676339285714246e-01,1.106305803571428631e-01,1.110491071428571369e-01,1.095145089285714246e-01,1.103515625000000000e-01,1.104910714285714246e-01,1.102120535714285754e-01,1.113281250000000000e-01,1.100725446428571369e-01,1.107700892857142877e-01,1.099330357142857123e-01,1.103515625000000000e-01,1.096540178571428631e-01,1.088169642857142877e-01,1.102120535714285754e-01,1.099330357142857123e-01,1.097935267857142877e-01,1.086774553571428631e-01,1.093750000000000000e-01,1.090959821428571369e-01,1.092354910714285754e-01,1.083984375000000000e-01,1.082589285714285754e-01
7.938058035714286309e-02,7.868303571428571230e-02,7.910156250000000000e-02,7.854352678571428770e-02,7.826450892857142461e-02,7.826450892857142461e-02,7.798549107142857539e-02,7.826450892857142461e-02,7.826450892857142461e-02,7.798549107142857539e-02,7.770647321428571230e-02,7.798549107142857539e-02,7.714843750000000000e-02,7.756696428571428770e-02,7.798549107142857539e-02,7.686941964285713691e-02,7.700892857142857539e-02,7.965959821428571230e-02,7.938058035714286309e-02,7.993861607142857539e-02,7.924107142857142461e-02,7.965959821428571230e-02,7.965959821428571230e-02,7.979910714285713691e-02,7.952008928571428770e-02,7.924107142857142461e-02,7.924107142857142461e-02,7.882254464285713691e-02,7.952008928571428770e-02,7.882254464285713691e-02,7.882254464285713691e-02,7.896205357142857539e-02,7.882254464285713691e-02,7.868303571428571230e-02,7.854352678571428770e-02,7.812500000000000000e-02,7.854352678571428770e-02,7.826450892857142461e-02,7.868303571428571230e-02,7.840401785714286309e-02,7.812500000000000000e-02,7.784598214285713691e-02
-2.706473214285714385e-02,-2.859933035714285615e-02,-2.901785714285714385e-02,-2.818080357142857192e-02,-2.818080357142857192e-02,-2.859933035714285615e-02,-2.845982142857142808e-02,-2.929687500000000000e-02,-2.832031250000000000e-02,-2.915736607142857192e-02,-2.748325892857142808e-02,-2.818080357142857192e-02,-2.776227678571428423e-02,-2.887834821428571577e-02,-2.832031250000000000e-02,-2.818080357142857192e-02,-2.845982142857142808e-02,-2.832031250000000000e-02,-2.804129464285714385e-02,-2.762276785714285615e-02,-2.818080357142857192e-02,-2.873883928571428423e-02,-2.818080357142857192e-02,-2.748325892857142808e-02,-2.776227678571428423e-02,-2.873883928571428423e-02,-2.845982142857142808e-02,-2.832031250000000000e-02,-2.873883928571428423e-02,-2.818080357142857192e-02,-2.818080357142857192e-02,-2.762276785714285615e-02,-2.790178571428571577e-02,-2.887834821428571577e-02,-2.790178571428571577e-02,-2.915736607142857192e-02,-2.734375000000000000e-02,-2.859933035714285615e-02,-2.748325892857142808e-02,-2.845982142857142808e-02,-2.762276785714285615e-02,-2.845982142857142808e-02
5.147879464285714385e-02,5.161830357142856845e-02,5.231584821428571230e-02,5.161830357142856845e-02,5.175781250000000000e-02,5.189732142857143155e-02,5.217633928571428770e-02,5.161830357142856845e-02,5.147879464285714385e-02,5.231584821428571230e-02,5.133928571428571230e-02,5.147879464285714385e-02,5.078125000000000000e-02,5.022321428571428770e-02,5.161830357142856845e-02,5.133928571428571230e-02,5.147879464285714385e-02,5.315290178571428770e-02,5.231584821428571230e-02,5.301339285714285615e-02,5.287388392857143155e-02,5.217633928571428770e-02,5.231584821428571230e-02,5.273437500000000000e-02,5.245535714285714385e-02,5.203683035714285615e-02,5.231584821428571230e-02,5.217633928571428770e-02,5.273437500000000000e-02,5.217633928571428770e-02,5.217633928571428770e-02,5.231584821428571230e-02,5.175781250000000000e-02,5.245535714285714385e-02,5.245535714285714385e-02,5.175781250000000000e-02,5.217633928571428770e-02,5.175781250000000000e-02,5.133928571428571230e-02,5.203683035714285615e-02,5.133928571428571230e-02,5.119977678571428770e-02
9.207589285714286309e-02,9.235491071428571230e-02,9.235491071428571230e-02,9.137834821428571230e-02,9.151785714285713691e-02,9.221540178571428770e-02,9.179687500000000000e-02,9.193638392857142461e-02,9.123883928571428770e-02,9.207589285714286309e-02,9.109933035714286309e-02,9.109933035714286309e-02,9.040178571428571230e-02,9.109933035714286309e-02,9.082031250000000000e-02,9.165736607142857539e-02,9.123883928571428770e-02,9.305245535714286309e-02,9.235491071428571230e-02,9.277343750000000000e-02,9.277343750000000000e-02,9.291294642857142461e-02,9.179687500000000000e-02,9.277343750000000000e-02,9.221540178571428770e-02,9.235491071428571230e-02,9.277343750000000000e-02,9.277343750000000000e-02,9.235491071428571230e-02,9.165736607142857539e-02,9.221540178571428770e-02,9.193638392857142461e-02,9.137834821428571230e-02,9.235491071428571230e-02,9.207589285714286309e-02,9.207589285714286309e-02,9.109933035714286309e-02,9.193638392857142461e-02,9.109933035714286309e-02,9.207589285714286309e-02,9.095982142857142461e-02,9.095982142857142461e-02
6.431361607142857539e-02,6.333705357142857539e-02,6.375558035714286309e-02,6.417410714285713691e-02,6.389508928571428770e-02,6.431361607142857539e-02,6.333705357142857539e-02,6.361607142857142461e-02,6.319754464285713691e-02,6.375558035714286309e-02,6.333705357142857539e-02,6.305803571428571230e-02,6.333705357142857539e-02,6.291852678571428770e-02,6.319754464285713691e-02,6.291852678571428770e-02,6.305803571428571230e-02,6.501116071428571230e-02,6.473214285714286309e-02,6.459263392857142461e-02,6.473214285714286309e-02,6.445312500000000000e-02,6.487165178571428770e-02,6.473214285714286309e-02,6.459263392857142461e-02,6.403459821428571230e-02,6.389508928571428770e-02,6.445312500000000000e-02,6.389508928571428770e-02,6.459263392857142461e-02,6.445312500000000000e-02,6.403459821428571230e-02,6.459263392857142461e-02,6.361607142857142461e-02,6.389508928571428770e-02,6.361607142857142461e-02,6.375558035714286309e-02,6.375558035714286309e-02,6.431361607142857539e-02,6.389508928571428770e-02,6.417410714285713691e-02,6.291852678571428770e-02
-1.743861607142857192e-02,-1.785714285714285615e-02,-1.869419642857142808e-02,-1.702008928571428423e-02,-1.813616071428571577e-02,-1.813616071428571577e-02,-1.841517857142857192e-02,-1.939174107142857192e-02,-1.855468750000000000e-02,-1.897321428571428423e-02,-1.785714285714285615e-02,-1.785714285714285615e-02,-1.757812500000000000e-02,-1.855468750000000000e-02,-1.813616071428571577e-02,-1.827566964285714385e-02,-1.869419642857142808e-02,-1.841517857142857192e-02,-1.827566964285714385e-02,-1.715959821428571577e-02,-1.799665178571428423e-02,-1.869419642857142808e-02,-1.813616071428571577e-02,-1.771763392857142808e-02,-1.771763392857142808e-02,-1.799665178571428423e-02,-1.827566964285714385e-02,-1.813616071428571577e-02,-1.841517857142857192e-02,-1.785714285714285615e-02,-1.855468750000000000e-02,-1.841517857142857192e-02,-1.757812500000000000e-02,-1.911272321428571577e-02,-1.827566964285714385e-02,-1.911272321428571577e-02,-1.799665178571428423e-02,-1.813616071428571577e-02,-1.757812500000000000e-02,-1.869419642857142808e-02,-1.702008928571428423e-02,-1.841517857142857192e-02
6.375558035714286309e-02,6.222098214285714385e-02,6.250000000000000000e-02,6.263950892857142461e-02,6.263950892857142461e-02,6.250000000000000000e-02,6.305803571428571230e-02,6.208147321428571230e-02,6.208147321428571230e-02,6.277901785714286309e-02,6.166294642857143155e-02,6.180245535714285615e-02,6.180245535714285615e-02,6.152343750000000000e-02,6.180245535714285615e-02,6.194196428571428770e-02,6.138392857142856845e-02,6.361607142857142461e-02,6.361607142857142461e-02,6.347656250000000000e-02,6.333705357142857539e-02,6.333705357142857539e-02,6.263950892857142461e-02,6.375558035714286309e-02,6.347656250000000000e-02,6.236049107142856845e-02,6.347656250000000000e-02,6.263950892857142461e-02,6.347656250000000000e-02,6.222098214285714385e-02,6.333705357142857539e-02,6.236049107142856845e-02,6.263950892857142461e-02,6.250000000000000000e-02,6.291852678571428770e-02,6.277901785714286309e-02,6.236049107142856845e-02,6.250000000000000000e-02,6.194196428571428770e-02,6.291852678571428770e-02,6.236049107142856845e-02,6.180245535714285615e-02
9.793526785714286309e-02,9.835379464285713691e-02,9.877232142857142461e-02,9.807477678571428770e-02,9.751674107142857539e-02,9.849330357142857539e-02,9.891183035714286309e-02,9.863281250000000000e-02,9.793526785714286309e-02,9.905133928571428770e-02,9.751674107142857539e-02,9.807477678571428770e-02,9.681919642857142461e-02,9.765625000000000000e-02,9.737723214285713691e-02,9.751674107142857539e-02,9.821428571428571230e-02,9.919084821428571230e-02,9.946986607142857539e-02,1.000279017857142877e-01,9.933035714285713691e-02,9.946986607142857539e-02,9.849330357142857539e-02,9.905133928571428770e-02,9.877232142857142461e-02,9.919084821428571230e-02,9.946986607142857539e-02,9.877232142857142461e-02,9.891183035714286309e-02,9.779575892857142461e-02,9.877232142857142461e-02,9.835379464285713691e-02,9.751674107142857539e-02,9.891183035714286309e-02,9.849330357142857539e-02,9.891183035714286309e-02,9.765625000000000000e-02,9.793526785714286309e-02,9.723772321428571230e-02,9.835379464285713691e-02,9.751674107142857539e-02,9.737723214285713691e-02
6.919642857142857539e-02,6.877790178571428770e-02,6.863839285714286309e-02,6.891741071428571230e-02,6.891741071428571230e-02,6.849888392857142461e-02,6.794084821428571230e-02,6.780133928571428770e-02,6.877790178571428770e-02,6.821986607142857539e-02,6.849888392857142461e-02,6.752232142857142461e-02,6.863839285714286309e-02,6.738281250000000000e-02,6.821986607142857539e-02,6.821986607142857539e-02,6.752232142857142461e-02,6.989397321428571230e-02,6.975446428571428770e-02,6.919642857142857539e-02,6.961495535714286309e-02,6.919642857142857539e-02,6.975446428571428770e-02,6.975446428571428770e-02,6.933593750000000000e-02,6.863839285714286309e-02,6.933593750000000000e-02,6.919642857142857539e-02,6.849888392857142461e-02,6.933593750000000000e-02,6.933593750000000000e-02,6.849888392857142461e-02,6.877790178571428770e-02,6.808035714285713691e-02,6.835937500000000000e-02,6.863839285714286309e-02,6.863839285714286309e-02,6.821986607142857539e-02,6.835937500000000000e-02,6.821986607142857539e-02,6.835937500000000000e-02,6.808035714285713691e-02
-7.393973214285713691e-02,-7.268415178571428770e-02,-7.324218750000000000e-02,-7.268415178571428770e-02,-7.310267857142857539e-02,-7.296316964285713691e-02,-7.310267857142857539e-02,-7.338169642857142461e-02,-7.226562500000000000e-02,-7.268415178571428770e-02,-7.170758928571428770e-02,-7.170758928571428770e-02,-7.226562500000000000e-02,-7.254464285714286309e-02,-7.212611607142857539e-02,-7.212611607142857539e-02,-7.240513392857142461e-02,-7.547433035714286309e-02,-7.491629464285713691e-02,-7.463727678571428770e-02,-7.435825892857142461e-02,-7.421875000000000000e-02,-7.393973214285713691e-02,-7.407924107142857539e-02,-7.338169642857142461e-02,-7.449776785714286309e-02,-7.463727678571428770e-02,-7.310267857142857539e-02,-7.366071428571428770e-02,-7.352120535714286309e-02,-7.338169642857142461e-02,-7.338169642857142461e-02,-7.310267857142857539e-02,-7.352120535714286309e-02,-7.338169642857142461e-02,-7.310267857142857539e-02,-7.268415178571428770e-02,-7.268415178571428770e-02,-7.296316964285713691e-02,-7.310267857142857539e-02,-7.254464285714286309e-02,-7.240513392857142461e-02
-5.957031250000000000e-02,-5.970982142857143155e-02,-5.943080357142856845e-02,-5.845424107142856845e-02,-5.873325892857143155e-02,-5.915178571428571230e-02,-5.943080357142856845e-02,-5.929129464285714385e-02,-5.887276785714285615e-02,-5.873325892857143155e-02,-5.887276785714285615e-02,-5.901227678571428770e-02,-5.831473214285714385e-02,-5.943080357142856845e-02,-5.901227678571428770e-02,-5.789620535714285615e-02,-5.831473214285714385e-02,-6.096540178571428770e-02,-6.040736607142856845e-02,-6.082589285714285615e-02,-6.040736607142856845e-02,-6.054687500000000000e-02,-6.068638392857143155e-02,-6.040736607142856845e-02,-6.040736607142856845e-02,-6.054687500000000000e-02,-6.054687500000000000e-02,-6.012834821428571230e-02,-5.984933035714285615e-02,-6.012834821428571230e-02,-5.915178571428571230e-02,-6.012834821428571230e-02,-5.957031250000000000e-02,-5.943080357142856845e-02,-5.929129464285714385e-02,-5.873325892857143155e-02,-5.943080357142856845e-02,-5.970982142857143155e-02,-5.943080357142856845e-02,-5.901227678571428770e-02,-5.887276785714285615e-02,-5.970982142857143155e-02
-1.799665178571428423e-02,-1.702008928571428423e-02,-1.646205357142857192e-02,-1.674107142857142808e-02,-1.688058035714285615e-02,-1.604352678571428423e-02,-1.646205357142857192e-02,-1.604352678571428423e-02,-1.646205357142857192e-02,-1.590401785714285615e-02,-1.715959821428571577e-02,-1.590401785714285615e-02,-1.729910714285714385e-02,-1.618303571428571577e-02,-1.646205357142857192e-02,-1.464843750000000000e-02,-1.548549107142857192e-02,-1.813616071428571577e-02,-1.715959821428571577e-02,-1.674107142857142808e-02,-1.715959821428571577e-02,-1.688058035714285615e-02,-1.743861607142857192e-02,-1.757812500000000000e-02,-1.771763392857142808e-02,-1.771763392857142808e-02,-1.660156250000000000e-02,-1.646205357142857192e-02,-1.674107142857142808e-02,-1.715959821428571577e-02,-1.660156250000000000e-02,-1.688058035714285615e-02,-1.743861607142857192e-02,-1.632254464285714385e-02,-1.590401785714285615e-02,-1.562500000000000000e-02,-1.715959821428571577e-02,-1.702008928571428423e-02,-1.729910714285714385e-02,-1.660156250000000000e-02,-1.646205357142857192e-02,-1.660156250000000000e-02
-2.957589285714285615e-02,-2.971540178571428423e-02,-2.985491071428571577e-02,-2.971540178571428423e-02,-2.943638392857142808e-02,-2.957589285714285615e-02,-2.957589285714285615e-02,-2.971540178571428423e-02,-2.929687500000000000e-02,-2.999441964285714385e-02,-2.887834821428571577e-02,-2.929687500000000000e-02,-2.943638392857142808e-02,-2.929687500000000000e-02,-2.999441964285714385e-02,-2.943638392857142808e-02,-2.999441964285714385e-02,-3.027343750000000000e-02,-3.013392857142857192e-02,-3.055245535714285615e-02,-2.999441964285714385e-02,-3.027343750000000000e-02,-2.999441964285714385e-02,-2.929687500000000000e-02,-2.971540178571428423e-02,-2.957589285714285615e-02,-3.097098214285714385e-02,-2.985491071428571577e-02,-2.999441964285714385e-02,-2.985491071428571577e-02,-3.013392857142857192e-02,-2.971540178571428423e-02,-2.901785714285714385e-02,-3.041294642857142808e-02,-2.999441964285714385e-02,-2.999441964285714385e-02,-2.943638392857142808e-02,-3.041294642857142808e-02,-2.929687500000000000e-02,-2.999441964285714385e-02,-2.943638392857142808e-02,-2.971540178571428423e-02
-2.024274553571428492e-01,-2.013113839285714246e-01,-2.013113839285714246e-01,-2.017299107142857262e-01,-2.003348214285714246e-01,-2.011718750000000000e-01,-2.006138392857142738e-01,-2.004743303571428492e-01,-2.003348214285714246e-01,-2.003348214285714246e-01,-1.999162946428571508e-01,-1.994977678571428492e-01,-2.000558035714285754e-01,-1.989397321428571508e-01,-1.990792410714285754e-01,-1.986607142857142738e-01,-1.994977678571428492e-01,-2.049386160714285754e-01,-2.042410714285714246e-01,-2.043805803571428492e-01,-2.038225446428571508e-01,-2.045200892857142738e-01,-2.034040178571428492e-01,-2.031250000000000000e-01,-2.029854910714285754e-01,-2.034040178571428492e-01,-2.034040178571428492e-01,-2.024274553571428492e-01,-2.020089285714285754e-01,-2.015904017857142738e-01,-2.018694196428571508e-01,-2.022879464285714246e-01,-2.014508928571428492e-01,-2.021484375000000000e-01,-2.015904017857142738e-01,-2.014508928571428492e-01,-2.004743303571428492e-01,-2.010323660714285754e-01,-2.008928571428571508e-01,-2.001953125000000000e-01,-2.001953125000000000e-01,-2.004743303571428492e-01
-1.300223214285714246e-01,-1.294642857142857262e-01,-1.287667410714285754e-01,-1.287667410714285754e-01,-1.291852678571428492e-01,-1.284877232142857262e-01,-1.293247767857142738e-01,-1.286272321428571508e-01,-1.280691964285714246e-01,-1.287667410714285754e-01,-1.284877232142857262e-01,-1.287667410714285754e-01,-1.280691964285714246e-01,-1.283482142857142738e-01,-1.283482142857142738e-01,-1.277901785714285754e-01,-1.277901785714285754e-01,-1.316964285714285754e-01,-1.316964285714285754e-01,-1.311383928571428492e-01,-1.311383928571428492e-01,-1.312779017857142738e-01,-1.311383928571428492e-01,-1.312779017857142738e-01,-1.307198660714285754e-01,-1.298828125000000000e-01,-1.309988839285714246e-01,-1.305803571428571508e-01,-1.307198660714285754e-01,-1.305803571428571508e-01,-1.305803571428571508e-01,-1.301618303571428492e-01,-1.301618303571428492e-01,-1.296037946428571508e-01,-1.293247767857142738e-01,-1.291852678571428492e-01,-1.294642857142857262e-01,-1.298828125000000000e-01,-1.287667410714285754e-01,-1.291852678571428492e-01,-1.284877232142857262e-01,-1.289062500000000000e-01
-7.128906250000000000e-02,-7.003348214285713691e-02,-6.905691964285713691e-02,-6.961495535714286309e-02,-6.919642857142857539e-02,-6.877790178571428770e-02,-6.863839285714286309e-02,-6.849888392857142461e-02,-6.835937500000000000e-02,-6.849888392857142461e-02,-7.031250000000000000e-02,-6.891741071428571230e-02,-6.961495535714286309e-02,-6.919642857142857539e-02,-6.919642857142857539e-02,-6.835937500000000000e-02,-6.794084821428571230e-02,-7.142857142857142461e-02,-7.170758928571428770e-02,-7.073102678571428770e-02,-7.156808035714286309e-02,-7.073102678571428770e-02,-7.101004464285713691e-02,-7.087053571428571230e-02,-7.170758928571428770e-02,-7.114955357142857539e-02,-7.031250000000000000e-02,-7.031250000000000000e-02,-6.989397321428571230e-02,-7.031250000000000000e-02,-7.045200892857142461e-02,-7.045200892857142461e-02,-7.017299107142857539e-02,-6.933593750000000000e-02,-7.003348214285713691e-02,-6.905691964285713691e-02,-7.003348214285713691e-02,-6.975446428571428770e-02,-7.087053571428571230e-02,-6.919642857142857539e-02,-6.947544642857142461e-02,-6.947544642857142461e-02
-6.863839285714286309e-02,-6.905691964285713691e-02,-6.961495535714286309e-02,-6.849888392857142461e-02,-6.863839285714286309e-02,-6.849888392857142461e-02,-6.919642857142857539e-02,-6.905691964285713691e-02,-6.919642857142857539e-02,-6.919642857142857539e-02,-6.808035714285713691e-02,-6.863839285714286309e-02,-6.891741071428571230e-02,-6.849888392857142461e-02,-6.877790178571428770e-02,-6.849888392857142461e-02,-6.863839285714286309e-02,-7.003348214285713691e-02,-7.017299107142857539e-02,-7.003348214285713691e-02,-6.947544642857142461e-02,-7.059151785714286309e-02,-7.003348214285713691e-02,-6.989397321428571230e-02,-6.961495535714286309e-02,-6.891741071428571230e-02,-7.045200892857142461e-02,-6.947544642857142461e-02,-6.961495535714286309e-02,-6.933593750000000000e-02,-6.919642857142857539e-02,-6.933593750000000000e-02,-6.891741071428571230e-02,-7.017299107142857539e-02,-6.877790178571428770e-02,-6.919642857142857539e-02,-6.877790178571428770e-02,-6.905691964285713691e-02,-6.821986607142857539e-02,-6.933593750000000000e-02,-6.863839285714286309e-02,-6.849888392857142461e-02
-2.038225446428571508e-01,-2.035435267857142738e-01,-2.029854910714285754e-01,-2.025669642857142738e-01,-2.028459821428571508e-01,-2.024274553571428492e-01,-2.025669642857142738e-01,-2.027064732142857262e-01,-2.020089285714285754e-01,-2.024274553571428492e-01,-2.017299107142857262e-01,-2.022879464285714246e-01,-2.011718750000000000e-01,-2.006138392857142738e-01,-2.007533482142857262e-01,-2.008928571428571508e-01,-2.004743303571428492e-01,-2.056361607142857262e-01,-2.057756696428571508e-01,-2.056361607142857262e-01,-2.049386160714285754e-01,-2.060546875000000000e-01,-2.053571428571428492e-01,-2.046595982142857262e-01,-2.047991071428571508e-01,-2.049386160714285754e-01,-2.047991071428571508e-01,-2.039620535714285754e-01,-2.041015625000000000e-01,-2.041015625000000000e-01,-2.028459821428571508e-01,-2.038225446428571508e-01,-2.027064732142857262e-01,-2.035435267857142738e-01,-2.032645089285714246e-01,-2.031250000000000000e-01,-2.020089285714285754e-01,-2.031250000000000000e-01,-2.017299107142857262e-01,-2.027064732142857262e-01,-2.014508928571428492e-01,-2.018694196428571508e-01
-1.262555803571428492e-01,-1.256975446428571508e-01,-1.248604910714285754e-01,-1.248604910714285754e-01,-1.252790178571428492e-01,-1.244419642857142877e-01,-1.251395089285714246e-01,-1.240234375000000000e-01,-1.244419642857142877e-01,-1.243024553571428631e-01,-1.238839285714285754e-01,-1.238839285714285754e-01,-1.247209821428571369e-01,-1.233258928571428631e-01,-1.236049107142857123e-01,-1.234654017857142877e-01,-1.227678571428571369e-01,-1.268136160714285754e-01,-1.265345982142857262e-01,-1.262555803571428492e-01,-1.268136160714285754e-01,-1.269531250000000000e-01,-1.269531250000000000e-01,-1.266741071428571508e-01,-1.266741071428571508e-01,-1.266741071428571508e-01,-1.262555803571428492e-01,-1.261160714285714246e-01,-1.254185267857142738e-01,-1.262555803571428492e-01,-1.261160714285714246e-01,-1.251395089285714246e-01,-1.251395089285714246e-01,-1.254185267857142738e-01,-1.252790178571428492e-01,-1.252790178571428492e-01,-1.247209821428571369e-01,-1.250000000000000000e-01,-1.247209821428571369e-01,-1.244419642857142877e-01,-1.245814732142857123e-01,-1.240234375000000000e-01
-6.989397321428571230e-02,-6.863839285714286309e-02,-6.877790178571428770e-02,-6.863839285714286309e-02,-6.877790178571428770e-02,-6.835937500000000000e-02,-6.849888392857142461e-02,-6.821986607142857539e-02,-6.794084821428571230e-02,-6.835937500000000000e-02,-6.905691964285713691e-02,-6.821986607142857539e-02,-6.891741071428571230e-02,-6.808035714285713691e-02,-6.849888392857142461e-02,-6.780133928571428770e-02,-6.724330357142857539e-02,-6.989397321428571230e-02,-7.031250000000000000e-02,-6.989397321428571230e-02,-7.059151785714286309e-02,-7.003348214285713691e-02,-7.101004464285713691e-02,-7.031250000000000000e-02,-6.989397321428571230e-02,-7.045200892857142461e-02,-6.919642857142857539e-02,-6.961495535714286309e-02,-6.905691964285713691e-02,-6.975446428571428770e-02,-6.905691964285713691e-02,-6.961495535714286309e-02,-6.961495535714286309e-02,-6.877790178571428770e-02,-6.877790178571428770e-02,-6.780133928571428770e-02,-6.933593750000000000e-02,-6.877790178571428770e-02,-6.863839285714286309e-02,-6.849888392857142461e-02,-6.877790178571428770e-02,-6.905691964285713691e-02
-6.989397321428571230e-02,-6.891741071428571230e-02,-6.891741071428571230e-02,-6.933593750000000000e-02,-6.947544642857142461e-02,-6.933593750000000000e-02,-6.919642857142857539e-02,-6.933593750000000000e-02,-6.835937500000000000e-02,-6.975446428571428770e-02,-6.877790178571428770e-02,-6.863839285714286309e-02,-6.877790178571428770e-02,-6.933593750000000000e-02,-6.877790178571428770e-02,-6.919642857142857539e-02,-6.919642857142857539e-02,-7.031250000000000000e-02,-7.003348214285713691e-02,-6.975446428571428770e-02,-6.975446428571428770e-02,-7.059151785714286309e-02,-6.989397321428571230e-02,-6.989397321428571230e-02,-6.947544642857142461e-02,-7.031250000000000000e-02,-7.003348214285713691e-02,-6.975446428571428770e-02,-6.947544642857142461e-02,-6.919642857142857539e-02,-6.975446428571428770e-02,-6.919642857142857539e-02,-6.947544642857142461e-02,-6.975446428571428770e-02,-6.947544642857142461e-02,-6.961495535714286309e-02,-6.891741071428571230e-02,-6.933593750000000000e-02,-6.877790178571428770e-02,-6.947544642857142461e-02,-6.975446428571428770e-02,-6.877790178571428770e-02
-2.204241071428571508e-01,-2.204241071428571508e-01,-2.208426339285714246e-01,-2.194475446428571508e-01,-2.195870535714285754e-01,-2.198660714285714246e-01,-2.204241071428571508e-01,-2.194475446428571508e-01,-2.187500000000000000e-01,-2.195870535714285754e-01,-2.181919642857142738e-01,-2.183314732142857262e-01,-2.181919642857142738e-01,-2.180524553571428492e-01,-2.183314732142857262e-01,-2.183314732142857262e-01,-2.184709821428571508e-01,-2.223772321428571508e-01,-2.216796875000000000e-01,-2.218191964285714246e-01,-2.211216517857142738e-01,-2.226562500000000000e-01,-2.219587053571428492e-01,-2.219587053571428492e-01,-2.201450892857142738e-01,-2.208426339285714246e-01,-2.215401785714285754e-01,-2.207031250000000000e-01,-2.212611607142857262e-01,-2.202845982142857262e-01,-2.200055803571428492e-01,-2.201450892857142738e-01,-2.188895089285714246e-01,-2.207031250000000000e-01,-2.207031250000000000e-01,-2.198660714285714246e-01,-2.187500000000000000e-01,-2.197265625000000000e-01,-2.186104910714285754e-01,-2.191685267857142738e-01,-2.193080357142857262e-01,-2.186104910714285754e-01
-1.018415178571428631e-01,-1.010044642857142877e-01,-1.003069196428571369e-01,-1.019810267857142877e-01,-1.015625000000000000e-01,-1.007254464285714246e-01,-1.014229910714285754e-01,-1.004464285714285754e-01,-1.001674107142857123e-01,-1.004464285714285754e-01,-1.010044642857142877e-01,-1.001674107142857123e-01,-1.010044642857142877e-01,-1.004464285714285754e-01,-1.003069196428571369e-01,-1.011439732142857123e-01,-1.003069196428571369e-01,-1.026785714285714246e-01,-1.025390625000000000e-01,-1.019810267857142877e-01,-1.017020089285714246e-01,-1.022600446428571369e-01,-1.019810267857142877e-01,-1.015625000000000000e-01,-1.017020089285714246e-01,-1.023995535714285754e-01,-1.011439732142857123e-01,-1.012834821428571369e-01,-1.010044642857142877e-01,-1.017020089285714246e-01,-1.019810267857142877e-01,-1.014229910714285754e-01,-1.015625000000000000e-01,-1.012834821428571369e-01,-1.017020089285714246e-01,-1.011439732142857123e-01,-1.017020089285714246e-01,-1.008649553571428631e-01,-1.010044642857142877e-01,-1.005859375000000000e-01,-1.012834821428571369e-01,-1.010044642857142877e-01
-3.641183035714285615e-02,-3.627232142857143155e-02,-3.641183035714285615e-02,-3.655133928571428770e-02,-3.599330357142856845e-02,-3.599330357142856845e-02,-3.655133928571428770e-02,-3.627232142857143155e-02,-3.557477678571428770e-02,-3.655133928571428770e-02,-3.641183035714285615e-02,-3.571428571428571230e-02,-3.585379464285714385e-02,-3.599330357142856845e-02,-3.655133928571428770e-02,-3.669084821428571230e-02,-3.571428571428571230e-02,-3.627232142857143155e-02,-3.683035714285714385e-02,-3.557477678571428770e-02,-3.613281250000000000e-02,-3.641183035714285615e-02,-3.655133928571428770e-02,-3.613281250000000000e-02,-3.655133928571428770e-02,-3.641183035714285615e-02,-3.585379464285714385e-02,-3.613281250000000000e-02,-3.501674107142856845e-02,-3.655133928571428770e-02,-3.710937500000000000e-02,-3.599330357142856845e-02,-3.683035714285714385e-02,-3.599330357142856845e-02,-3.655133928571428770e-02,-3.459821428571428770e-02,-3.683035714285714385e-02,-3.599330357142856845e-02,-3.655133928571428770e-02,-3.641183035714285615e-02,-3.571428571428571230e-02,-3.641183035714285615e-02
-3.431919642857143155e-02,-3.362165178571428770e-02,-3.417968750000000000e-02,-3.390066964285714385e-02,-3.376116071428571230e-02,-3.390066964285714385e-02,-3.404017857142856845e-02,-3.348214285714285615e-02,-3.320312500000000000e-02,-3.362165178571428770e-02,-3.404017857142856845e-02,-3.306361607142856845e-02,-3.334263392857143155e-02,-3.306361607142856845e-02,-3.362165178571428770e-02,-3.404017857142856845e-02,-3.417968750000000000e-02,-3.306361607142856845e-02,-3.362165178571428770e-02,-3.362165178571428770e-02,-3.348214285714285615e-02,-3.390066964285714385e-02,-3.362165178571428770e-02,-3.362165178571428770e-02,-3.334263392857143155e-02,-3.390066964285714385e-02,-3.348214285714285615e-02,-3.334263392857143155e-02,-3.348214285714285615e-02,-3.348214285714285615e-02,-3.362165178571428770e-02,-3.348214285714285615e-02,-3.334263392857143155e-02,-3.404017857142856845e-02,-3.376116071428571230e-02,-3.334263392857143155e-02,-3.320312500000000000e-02,-3.334263392857143155e-02,-3.306361607142856845e-02,-3.362165178571428770e-02,-3.376116071428571230e-02,-3.320312500000000000e-02
-1.375558035714285754e-01,-1.379743303571428492e-01,-1.388113839285714246e-01,-1.376953125000000000e-01,-1.382533482142857262e-01,-1.379743303571428492e-01,-1.379743303571428492e-01,-1.386718750000000000e-01,-1.381138392857142738e-01,-1.386718750000000000e-01,-1.372767857142857262e-01,-1.376953125000000000e-01,-1.372767857142857262e-01,-1.369977678571428492e-01,-1.368582589285714246e-01,-1.382533482142857262e-01,-1.379743303571428492e-01,-1.389508928571428492e-01,-1.397879464285714246e-01,-1.388113839285714246e-01,-1.382533482142857262e-01,-1.397879464285714246e-01,-1.392299107142857262e-01,-1.395089285714285754e-01,-1.379743303571428492e-01,-1.382533482142857262e-01,-1.392299107142857262e-01,-1.385323660714285754e-01,-1.395089285714285754e-01,-1.379743303571428492e-01,-1.386718750000000000e-01,-1.386718750000000000e-01,-1.374162946428571508e-01,-1.383928571428571508e-01,-1.381138392857142738e-01,-1.383928571428571508e-01,-1.379743303571428492e-01,-1.385323660714285754e-01,-1.375558035714285754e-01,-1.382533482142857262e-01,-1.378348214285714246e-01,-1.379743303571428492e-01
-3.515625000000000000e-02,-3.487723214285714385e-02,-3.459821428571428770e-02,-3.543526785714285615e-02,-3.529575892857143155e-02,-3.417968750000000000e-02,-3.459821428571428770e-02,-3.473772321428571230e-02,-3.529575892857143155e-02,-3.404017857142856845e-02,-3.543526785714285615e-02,-3.487723214285714385e-02,-3.543526785714285615e-02,-3.445870535714285615e-02,-3.445870535714285615e-02,-3.529575892857143155e-02,-3.473772321428571230e-02,-3.431919642857143155e-02,-3.501674107142856845e-02,-3.417968750000000000e-02,-3.376116071428571230e-02,-3.459821428571428770e-02,-3.404017857142856845e-02,-3.431919642857143155e-02,-3.459821428571428770e-02,-3.487723214285714385e-02,-3.445870535714285615e-02,-3.459821428571428770e-02,-3.529575892857143155e-02,-3.529575892857143155e-02,-3.487723214285714385e-02,-3.445870535714285615e-02,-3.445870535714285615e-02,-3.431919642857143155e-02,-3.445870535714285615e-02,-3.459821428571428770e-02,-3.501674107142856845e-02,-3.487723214285714385e-02,-3.501674107142856845e-02,-3.459821428571428770e-02,-3.459821428571428770e-02,-3.543526785714285615e-02
2.134486607142857192e-02,2.134486607142857192e-02,2.050781250000000000e-02,2.092633928571428423e-02,2.036830357142857192e-02,2.148437500000000000e-02,2.022879464285714385e-02,2.064732142857142808e-02,2.050781250000000000e-02,2.078683035714285615e-02,2.092633928571428423e-02,2.120535714285714385e-02,2.050781250000000000e-02,1.994977678571428423e-02,1.981026785714285615e-02,2.064732142857142808e-02,2.050781250000000000e-02,2.204241071428571577e-02,2.162388392857142808e-02,2.162388392857142808e-02,2.064732142857142808e-02,2.134486607142857192e-02,2.106584821428571577e-02,2.134486607142857192e-02,2.050781250000000000e-02,2.120535714285714385e-02,2.162388392857142808e-02,2.120535714285714385e-02,2.190290178571428423e-02,2.134486607142857192e-02,2.092633928571428423e-02,2.092633928571428423e-02,2.022879464285714385e-02,2.134486607142857192e-02,2.176339285714285615e-02,2.120535714285714385e-02,1.994977678571428423e-02,2.120535714285714385e-02,2.064732142857142808e-02,2.092633928571428423e-02,2.078683035714285615e-02,2.022879464285714385e-02
1.116071428571428596e-02,1.046316964285714211e-02,1.046316964285714211e-02,1.032366071428571404e-02,1.088169642857142808e-02,1.018415178571428596e-02,1.004464285714285789e-02,1.088169642857142808e-02,1.074218750000000000e-02,9.765625000000000000e-03,9.765625000000000000e-03,9.905133928571428076e-03,1.032366071428571404e-02,1.018415178571428596e-02,1.074218750000000000e-02,9.905133928571428076e-03,9.626116071428571924e-03,1.102120535714285789e-02,1.102120535714285789e-02,1.116071428571428596e-02,1.157924107142857192e-02,1.060267857142857192e-02,1.130022321428571404e-02,1.074218750000000000e-02,1.171875000000000000e-02,1.088169642857142808e-02,1.060267857142857192e-02,1.074218750000000000e-02,1.032366071428571404e-02,1.130022321428571404e-02,1.060267857142857192e-02,1.060267857142857192e-02,1.130022321428571404e-02,1.060267857142857192e-02,1.032366071428571404e-02,1.060267857142857192e-02,1.060267857142857192e-02,1.046316964285714211e-02,1.060267857142857192e-02,1.102120535714285789e-02,1.032366071428571404e-02,1.004464285714285789e-02
-4.994419642857143155e-02,-5.022321428571428770e-02,-5.119977678571428770e-02,-5.022321428571428770e-02,-5.078125000000000000e-02,-5.119977678571428770e-02,-5.036272321428571230e-02,-5.175781250000000000e-02,-5.022321428571428770e-02,-5.147879464285714385e-02,-4.994419642857143155e-02,-5.064174107142856845e-02,-5.078125000000000000e-02,-5.008370535714285615e-02,-5.008370535714285615e-02,-5.133928571428571230e-02,-5.161830357142856845e-02,-5.036272321428571230e-02,-5.022321428571428770e-02,-5.036272321428571230e-02,-4.938616071428571230e-02,-5.175781250000000000e-02,-5.078125000000000000e-02,-5.106026785714285615e-02,-4.952566964285714385e-02,-4.966517857142856845e-02,-4.994419642857143155e-02,-5.050223214285714385e-02,-5.106026785714285615e-02,-5.022321428571428770e-02,-5.022321428571428770e-02,-5.064174107142856845e-02,-4.980468750000000000e-02,-5.078125000000000000e-02,-5.078125000000000000e-02,-5.106026785714285615e-02,-4.966517857142856845e-02,-5.106026785714285615e-02,-5.050223214285714385e-02,-5.036272321428571230e-02,-5.036272321428571230e-02,-5.036272321428571230e-02
4.003906250000000000e-02,3.976004464285714385e-02,3.962053571428571230e-02,3.976004464285714385e-02,3.962053571428571230e-02,4.003906250000000000e-02,3.976004464285714385e-02,3.976004464285714385e-02,3.934151785714285615e-02,3.989955357142856845e-02,3.892299107142856845e-02,3.920200892857143155e-02,3.948102678571428770e-02,3.962053571428571230e-02,3.850446428571428770e-02,3.892299107142856845e-02,3.878348214285714385e-02,4.101562500000000000e-02,4.017857142857143155e-02,4.101562500000000000e-02,4.129464285714285615e-02,4.059709821428571230e-02,4.031808035714285615e-02,4.059709821428571230e-02,4.003906250000000000e-02,3.976004464285714385e-02,4.045758928571428770e-02,4.059709821428571230e-02,3.989955357142856845e-02,4.031808035714285615e-02,4.003906250000000000e-02,3.989955357142856845e-02,3.989955357142856845e-02,4.059709821428571230e-02,4.045758928571428770e-02,3.989955357142856845e-02,3.864397321428571230e-02,3.989955357142856845e-02,3.906250000000000000e-02,4.031808035714285615e-02,3.962053571428571230e-02,3.878348214285714385e-02
8.175223214285713691e-02,8.244977678571428770e-02,8.203125000000000000e-02,8.217075892857142461e-02,8.244977678571428770e-02,8.217075892857142461e-02,8.203125000000000000e-02,8.231026785714286309e-02,8.161272321428571230e-02,8.189174107142857539e-02,8.217075892857142461e-02,8.161272321428571230e-02,8.063616071428571230e-02,8.063616071428571230e-02,8.105468750000000000e-02,8.147321428571428770e-02,8.119419642857142461e-02,8.384486607142857539e-02,8.286830357142857539e-02,8.370535714285713691e-02,8.258928571428571230e-02,8.356584821428571230e-02,8.231026785714286309e-02,8.356584821428571230e-02,8.189174107142857539e-02,8.244977678571428770e-02,8.342633928571428770e-02,8.203125000000000000e-02,8.328683035714286309e-02,8.217075892857142461e-02,8.175223214285713691e-02,8.258928571428571230e-02,8.133370535714286309e-02,8.189174107142857539e-02,8.231026785714286309e-02,8.203125000000000000e-02,8.077566964285713691e-02,8.217075892857142461e-02,8.119419642857142461e-02,8.189174107142857539e-02,8.119419642857142461e-02,8.105468750000000000e-02
5.915178571428571230e-02,5.803571428571428770e-02,5.859375000000000000e-02,5.873325892857143155e-02,5.803571428571428770e-02,5.775669642857143155e-02,5.803571428571428770e-02,5.789620535714285615e-02,5.775669642857143155e-02,5.733816964285714385e-02,5.803571428571428770e-02,5.817522321428571230e-02,5.831473214285714385e-02,5.775669642857143155e-02,5.775669642857143155e-02,5.733816964285714385e-02,5.678013392857143155e-02,5.984933035714285615e-02,5.984933035714285615e-02,5.970982142857143155e-02,6.012834821428571230e-02,5.887276785714285615e-02,5.943080357142856845e-02,5.887276785714285615e-02,5.970982142857143155e-02,5.887276785714285615e-02,5.887276785714285615e-02,5.901227678571428770e-02,5.859375000000000000e-02,5.887276785714285615e-02,5.887276785714285615e-02,5.831473214285714385e-02,5.859375000000000000e-02,5.831473214285714385e-02,5.789620535714285615e-02,5.845424107142856845e-02,5.845424107142856845e-02,5.775669642857143155e-02,5.803571428571428770e-02,5.761718750000000000e-02,5.845424107142856845e-02,5.761718750000000000e-02
-4.785156250000000000e-02,-4.715401785714285615e-02,-4.673549107142856845e-02,-4.715401785714285615e-02,-4.701450892857143155e-02,-4.771205357142856845e-02,-4.701450892857143155e-02,-4.715401785714285615e-02,-4.701450892857143155e-02,-4.743303571428571230e-02,-4.701450892857143155e-02,-4.715401785714285615e-02,-4.645647321428571230e-02,-4.645647321428571230e-02,-4.631696428571428770e-02,-4.645647321428571230e-02,-4.701450892857143155e-02,-4.854910714285714385e-02,-4.827008928571428770e-02,-4.854910714285714385e-02,-4.799107142857143155e-02,-4.840959821428571230e-02,-4.771205357142856845e-02,-4.868861607142856845e-02,-4.827008928571428770e-02,-4.840959821428571230e-02,-4.771205357142856845e-02,-4.757254464285714385e-02,-4.743303571428571230e-02,-4.743303571428571230e-02,-4.715401785714285615e-02,-4.757254464285714385e-02,-4.729352678571428770e-02,-4.715401785714285615e-02,-4.785156250000000000e-02,-4.813058035714285615e-02,-4.701450892857143155e-02,-4.701450892857143155e-02,-4.799107142857143155e-02,-4.715401785714285615e-02,-4.687500000000000000e-02,-4.673549107142856845e-02
-5.524553571428571230e-02,-5.566406250000000000e-02,-5.524553571428571230e-02,-5.538504464285714385e-02,-5.538504464285714385e-02,-5.538504464285714385e-02,-5.538504464285714385e-02,-5.454799107142856845e-02,-5.552455357142856845e-02,-5.524553571428571230e-02,-5.510602678571428770e-02,-5.524553571428571230e-02,-5.440848214285714385e-02,-5.524553571428571230e-02,-5.538504464285714385e-02,-5.524553571428571230e-02,-5.538504464285714385e-02,-5.678013392857143155e-02,-5.678013392857143155e-02,-5.678013392857143155e-02,-5.678013392857143155e-02,-5.608258928571428770e-02,-5.664062500000000000e-02,-5.691964285714285615e-02,-5.664062500000000000e-02,-5.678013392857143155e-02,-5.566406250000000000e-02,-5.636160714285714385e-02,-5.594308035714285615e-02,-5.594308035714285615e-02,-5.552455357142856845e-02,-5.594308035714285615e-02,-5.566406250000000000e-02,-5.608258928571428770e-02,-5.566406250000000000e-02,-5.524553571428571230e-02,-5.552455357142856845e-02,-5.510602678571428770e-02,-5.552455357142856845e-02,-5.552455357142856845e-02,-5.566406250000000000e-02,-5.552455357142856845e-02
-8.649553571428571924e-03,-7.533482142857142981e-03,-7.254464285714285962e-03,-7.812500000000000000e-03,-6.975446428571428943e-03,-7.393973214285714038e-03,-7.114955357142857019e-03,-6.417410714285714038e-03,-7.533482142857142981e-03,-6.417410714285714038e-03,-7.114955357142857019e-03,-6.277901785714285962e-03,-7.812500000000000000e-03,-7.393973214285714038e-03,-8.091517857142857886e-03,-6.138392857142857019e-03,-6.835937500000000000e-03,-8.091517857142857886e-03,-7.952008928571428076e-03,-7.672991071428571057e-03,-9.068080357142857886e-03,-7.812500000000000000e-03,-7.952008928571428076e-03,-7.254464285714285962e-03,-8.649553571428571924e-03,-8.370535714285714038e-03,-6.975446428571428943e-03,-7.952008928571428076e-03,-6.556919642857142981e-03,-7.812500000000000000e-03,-7.952008928571428076e-03,-6.975446428571428943e-03,-8.091517857142857886e-03,-6.975446428571428943e-03,-7.672991071428571057e-03,-7.114955357142857019e-03,-7.812500000000000000e-03,-6.696428571428571057e-03,-7.393973214285714038e-03,-6.835937500000000000e-03,-7.812500000000000000e-03,-6.975446428571428943e-03
-1.994977678571428423e-02,-1.994977678571428423e-02,-1.994977678571428423e-02,-1.911272321428571577e-02,-1.939174107142857192e-02,-1.994977678571428423e-02,-1.953125000000000000e-02,-1.994977678571428423e-02,-1.981026785714285615e-02,-2.036830357142857192e-02,-1.981026785714285615e-02,-2.022879464285714385e-02,-1.953125000000000000e-02,-1.939174107142857192e-02,-1.953125000000000000e-02,-1.939174107142857192e-02,-2.008928571428571577e-02,-2.050781250000000000e-02,-1.994977678571428423e-02,-2.036830357142857192e-02,-1.967075892857142808e-02,-1.953125000000000000e-02,-2.008928571428571577e-02,-2.078683035714285615e-02,-1.939174107142857192e-02,-1.939174107142857192e-02,-1.994977678571428423e-02,-2.008928571428571577e-02,-2.050781250000000000e-02,-1.994977678571428423e-02,-1.994977678571428423e-02,-1.981026785714285615e-02,-1.883370535714285615e-02,-2.022879464285714385e-02,-2.036830357142857192e-02,-1.994977678571428423e-02,-1.981026785714285615e-02,-2.050781250000000000e-02,-1.953125000000000000e-02,-2.008928571428571577e-02,-1.981026785714285615e-02,-1.994977678571428423e-02
-1.354631696428571508e-01,-1.356026785714285754e-01,-1.354631696428571508e-01,-1.350446428571428492e-01,-1.349051339285714246e-01,-1.350446428571428492e-01,-1.351841517857142738e-01,-1.349051339285714246e-01,-1.349051339285714246e-01,-1.351841517857142738e-01,-1.347656250000000000e-01,-1.349051339285714246e-01,-1.340680803571428492e-01,-1.336495535714285754e-01,-1.333705357142857262e-01,-1.344866071428571508e-01,-1.342075892857142738e-01,-1.376953125000000000e-01,-1.371372767857142738e-01,-1.364397321428571508e-01,-1.360212053571428492e-01,-1.369977678571428492e-01,-1.363002232142857262e-01,-1.368582589285714246e-01,-1.354631696428571508e-01,-1.361607142857142738e-01,-1.363002232142857262e-01,-1.360212053571428492e-01,-1.358816964285714246e-01,-1.350446428571428492e-01,-1.353236607142857262e-01,-1.353236607142857262e-01,-1.350446428571428492e-01,-1.360212053571428492e-01,-1.360212053571428492e-01,-1.358816964285714246e-01,-1.346261160714285754e-01,-1.354631696428571508e-01,-1.347656250000000000e-01,-1.343470982142857262e-01,-1.344866071428571508e-01,-1.342075892857142738e-01
-3.459821428571428770e-02,-3.431919642857143155e-02,-3.529575892857143155e-02,-3.417968750000000000e-02,-3.417968750000000000e-02,-3.431919642857143155e-02,-3.501674107142856845e-02,-3.390066964285714385e-02,-3.487723214285714385e-02,-3.431919642857143155e-02,-3.459821428571428770e-02,-3.501674107142856845e-02,-3.459821428571428770e-02,-3.501674107142856845e-02,-3.501674107142856845e-02,-3.445870535714285615e-02,-3.431919642857143155e-02,-3.613281250000000000e-02,-3.501674107142856845e-02,-3.515625000000000000e-02,-3.487723214285714385e-02,-3.501674107142856845e-02,-3.557477678571428770e-02,-3.445870535714285615e-02,-3.543526785714285615e-02,-3.431919642857143155e-02,-3.515625000000000000e-02,-3.515625000000000000e-02,-3.459821428571428770e-02,-3.459821428571428770e-02,-3.529575892857143155e-02,-3.501674107142856845e-02,-3.417968750000000000e-02,-3.529575892857143155e-02,-3.487723214285714385e-02,-3.529575892857143155e-02,-3.501674107142856845e-02,-3.404017857142856845e-02,-3.431919642857143155e-02,-3.431919642857143155e-02,-3.515625000000000000e-02,-3.459821428571428770e-02
1.771763392857142808e-02,1.855468750000000000e-02,1.855468750000000000e-02,1.743861607142857192e-02,1.869419642857142808e-02,1.883370535714285615e-02,1.827566964285714385e-02,1.939174107142857192e-02,1.813616071428571577e-02,1.925223214285714385e-02,1.855468750000000000e-02,1.841517857142857192e-02,1.855468750000000000e-02,1.757812500000000000e-02,1.855468750000000000e-02,1.869419642857142808e-02,1.841517857142857192e-02,1.799665178571428423e-02,1.855468750000000000e-02,1.953125000000000000e-02,1.771763392857142808e-02,1.911272321428571577e-02,1.855468750000000000e-02,1.911272321428571577e-02,1.757812500000000000e-02,1.799665178571428423e-02,1.883370535714285615e-02,1.771763392857142808e-02,1.855468750000000000e-02,1.841517857142857192e-02,1.883370535714285615e-02,1.883370535714285615e-02,1.855468750000000000e-02,1.925223214285714385e-02,1.813616071428571577e-02,1.869419642857142808e-02,1.729910714285714385e-02,1.925223214285714385e-02,1.897321428571428423e-02,1.869419642857142808e-02,1.799665178571428423e-02,1.841517857142857192e-02
9.347098214285714038e-03,8.510044642857142114e-03,8.649553571428571924e-03,8.789062500000000000e-03,8.510044642857142114e-03,8.231026785714285962e-03,8.649553571428571924e-03,7.812500000000000000e-03,8.091517857142857886e-03,7.393973214285714038e-03,7.952008928571428076e-03,7.672991071428571057e-03,8.649553571428571924e-03,8.370535714285714038e-03,8.370535714285714038e-03,7.812500000000000000e-03,7.952008928571428076e-03,8.510044642857142114e-03,8.789062500000000000e-03,9.347098214285714038e-03,9.068080357142857886e-03,8.510044642857142114e-03,9.068080357142857886e-03,8.091517857142857886e-03,8.510044642857142114e-03,8.231026785714285962e-03,8.649553571428571924e-03,8.789062500000000000e-03,8.231026785714285962e-03,8.789062500000000000e-03,8.928571428571428076e-03,8.649553571428571924e-03,8.928571428571428076e-03,8.370535714285714038e-03,8.231026785714285962e-03,7.812500000000000000e-03,8.928571428571428076e-03,8.370535714285714038e-03,8.789062500000000000e-03,7.812500000000000000e-03,7.952008928571428076e-03,8.510044642857142114e-03
-9.444754464285713691e-02,-9.486607142857142461e-02,-9.500558035714286309e-02,-9.626116071428571230e-02,-9.514508928571428770e-02,-9.654017857142857539e-02,-9.584263392857142461e-02,-9.305245535714286309e-02,-9.291294642857142461e-02,-9.416852678571428770e-02,-9.416852678571428770e-02,-9.486607142857142461e-02,-9.514508928571428770e-02,-9.458705357142857539e-02,-9.416852678571428770e-02,-9.416852678571428770e-02,-9.612165178571428770e-02,-9.779575892857142461e-02,-9.612165178571428770e-02,-9.667968750000000000e-02,-9.793526785714286309e-02,-9.807477678571428770e-02,-9.375000000000000000e-02,-9.723772321428571230e-02,-9.388950892857142461e-02,-9.500558035714286309e-02,-9.542410714285713691e-02,-9.695870535714286309e-02,-9.681919642857142461e-02,-9.319196428571428770e-02,-9.723772321428571230e-02,-9.737723214285713691e-02,-9.765625000000000000e-02,-9.542410714285713691e-02,-9.640066964285713691e-02,-9.821428571428571230e-02,-9.458705357142857539e-02,-9.333147321428571230e-02,-9.333147321428571230e-02,-9.570312500000000000e-02,-9.444754464285713691e-02,-9.514508928571428770e-02
-1.813616071428571491e-03,-1.953125000000000000e-03,-2.232142857142857019e-03,-2.650669642857142981e-03,-2.232142857142857019e-03,-3.487723214285714472e-03,-2.790178571428571491e-03,-1.395089285714285637e-04,-6.975446428571428726e-04,-1.116071428571428509e-03,-1.255580357142857236e-03,-2.092633928571428509e-03,-2.929687500000000000e-03,-2.929687500000000000e-03,-2.650669642857142981e-03,-1.674107142857142764e-03,-3.906250000000000000e-03,-3.906250000000000000e-03,-2.929687500000000000e-03,-2.650669642857142981e-03,-4.464285714285714038e-03,-3.627232142857142981e-03,-1.116071428571428509e-03,-2.650669642857142981e-03,-1.674107142857142764e-03,-1.116071428571428509e-03,-1.953125000000000000e-03,-4.324776785714285962e-03,-3.069196428571428509e-03,-6.975446428571428726e-04,-4.324776785714285962e-03,-3.487723214285714472e-03,-5.022321428571428943e-03,-2.511160714285714472e-03,-2.929687500000000000e-03,-4.464285714285714038e-03,-2.650669642857142981e-03,-4.185267857142856911e-04,-1.813616071428571491e-03,-2.929687500000000000e-03,-2.371651785714285528e-03,-2.790178571428571491e-03
4.938616071428571230e-02,4.952566964285714385e-02,4.854910714285714385e-02,4.785156250000000000e-02,4.924665178571428770e-02,4.799107142857143155e-02,4.799107142857143155e-02,5.078125000000000000e-02,5.008370535714285615e-02,5.022321428571428770e-02,4.924665178571428770e-02,4.854910714285714385e-02,4.799107142857143155e-02,4.729352678571428770e-02,4.785156250000000000e-02,4.952566964285714385e-02,4.729352678571428770e-02,4.827008928571428770e-02,4.896763392857143155e-02,4.882812500000000000e-02,4.673549107142856845e-02,4.882812500000000000e-02,4.966517857142856845e-02,4.994419642857143155e-02,4.910714285714285615e-02,4.868861607142856845e-02,4.854910714285714385e-02,4.701450892857143155e-02,4.785156250000000000e-02,4.980468750000000000e-02,4.771205357142856845e-02,4.757254464285714385e-02,4.589843750000000000e-02,4.882812500000000000e-02,4.882812500000000000e-02,4.729352678571428770e-02,4.813058035714285615e-02,5.036272321428571230e-02,4.868861607142856845e-02,4.785156250000000000e-02,4.840959821428571230e-02,4.799107142857143155e-02
3.236607142857143155e-02,3.236607142857143155e-02,3.264508928571428770e-02,3.194754464285714385e-02,3.208705357142856845e-02,3.166852678571428770e-02,3.125000000000000000e-02,3.348214285714285615e-02,3.320312500000000000e-02,3.278459821428571230e-02,3.208705357142856845e-02,3.208705357142856845e-02,3.138950892857143155e-02,3.138950892857143155e-02,3.208705357142856845e-02,3.194754464285714385e-02,3.055245535714285615e-02,3.194754464285714385e-02,3.264508928571428770e-02,3.320312500000000000e-02,3.138950892857143155e-02,3.111049107142857192e-02,3.390066964285714385e-02,3.208705357142856845e-02,3.390066964285714385e-02,3.292410714285714385e-02,3.278459821428571230e-02,3.180803571428571230e-02,3.194754464285714385e-02,3.390066964285714385e-02,3.125000000000000000e-02,3.125000000000000000e-02,3.041294642857142808e-02,3.236607142857143155e-02,3.111049107142857192e-02,3.111049107142857192e-02,3.222656250000000000e-02,3.348214285714285615e-02,3.292410714285714385e-02,3.208705357142856845e-02,3.222656250000000000e-02,3.208705357142856845e-02
-3.083147321428571577e-02,-3.208705357142856845e-02,-3.278459821428571230e-02,-3.529575892857143155e-02,-3.278459821428571230e-02,-3.669084821428571230e-02,-3.543526785714285615e-02,-3.166852678571428770e-02,-3.125000000000000000e-02,-3.404017857142856845e-02,-3.585379464285714385e-02,-3.599330357142856845e-02,-3.696986607142856845e-02,-3.543526785714285615e-02,-3.515625000000000000e-02,-3.250558035714285615e-02,-3.710937500000000000e-02,-3.585379464285714385e-02,-3.473772321428571230e-02,-3.557477678571428770e-02,-3.752790178571428770e-02,-3.836495535714285615e-02,-3.292410714285714385e-02,-3.780691964285714385e-02,-3.278459821428571230e-02,-3.473772321428571230e-02,-3.724888392857143155e-02,-3.892299107142856845e-02,-3.794642857142856845e-02,-3.083147321428571577e-02,-3.557477678571428770e-02,-3.613281250000000000e-02,-3.794642857142856845e-02,-3.404017857142856845e-02,-3.627232142857143155e-02,-3.752790178571428770e-02,-3.501674107142856845e-02,-3.292410714285714385e-02,-3.473772321428571230e-02,-3.696986607142856845e-02,-3.571428571428571230e-02,-3.766741071428571230e-02
5.468750000000000000e-02,5.496651785714285615e-02,5.440848214285714385e-02,5.119977678571428770e-02,5.343191964285714385e-02,5.078125000000000000e-02,5.147879464285714385e-02,5.552455357142856845e-02,5.398995535714285615e-02,5.385044642857143155e-02,5.078125000000000000e-02,5.133928571428571230e-02,4.854910714285714385e-02,4.980468750000000000e-02,5.133928571428571230e-02,5.398995535714285615e-02,5.022321428571428770e-02,5.147879464285714385e-02,5.231584821428571230e-02,5.203683035714285615e-02,4.938616071428571230e-02,4.994419642857143155e-02,5.440848214285714385e-02,5.078125000000000000e-02,5.371093750000000000e-02,5.119977678571428770e-02,5.008370535714285615e-02,4.840959821428571230e-02,4.980468750000000000e-02,5.580357142857143155e-02,5.106026785714285615e-02,5.092075892857143155e-02,4.910714285714285615e-02,5.357142857142856845e-02,5.078125000000000000e-02,4.980468750000000000e-02,5.064174107142856845e-02,5.398995535714285615e-02,5.203683035714285615e-02,4.952566964285714385e-02,5.092075892857143155e-02,4.966517857142856845e-02
9.626116071428571230e-02,9.612165178571428770e-02,9.528459821428571230e-02,9.277343750000000000e-02,9.528459821428571230e-02,9.361049107142857539e-02,9.333147321428571230e-02,9.695870535714286309e-02,9.556361607142857539e-02,9.528459821428571230e-02,9.263392857142857539e-02,9.249441964285713691e-02,9.054129464285713691e-02,9.193638392857142461e-02,9.179687500000000000e-02,9.514508928571428770e-02,9.193638392857142461e-02,9.430803571428571230e-02,9.402901785714286309e-02,9.458705357142857539e-02,9.123883928571428770e-02,9.235491071428571230e-02,9.514508928571428770e-02,9.305245535714286309e-02,9.416852678571428770e-02,9.333147321428571230e-02,9.193638392857142461e-02,9.012276785714286309e-02,9.165736607142857539e-02,9.695870535714286309e-02,9.277343750000000000e-02,9.291294642857142461e-02,9.068080357142857539e-02,9.430803571428571230e-02,9.305245535714286309e-02,9.235491071428571230e-02,9.263392857142857539e-02,9.486607142857142461e-02,9.333147321428571230e-02,9.165736607142857539e-02,9.235491071428571230e-02,9.082031250000000000e-02
6.947544642857142461e-02,6.919642857142857539e-02,6.905691964285713691e-02,6.682477678571428770e-02,6.849888392857142461e-02,6.584821428571428770e-02,6.654575892857142461e-02,6.891741071428571230e-02,6.877790178571428770e-02,6.738281250000000000e-02,6.584821428571428770e-02,6.626674107142857539e-02,6.515066964285713691e-02,6.640625000000000000e-02,6.654575892857142461e-02,6.808035714285713691e-02,6.570870535714286309e-02,6.710379464285713691e-02,6.794084821428571230e-02,6.821986607142857539e-02,6.598772321428571230e-02,6.626674107142857539e-02,6.877790178571428770e-02,6.668526785714286309e-02,6.877790178571428770e-02,6.710379464285713691e-02,6.654575892857142461e-02,6.542968750000000000e-02,6.612723214285713691e-02,7.045200892857142461e-02,6.668526785714286309e-02,6.710379464285713691e-02,6.529017857142857539e-02,6.794084821428571230e-02,6.640625000000000000e-02,6.612723214285713691e-02,6.668526785714286309e-02,6.794084821428571230e-02,6.668526785714286309e-02,6.584821428571428770e-02,6.654575892857142461e-02,6.556919642857142461e-02
0.000000000000000000e+00,-1.395089285714285745e-03,-1.953125000000000000e-03,-4.045758928571428943e-03,-1.813616071428571491e-03,-5.440848214285714038e-03,-4.743303571428571057e-03,-1.953125000000000000e-03,-1.534598214285714255e-03,-4.464285714285714038e-03,-5.161830357142857019e-03,-4.743303571428571057e-03,-6.417410714285714038e-03,-5.998883928571428943e-03,-4.045758928571428943e-03,-1.813616071428571491e-03,-5.440848214285714038e-03,-4.324776785714285962e-03,-4.185267857142857019e-03,-3.906250000000000000e-03,-5.859375000000000000e-03,-7.114955357142857019e-03,-2.371651785714285528e-03,-5.859375000000000000e-03,-2.790178571428571491e-03,-4.185267857142857019e-03,-5.998883928571428943e-03,-7.672991071428571057e-03,-7.254464285714285962e-03,-1.116071428571428509e-03,-4.743303571428571057e-03,-4.324776785714285962e-03,-5.301339285714285962e-03,-4.324776785714285962e-03,-5.440848214285714038e-03,-6.417410714285714038e-03,-4.464285714285714038e-03,-3.487723214285714472e-03,-4.603794642857142981e-03,-6.556919642857142981e-03,-4.882812500000000000e-03,-6.277901785714285962e-03
7.993861607142857539e-02,7.882254464285713691e-02,7.924107142857142461e-02,7.645089285714286309e-02,7.868303571428571230e-02,7.589285714285713691e-02,7.659040178571428770e-02,7.882254464285713691e-02,7.840401785714286309e-02,7.770647321428571230e-02,7.575334821428571230e-02,7.617187500000000000e-02,7.421875000000000000e-02,7.449776785714286309e-02,7.645089285714286309e-02,7.798549107142857539e-02,7.505580357142857539e-02,7.756696428571428770e-02,7.756696428571428770e-02,7.812500000000000000e-02,7.533482142857142461e-02,7.547433035714286309e-02,7.812500000000000000e-02,7.645089285714286309e-02,7.742745535714286309e-02,7.659040178571428770e-02,7.519531250000000000e-02,7.380022321428571230e-02,7.463727678571428770e-02,8.049665178571428770e-02,7.645089285714286309e-02,7.686941964285713691e-02,7.477678571428571230e-02,7.742745535714286309e-02,7.686941964285713691e-02,7.533482142857142461e-02,7.575334821428571230e-02,7.826450892857142461e-02,7.659040178571428770e-02,7.435825892857142461e-02,7.672991071428571230e-02,7.421875000000000000e-02
1.160714285714285754e-01,1.152343750000000000e-01,1.150948660714285754e-01,1.131417410714285754e-01,1.145368303571428631e-01,1.127232142857142877e-01,1.131417410714285754e-01,1.148158482142857123e-01,1.139787946428571369e-01,1.145368303571428631e-01,1.121651785714285754e-01,1.120256696428571369e-01,1.097935267857142877e-01,1.107700892857142877e-01,1.117466517857142877e-01,1.152343750000000000e-01,1.121651785714285754e-01,1.142578125000000000e-01,1.143973214285714246e-01,1.142578125000000000e-01,1.118861607142857123e-01,1.136997767857142877e-01,1.145368303571428631e-01,1.127232142857142877e-01,1.128627232142857123e-01,1.134207589285714246e-01,1.123046875000000000e-01,1.107700892857142877e-01,1.123046875000000000e-01,1.157924107142857123e-01,1.128627232142857123e-01,1.134207589285714246e-01,1.111886160714285754e-01,1.142578125000000000e-01,1.135602678571428631e-01,1.118861607142857123e-01,1.124441964285714246e-01,1.143973214285714246e-01,1.132812500000000000e-01,1.110491071428571369e-01,1.124441964285714246e-01,1.110491071428571369e-01
8.510044642857142461e-02,8.370535714285713691e-02,8.440290178571428770e-02,8.244977678571428770e-02,8.342633928571428770e-02,8.175223214285713691e-02,8.189174107142857539e-02,8.398437500000000000e-02,8.356584821428571230e-02,8.244977678571428770e-02,8.077566964285713691e-02,8.147321428571428770e-02,8.021763392857142461e-02,8.091517857142857539e-02,8.161272321428571230e-02,8.328683035714286309e-02,8.105468750000000000e-02,8.356584821428571230e-02,8.356584821428571230e-02,8.356584821428571230e-02,8.244977678571428770e-02,8.175223214285713691e-02,8.440290178571428770e-02,8.203125000000000000e-02,8.384486607142857539e-02,8.217075892857142461e-02,8.161272321428571230e-02,8.049665178571428770e-02,8.105468750000000000e-02,8.468191964285713691e-02,8.272879464285713691e-02,8.286830357142857539e-02,8.175223214285713691e-02,8.300781250000000000e-02,8.147321428571428770e-02,8.105468750000000000e-02,8.203125000000000000e-02,8.286830357142857539e-02,8.203125000000000000e-02,8.063616071428571230e-02,8.189174107142857539e-02,8.063616071428571230e-02
-1.939174107142857192e-02,-2.036830357142857192e-02,-2.078683035714285615e-02,-2.204241071428571577e-02,-2.050781250000000000e-02,-2.218191964285714385e-02,-2.246093750000000000e-02,-2.106584821428571577e-02,-2.078683035714285615e-02,-2.148437500000000000e-02,-2.204241071428571577e-02,-2.204241071428571577e-02,-2.287946428571428423e-02,-2.301897321428571577e-02,-2.190290178571428423e-02,-2.022879464285714385e-02,-2.190290178571428423e-02,-2.385602678571428423e-02,-2.301897321428571577e-02,-2.273995535714285615e-02,-2.357700892857142808e-02,-2.483258928571428423e-02,-2.176339285714285615e-02,-2.357700892857142808e-02,-2.232142857142857192e-02,-2.287946428571428423e-02,-2.357700892857142808e-02,-2.483258928571428423e-02,-2.427455357142857192e-02,-2.050781250000000000e-02,-2.301897321428571577e-02,-2.287946428571428423e-02,-2.329799107142857192e-02,-2.176339285714285615e-02,-2.260044642857142808e-02,-2.385602678571428423e-02,-2.329799107142857192e-02,-2.176339285714285615e-02,-2.162388392857142808e-02,-2.399553571428571577e-02,-2.190290178571428423e-02,-2.273995535714285615e-02
-2.818080357142857192e-02,-2.845982142857142808e-02,-2.887834821428571577e-02,-3.069196428571428423e-02,-2.915736607142857192e-02,-3.041294642857142808e-02,-3.041294642857142808e-02,-2.901785714285714385e-02,-2.832031250000000000e-02,-2.971540178571428423e-02,-3.055245535714285615e-02,-3.027343750000000000e-02,-3.166852678571428770e-02,-3.055245535714285615e-02,-2.971540178571428423e-02,-2.776227678571428423e-02,-3.013392857142857192e-02,-3.194754464285714385e-02,-3.083147321428571577e-02,-3.138950892857143155e-02,-3.250558035714285615e-02,-3.208705357142856845e-02,-3.083147321428571577e-02,-3.208705357142856845e-02,-3.097098214285714385e-02,-3.152901785714285615e-02,-3.180803571428571230e-02,-3.320312500000000000e-02,-3.236607142857143155e-02,-2.929687500000000000e-02,-3.125000000000000000e-02,-3.083147321428571577e-02,-3.166852678571428770e-02,-3.041294642857142808e-02,-3.069196428571428423e-02,-3.166852678571428770e-02,-3.125000000000000000e-02,-2.957589285714285615e-02,-3.041294642857142808e-02,-3.138950892857143155e-02,-3.027343750000000000e-02,-3.152901785714285615e-02
1.367187500000000000e-02,1.353236607142857192e-02,1.353236607142857192e-02,1.199776785714285789e-02,1.227678571428571404e-02,1.297433035714285789e-02,1.283482142857142808e-02,1.325334821428571404e-02,1.353236607142857192e-02,1.367187500000000000e-02,1.311383928571428596e-02,1.283482142857142808e-02,1.102120535714285789e-02,1.157924107142857192e-02,1.255580357142857192e-02,1.464843750000000000e-02,1.381138392857142808e-02,1.074218750000000000e-02,1.130022321428571404e-02,1.185825892857142808e-02,1.088169642857142808e-02,1.130022321428571404e-02,1.199776785714285789e-02,1.130022321428571404e-02,1.171875000000000000e-02,1.157924107142857192e-02,1.143973214285714211e-02,1.004464285714285789e-02,1.088169642857142808e-02,1.297433035714285789e-02,1.157924107142857192e-02,1.199776785714285789e-02,1.116071428571428596e-02,1.255580357142857192e-02,1.255580357142857192e-02,1.157924107142857192e-02,1.157924107142857192e-02,1.297433035714285789e-02,1.213727678571428596e-02,1.102120535714285789e-02,1.227678571428571404e-02,1.199776785714285789e-02
-3.627232142857142981e-03,-4.464285714285714038e-03,-4.324776785714285962e-03,-5.161830357142857019e-03,-4.185267857142857019e-03,-5.859375000000000000e-03,-5.440848214285714038e-03,-4.324776785714285962e-03,-3.906250000000000000e-03,-4.743303571428571057e-03,-5.580357142857142981e-03,-4.743303571428571057e-03,-5.859375000000000000e-03,-6.138392857142857019e-03,-5.022321428571428943e-03,-4.185267857142857019e-03,-5.440848214285714038e-03,-5.161830357142857019e-03,-4.743303571428571057e-03,-5.022321428571428943e-03,-5.719866071428571057e-03,-6.975446428571428943e-03,-4.882812500000000000e-03,-5.440848214285714038e-03,-4.882812500000000000e-03,-5.719866071428571057e-03,-5.719866071428571057e-03,-6.417410714285714038e-03,-6.277901785714285962e-03,-4.045758928571428943e-03,-5.580357142857142981e-03,-5.719866071428571057e-03,-5.859375000000000000e-03,-5.301339285714285962e-03,-5.859375000000000000e-03,-5.859375000000000000e-03,-5.859375000000000000e-03,-5.161830357142857019e-03,-5.022321428571428943e-03,-5.719866071428571057e-03,-5.161830357142857019e-03,-5.998883928571428943e-03
-1.198381696428571369e-01,-1.196986607142857123e-01,-1.201171875000000000e-01,-1.215122767857142877e-01,-1.196986607142857123e-01,-1.223493303571428631e-01,-1.222098214285714246e-01,-1.210937500000000000e-01,-1.198381696428571369e-01,-1.216517857142857123e-01,-1.219308035714285754e-01,-1.201171875000000000e-01,-1.229073660714285754e-01,-1.212332589285714246e-01,-1.205357142857142877e-01,-1.187220982142857123e-01,-1.212332589285714246e-01,-1.240234375000000000e-01,-1.234654017857142877e-01,-1.233258928571428631e-01,-1.241629464285714246e-01,-1.250000000000000000e-01,-1.222098214285714246e-01,-1.250000000000000000e-01,-1.209542410714285754e-01,-1.238839285714285754e-01,-1.243024553571428631e-01,-1.243024553571428631e-01,-1.244419642857142877e-01,-1.201171875000000000e-01,-1.217912946428571369e-01,-1.219308035714285754e-01,-1.219308035714285754e-01,-1.217912946428571369e-01,-1.227678571428571369e-01,-1.230468750000000000e-01,-1.222098214285714246e-01,-1.219308035714285754e-01,-1.224888392857142877e-01,-1.227678571428571369e-01,-1.210937500000000000e-01,-1.220703125000000000e-01
-2.092633928571428423e-02,-2.106584821428571577e-02,-2.162388392857142808e-02,-2.204241071428571577e-02,-2.106584821428571577e-02,-2.301897321428571577e-02,-2.287946428571428423e-02,-2.134486607142857192e-02,-2.134486607142857192e-02,-2.273995535714285615e-02,-2.287946428571428423e-02,-2.260044642857142808e-02,-2.371651785714285615e-02,-2.301897321428571577e-02,-2.301897321428571577e-02,-2.036830357142857192e-02,-2.204241071428571577e-02,-2.301897321428571577e-02,-2.287946428571428423e-02,-2.343750000000000000e-02,-2.399553571428571577e-02,-2.413504464285714385e-02,-2.190290178571428423e-02,-2.399553571428571577e-02,-2.246093750000000000e-02,-2.301897321428571577e-02,-2.385602678571428423e-02,-2.441406250000000000e-02,-2.371651785714285615e-02,-2.078683035714285615e-02,-2.329799107142857192e-02,-2.260044642857142808e-02,-2.413504464285714385e-02,-2.232142857142857192e-02,-2.287946428571428423e-02,-2.329799107142857192e-02,-2.357700892857142808e-02,-2.218191964285714385e-02,-2.287946428571428423e-02,-2.371651785714285615e-02,-2.246093750000000000e-02,-2.371651785714285615e-02
2.790178571428571577e-02,2.818080357142857192e-02,2.818080357142857192e-02,2.650669642857142808e-02,2.804129464285714385e-02,2.734375000000000000e-02,2.706473214285714385e-02,2.790178571428571577e-02,2.804129464285714385e-02,2.706473214285714385e-02,2.692522321428571577e-02,2.776227678571428423e-02,2.525111607142857192e-02,2.608816964285714385e-02,2.608816964285714385e-02,2.887834821428571577e-02,2.692522321428571577e-02,2.664620535714285615e-02,2.692522321428571577e-02,2.678571428571428423e-02,2.622767857142857192e-02,2.706473214285714385e-02,2.776227678571428423e-02,2.650669642857142808e-02,2.636718750000000000e-02,2.622767857142857192e-02,2.636718750000000000e-02,2.566964285714285615e-02,2.650669642857142808e-02,2.845982142857142808e-02,2.664620535714285615e-02,2.734375000000000000e-02,2.636718750000000000e-02,2.804129464285714385e-02,2.734375000000000000e-02,2.678571428571428423e-02,2.566964285714285615e-02,2.748325892857142808e-02,2.622767857142857192e-02,2.580915178571428423e-02,2.636718750000000000e-02,2.678571428571428423e-02
1.562500000000000000e-02,1.506696428571428596e-02,1.492745535714285789e-02,1.450892857142857192e-02,1.464843750000000000e-02,1.395089285714285789e-02,1.325334821428571404e-02,1.422991071428571404e-02,1.492745535714285789e-02,1.395089285714285789e-02,1.353236607142857192e-02,1.353236607142857192e-02,1.325334821428571404e-02,1.297433035714285789e-02,1.353236607142857192e-02,1.436941964285714211e-02,1.311383928571428596e-02,1.422991071428571404e-02,1.450892857142857192e-02,1.409040178571428596e-02,1.422991071428571404e-02,1.381138392857142808e-02,1.422991071428571404e-02,1.381138392857142808e-02,1.464843750000000000e-02,1.395089285714285789e-02,1.339285714285714211e-02,1.325334821428571404e-02,1.367187500000000000e-02,1.548549107142857192e-02,1.395089285714285789e-02,1.422991071428571404e-02,1.367187500000000000e-02,1.367187500000000000e-02,1.409040178571428596e-02,1.339285714285714211e-02,1.367187500000000000e-02,1.353236607142857192e-02,1.395089285714285789e-02,1.297433035714285789e-02,1.353236607142857192e-02,1.353236607142857192e-02
-1.132812500000000000e-01,-1.136997767857142877e-01,-1.128627232142857123e-01,-1.178850446428571369e-01,-1.131417410714285754e-01,-1.187220982142857123e-01,-1.176060267857142877e-01,-1.130022321428571369e-01,-1.132812500000000000e-01,-1.153738839285714246e-01,-1.180245535714285754e-01,-1.173270089285714246e-01,-1.206752232142857123e-01,-1.181640625000000000e-01,-1.170479910714285754e-01,-1.107700892857142877e-01,-1.164899553571428631e-01,-1.210937500000000000e-01,-1.191406250000000000e-01,-1.201171875000000000e-01,-1.229073660714285754e-01,-1.229073660714285754e-01,-1.171875000000000000e-01,-1.216517857142857123e-01,-1.180245535714285754e-01,-1.203962053571428631e-01,-1.229073660714285754e-01,-1.231863839285714246e-01,-1.220703125000000000e-01,-1.132812500000000000e-01,-1.191406250000000000e-01,-1.180245535714285754e-01,-1.205357142857142877e-01,-1.160714285714285754e-01,-1.190011160714285754e-01,-1.191406250000000000e-01,-1.192801339285714246e-01,-1.157924107142857123e-01,-1.183035714285714246e-01,-1.192801339285714246e-01,-1.180245535714285754e-01,-1.190011160714285754e-01
-8.663504464285713691e-02,-8.761160714285713691e-02,-8.761160714285713691e-02,-9.082031250000000000e-02,-8.761160714285713691e-02,-9.235491071428571230e-02,-9.123883928571428770e-02,-8.719308035714286309e-02,-8.761160714285713691e-02,-8.956473214285713691e-02,-9.151785714285713691e-02,-9.151785714285713691e-02,-9.472656250000000000e-02,-9.291294642857142461e-02,-9.109933035714286309e-02,-8.523995535714286309e-02,-9.054129464285713691e-02,-9.444754464285713691e-02,-9.221540178571428770e-02,-9.347098214285713691e-02,-9.612165178571428770e-02,-9.612165178571428770e-02,-9.221540178571428770e-02,-9.570312500000000000e-02,-9.165736607142857539e-02,-9.402901785714286309e-02,-9.626116071428571230e-02,-9.737723214285713691e-02,-9.612165178571428770e-02,-8.775111607142857539e-02,-9.319196428571428770e-02,-9.249441964285713691e-02,-9.430803571428571230e-02,-9.068080357142857539e-02,-9.263392857142857539e-02,-9.319196428571428770e-02,-9.347098214285713691e-02,-9.012276785714286309e-02,-9.193638392857142461e-02,-9.375000000000000000e-02,-9.249441964285713691e-02,-9.333147321428571230e-02
-3.599330357142856845e-02,-3.710937500000000000e-02,-3.669084821428571230e-02,-3.934151785714285615e-02,-3.641183035714285615e-02,-3.989955357142856845e-02,-3.878348214285714385e-02,-3.543526785714285615e-02,-3.696986607142856845e-02,-3.752790178571428770e-02,-3.962053571428571230e-02,-3.976004464285714385e-02,-4.282924107142856845e-02,-4.073660714285714385e-02,-3.976004464285714385e-02,-3.348214285714285615e-02,-3.850446428571428770e-02,-4.129464285714285615e-02,-4.059709821428571230e-02,-4.115513392857143155e-02,-4.268973214285714385e-02,-4.296875000000000000e-02,-3.948102678571428770e-02,-4.227120535714285615e-02,-4.031808035714285615e-02,-4.143415178571428770e-02,-4.324776785714285615e-02,-4.394531250000000000e-02,-4.255022321428571230e-02,-3.571428571428571230e-02,-4.087611607142856845e-02,-3.976004464285714385e-02,-4.199218750000000000e-02,-3.780691964285714385e-02,-4.003906250000000000e-02,-4.017857142857143155e-02,-4.087611607142856845e-02,-3.836495535714285615e-02,-4.031808035714285615e-02,-4.087611607142856845e-02,-4.003906250000000000e-02,-4.073660714285714385e-02
-4.268973214285714385e-02,-4.380580357142856845e-02,-4.338727678571428770e-02,-4.492187500000000000e-02,-4.338727678571428770e-02,-4.673549107142856845e-02,-4.589843750000000000e-02,-4.352678571428571230e-02,-4.324776785714285615e-02,-4.436383928571428770e-02,-4.673549107142856845e-02,-4.603794642857143155e-02,-4.743303571428571230e-02,-4.645647321428571230e-02,-4.547991071428571230e-02,-4.296875000000000000e-02,-4.589843750000000000e-02,-4.687500000000000000e-02,-4.603794642857143155e-02,-4.645647321428571230e-02,-4.827008928571428770e-02,-4.896763392857143155e-02,-4.506138392857143155e-02,-4.868861607142856845e-02,-4.506138392857143155e-02,-4.631696428571428770e-02,-4.813058035714285615e-02,-4.910714285714285615e-02,-4.854910714285714385e-02,-4.338727678571428770e-02,-4.603794642857143155e-02,-4.603794642857143155e-02,-4.701450892857143155e-02,-4.520089285714285615e-02,-4.645647321428571230e-02,-4.729352678571428770e-02,-4.687500000000000000e-02,-4.534040178571428770e-02,-4.589843750000000000e-02,-4.729352678571428770e-02,-4.687500000000000000e-02,-4.673549107142856845e-02
-2.882254464285714524e-01,-2.931082589285714524e-01,-2.892020089285714524e-01,-2.945033482142856984e-01,-2.901785714285714524e-01,-2.965959821428571508e-01,-2.970145089285714524e-01,-2.894810267857143016e-01,-2.905970982142856984e-01,-2.925502232142856984e-01,-2.943638392857143016e-01,-2.953404017857143016e-01,-2.998046875000000000e-01,-2.970145089285714524e-01,-2.940848214285714524e-01,-2.851562500000000000e-01,-2.928292410714285476e-01,-3.044084821428571508e-01,-3.002232142857143016e-01,-3.021763392857143016e-01,-3.048270089285714524e-01,-3.058035714285714524e-01,-2.972935267857143016e-01,-3.038504464285714524e-01,-2.999441964285714524e-01,-3.027343750000000000e-01,-3.039899553571428492e-01,-3.062220982142856984e-01,-3.060825892857143016e-01,-2.911551339285714524e-01,-2.957589285714285476e-01,-2.985491071428571508e-01,-2.996651785714285476e-01,-2.958984375000000000e-01,-2.993861607142856984e-01,-2.982700892857143016e-01,-2.977120535714285476e-01,-2.947823660714285476e-01,-2.964564732142856984e-01,-2.979910714285714524e-01,-2.957589285714285476e-01,-3.002232142857143016e-01
-2.244698660714285754e-01,-2.278180803571428492e-01,-2.248883928571428492e-01,-2.289341517857142738e-01,-2.258649553571428492e-01,-2.311662946428571508e-01,-2.317243303571428492e-01,-2.251674107142857262e-01,-2.264229910714285754e-01,-2.283761160714285754e-01,-2.290736607142857262e-01,-2.294921875000000000e-01,-2.336774553571428492e-01,-2.311662946428571508e-01,-2.282366071428571508e-01,-2.220982142857142738e-01,-2.276785714285714246e-01,-2.364676339285714246e-01,-2.327008928571428492e-01,-2.336774553571428492e-01,-2.371651785714285754e-01,-2.371651785714285754e-01,-2.315848214285714246e-01,-2.361886160714285754e-01,-2.327008928571428492e-01,-2.349330357142857262e-01,-2.361886160714285754e-01,-2.384207589285714246e-01,-2.380022321428571508e-01,-2.267020089285714246e-01,-2.306082589285714246e-01,-2.320033482142857262e-01,-2.332589285714285754e-01,-2.300502232142857262e-01,-2.333984375000000000e-01,-2.328404017857142738e-01,-2.322823660714285754e-01,-2.292131696428571508e-01,-2.310267857142857262e-01,-2.321428571428571508e-01,-2.306082589285714246e-01,-2.336774553571428492e-01
-1.382533482142857262e-01,-1.425781250000000000e-01,-1.399274553571428492e-01,-1.420200892857142738e-01,-1.403459821428571508e-01,-1.435546875000000000e-01,-1.436941964285714246e-01,-1.396484375000000000e-01,-1.404854910714285754e-01,-1.420200892857142738e-01,-1.424386160714285754e-01,-1.434151785714285754e-01,-1.459263392857142738e-01,-1.442522321428571508e-01,-1.427176339285714246e-01,-1.367187500000000000e-01,-1.414620535714285754e-01,-1.476004464285714246e-01,-1.452287946428571508e-01,-1.462053571428571508e-01,-1.480189732142857262e-01,-1.481584821428571508e-01,-1.450892857142857262e-01,-1.466238839285714246e-01,-1.460658482142857262e-01,-1.469029017857142738e-01,-1.476004464285714246e-01,-1.491350446428571508e-01,-1.491350446428571508e-01,-1.400669642857142738e-01,-1.434151785714285754e-01,-1.449497767857142738e-01,-1.462053571428571508e-01,-1.432756696428571508e-01,-1.443917410714285754e-01,-1.448102678571428492e-01,-1.446707589285714246e-01,-1.425781250000000000e-01,-1.438337053571428492e-01,-1.446707589285714246e-01,-1.434151785714285754e-01,-1.469029017857142738e-01
-1.166294642857142877e-01,-1.183035714285714246e-01,-1.170479910714285754e-01,-1.194196428571428631e-01,-1.176060267857142877e-01,-1.205357142857142877e-01,-1.209542410714285754e-01,-1.176060267857142877e-01,-1.176060267857142877e-01,-1.191406250000000000e-01,-1.203962053571428631e-01,-1.195591517857142877e-01,-1.220703125000000000e-01,-1.209542410714285754e-01,-1.191406250000000000e-01,-1.166294642857142877e-01,-1.190011160714285754e-01,-1.224888392857142877e-01,-1.209542410714285754e-01,-1.216517857142857123e-01,-1.227678571428571369e-01,-1.230468750000000000e-01,-1.206752232142857123e-01,-1.231863839285714246e-01,-1.208147321428571369e-01,-1.223493303571428631e-01,-1.222098214285714246e-01,-1.234654017857142877e-01,-1.233258928571428631e-01,-1.181640625000000000e-01,-1.203962053571428631e-01,-1.203962053571428631e-01,-1.212332589285714246e-01,-1.199776785714285754e-01,-1.215122767857142877e-01,-1.210937500000000000e-01,-1.212332589285714246e-01,-1.199776785714285754e-01,-1.199776785714285754e-01,-1.215122767857142877e-01,-1.202566964285714246e-01,-1.217912946428571369e-01
-1.950334821428571508e-01,-1.968470982142857262e-01,-1.957310267857142738e-01,-1.972656250000000000e-01,-1.961495535714285754e-01,-1.983816964285714246e-01,-1.989397321428571508e-01,-1.955915178571428492e-01,-1.958705357142857262e-01,-1.962890625000000000e-01,-1.974051339285714246e-01,-1.971261160714285754e-01,-1.982421875000000000e-01,-1.968470982142857262e-01,-1.964285714285714246e-01,-1.940569196428571508e-01,-1.967075892857142738e-01,-2.014508928571428492e-01,-2.001953125000000000e-01,-2.007533482142857262e-01,-2.011718750000000000e-01,-2.018694196428571508e-01,-1.989397321428571508e-01,-2.020089285714285754e-01,-1.992187500000000000e-01,-2.000558035714285754e-01,-2.010323660714285754e-01,-2.013113839285714246e-01,-2.013113839285714246e-01,-1.965680803571428492e-01,-1.975446428571428492e-01,-1.988002232142857262e-01,-1.983816964285714246e-01,-1.976841517857142738e-01,-2.004743303571428492e-01,-1.983816964285714246e-01,-1.983816964285714246e-01,-1.972656250000000000e-01,-1.974051339285714246e-01,-1.989397321428571508e-01,-1.979631696428571508e-01,-1.997767857142857262e-01
-1.152343750000000000e-01,-1.155133928571428631e-01,-1.143973214285714246e-01,-1.160714285714285754e-01,-1.152343750000000000e-01,-1.164899553571428631e-01,-1.169084821428571369e-01,-1.143973214285714246e-01,-1.143973214285714246e-01,-1.148158482142857123e-01,-1.155133928571428631e-01,-1.156529017857142877e-01,-1.174665178571428631e-01,-1.164899553571428631e-01,-1.150948660714285754e-01,-1.130022321428571369e-01,-1.150948660714285754e-01,-1.188616071428571369e-01,-1.180245535714285754e-01,-1.177455357142857123e-01,-1.185825892857142877e-01,-1.187220982142857123e-01,-1.169084821428571369e-01,-1.183035714285714246e-01,-1.174665178571428631e-01,-1.184430803571428631e-01,-1.181640625000000000e-01,-1.180245535714285754e-01,-1.187220982142857123e-01,-1.145368303571428631e-01,-1.162109375000000000e-01,-1.166294642857142877e-01,-1.171875000000000000e-01,-1.157924107142857123e-01,-1.174665178571428631e-01,-1.163504464285714246e-01,-1.169084821428571369e-01,-1.153738839285714246e-01,-1.164899553571428631e-01,-1.163504464285714246e-01,-1.156529017857142877e-01,-1.167689732142857123e-01
-5.440848214285714385e-02,-5.552455357142856845e-02,-5.552455357142856845e-02,-5.552455357142856845e-02,-5.566406250000000000e-02,-5.608258928571428770e-02,-5.636160714285714385e-02,-5.496651785714285615e-02,-5.552455357142856845e-02,-5.552455357142856845e-02,-5.482700892857143155e-02,-5.580357142857143155e-02,-5.636160714285714385e-02,-5.691964285714285615e-02,-5.608258928571428770e-02,-5.426897321428571230e-02,-5.496651785714285615e-02,-5.761718750000000000e-02,-5.747767857142856845e-02,-5.761718750000000000e-02,-5.733816964285714385e-02,-5.747767857142856845e-02,-5.719866071428571230e-02,-5.608258928571428770e-02,-5.678013392857143155e-02,-5.650111607142856845e-02,-5.733816964285714385e-02,-5.789620535714285615e-02,-5.733816964285714385e-02,-5.482700892857143155e-02,-5.650111607142856845e-02,-5.608258928571428770e-02,-5.705915178571428770e-02,-5.608258928571428770e-02,-5.636160714285714385e-02,-5.594308035714285615e-02,-5.594308035714285615e-02,-5.566406250000000000e-02,-5.678013392857143155e-02,-5.678013392857143155e-02,-5.552455357142856845e-02,-5.747767857142856845e-02
-5.719866071428571230e-02,-5.705915178571428770e-02,-5.636160714285714385e-02,-5.705915178571428770e-02,-5.705915178571428770e-02,-5.733816964285714385e-02,-5.775669642857143155e-02,-5.594308035714285615e-02,-5.678013392857143155e-02,-5.594308035714285615e-02,-5.761718750000000000e-02,-5.691964285714285615e-02,-5.831473214285714385e-02,-5.789620535714285615e-02,-5.733816964285714385e-02,-5.650111607142856845e-02,-5.761718750000000000e-02,-5.803571428571428770e-02,-5.719866071428571230e-02,-5.747767857142856845e-02,-5.775669642857143155e-02,-5.845424107142856845e-02,-5.678013392857143155e-02,-5.831473214285714385e-02,-5.705915178571428770e-02,-5.831473214285714385e-02,-5.803571428571428770e-02,-5.789620535714285615e-02,-5.817522321428571230e-02,-5.691964285714285615e-02,-5.691964285714285615e-02,-5.719866071428571230e-02,-5.719866071428571230e-02,-5.678013392857143155e-02,-5.845424107142856845e-02,-5.761718750000000000e-02,-5.789620535714285615e-02,-5.678013392857143155e-02,-5.733816964285714385e-02,-5.775669642857143155e-02,-5.719866071428571230e-02,-5.803571428571428770e-02
-1.868024553571428492e-01,-1.873604910714285754e-01,-1.868024553571428492e-01,-1.876395089285714246e-01,-1.866629464285714246e-01,-1.875000000000000000e-01,-1.891741071428571508e-01,-1.875000000000000000e-01,-1.865234375000000000e-01,-1.872209821428571508e-01,-1.872209821428571508e-01,-1.877790178571428492e-01,-1.876395089285714246e-01,-1.872209821428571508e-01,-1.868024553571428492e-01,-1.859654017857142738e-01,-1.879185267857142738e-01,-1.909877232142857262e-01,-1.897321428571428492e-01,-1.897321428571428492e-01,-1.895926339285714246e-01,-1.907087053571428492e-01,-1.891741071428571508e-01,-1.914062500000000000e-01,-1.887555803571428492e-01,-1.898716517857142738e-01,-1.897321428571428492e-01,-1.897321428571428492e-01,-1.905691964285714246e-01,-1.881975446428571508e-01,-1.881975446428571508e-01,-1.890345982142857262e-01,-1.884765625000000000e-01,-1.884765625000000000e-01,-1.893136160714285754e-01,-1.884765625000000000e-01,-1.886160714285714246e-01,-1.881975446428571508e-01,-1.883370535714285754e-01,-1.888950892857142738e-01,-1.887555803571428492e-01,-1.895926339285714246e-01
-7.366071428571428770e-02,-7.421875000000000000e-02,-7.324218750000000000e-02,-7.477678571428571230e-02,-7.463727678571428770e-02,-7.393973214285713691e-02,-7.449776785714286309e-02,-7.352120535714286309e-02,-7.407924107142857539e-02,-7.338169642857142461e-02,-7.519531250000000000e-02,-7.491629464285713691e-02,-7.505580357142857539e-02,-7.435825892857142461e-02,-7.393973214285713691e-02,-7.338169642857142461e-02,-7.421875000000000000e-02,-7.561383928571428770e-02,-7.533482142857142461e-02,-7.547433035714286309e-02,-7.519531250000000000e-02,-7.589285714285713691e-02,-7.421875000000000000e-02,-7.519531250000000000e-02,-7.561383928571428770e-02,-7.603236607142857539e-02,-7.519531250000000000e-02,-7.589285714285713691e-02,-7.645089285714286309e-02,-7.449776785714286309e-02,-7.505580357142857539e-02,-7.505580357142857539e-02,-7.505580357142857539e-02,-7.393973214285713691e-02,-7.533482142857142461e-02,-7.449776785714286309e-02,-7.505580357142857539e-02,-7.407924107142857539e-02,-7.491629464285713691e-02,-7.491629464285713691e-02,-7.435825892857142461e-02,-7.575334821428571230e-02
-1.199776785714285789e-02,-1.269531250000000000e-02,-1.339285714285714211e-02,-1.269531250000000000e-02,-1.297433035714285789e-02,-1.283482142857142808e-02,-1.269531250000000000e-02,-1.297433035714285789e-02,-1.241629464285714211e-02,-1.283482142857142808e-02,-1.227678571428571404e-02,-1.311383928571428596e-02,-1.339285714285714211e-02,-1.409040178571428596e-02,-1.283482142857142808e-02,-1.199776785714285789e-02,-1.269531250000000000e-02,-1.255580357142857192e-02,-1.353236607142857192e-02,-1.353236607142857192e-02,-1.381138392857142808e-02,-1.325334821428571404e-02,-1.367187500000000000e-02,-1.227678571428571404e-02,-1.422991071428571404e-02,-1.241629464285714211e-02,-1.339285714285714211e-02,-1.395089285714285789e-02,-1.422991071428571404e-02,-1.213727678571428596e-02,-1.311383928571428596e-02,-1.311383928571428596e-02,-1.325334821428571404e-02,-1.255580357142857192e-02,-1.241629464285714211e-02,-1.283482142857142808e-02,-1.311383928571428596e-02,-1.255580357142857192e-02,-1.339285714285714211e-02,-1.325334821428571404e-02,-1.283482142857142808e-02,-1.395089285714285789e-02
-1.325334821428571404e-02,-1.367187500000000000e-02,-1.339285714285714211e-02,-1.339285714285714211e-02,-1.339285714285714211e-02,-1.325334821428571404e-02,-1.395089285714285789e-02,-1.367187500000000000e-02,-1.311383928571428596e-02,-1.297433035714285789e-02,-1.450892857142857192e-02,-1.367187500000000000e-02,-1.422991071428571404e-02,-1.381138392857142808e-02,-1.353236607142857192e-02,-1.353236607142857192e-02,-1.409040178571428596e-02,-1.353236607142857192e-02,-1.283482142857142808e-02,-1.311383928571428596e-02,-1.325334821428571404e-02,-1.422991071428571404e-02,-1.311383928571428596e-02,-1.367187500000000000e-02,-1.269531250000000000e-02,-1.436941964285714211e-02,-1.325334821428571404e-02,-1.409040178571428596e-02,-1.353236607142857192e-02,-1.353236607142857192e-02,-1.297433035714285789e-02,-1.381138392857142808e-02,-1.339285714285714211e-02,-1.353236607142857192e-02,-1.381138392857142808e-02,-1.311383928571428596e-02,-1.367187500000000000e-02,-1.395089285714285789e-02,-1.367187500000000000e-02,-1.339285714285714211e-02,-1.422991071428571404e-02,-1.450892857142857192e-02
-1.655970982142857262e-01,-1.676897321428571508e-01,-1.654575892857142738e-01,-1.669921875000000000e-01,-1.648995535714285754e-01,-1.665736607142857262e-01,-1.671316964285714246e-01,-1.661551339285714246e-01,-1.661551339285714246e-01,-1.643415178571428492e-01,-1.661551339285714246e-01,-1.644810267857142738e-01,-1.667131696428571508e-01,-1.654575892857142738e-01,-1.657366071428571508e-01,-1.648995535714285754e-01,-1.644810267857142738e-01,-1.697823660714285754e-01,-1.683872767857142738e-01,-1.693638392857142738e-01,-1.686662946428571508e-01,-1.696428571428571508e-01,-1.686662946428571508e-01,-1.713169642857142738e-01,-1.682477678571428492e-01,-1.689453125000000000e-01,-1.692243303571428492e-01,-1.697823660714285754e-01,-1.689453125000000000e-01,-1.667131696428571508e-01,-1.679687500000000000e-01,-1.671316964285714246e-01,-1.681082589285714246e-01,-1.668526785714285754e-01,-1.678292410714285754e-01,-1.667131696428571508e-01,-1.662946428571428492e-01,-1.669921875000000000e-01,-1.660156250000000000e-01,-1.671316964285714246e-01,-1.650390625000000000e-01,-1.671316964285714246e-01
-1.318359375000000000e-01,-1.323939732142857262e-01,-1.315569196428571508e-01,-1.322544642857142738e-01,-1.308593750000000000e-01,-1.318359375000000000e-01,-1.321149553571428492e-01,-1.315569196428571508e-01,-1.319754464285714246e-01,-1.308593750000000000e-01,-1.318359375000000000e-01,-1.308593750000000000e-01,-1.322544642857142738e-01,-1.309988839285714246e-01,-1.316964285714285754e-01,-1.305803571428571508e-01,-1.314174107142857262e-01,-1.342075892857142738e-01,-1.332310267857142738e-01,-1.343470982142857262e-01,-1.330915178571428492e-01,-1.335100446428571508e-01,-1.332310267857142738e-01,-1.346261160714285754e-01,-1.336495535714285754e-01,-1.339285714285714246e-01,-1.347656250000000000e-01,-1.346261160714285754e-01,-1.333705357142857262e-01,-1.318359375000000000e-01,-1.328125000000000000e-01,-1.322544642857142738e-01,-1.329520089285714246e-01,-1.322544642857142738e-01,-1.329520089285714246e-01,-1.321149553571428492e-01,-1.323939732142857262e-01,-1.323939732142857262e-01,-1.318359375000000000e-01,-1.326729910714285754e-01,-1.305803571428571508e-01,-1.328125000000000000e-01
-6.975446428571428770e-02,-6.989397321428571230e-02,-6.919642857142857539e-02,-6.919642857142857539e-02,-6.877790178571428770e-02,-6.905691964285713691e-02,-6.933593750000000000e-02,-6.891741071428571230e-02,-6.947544642857142461e-02,-6.877790178571428770e-02,-6.821986607142857539e-02,-6.835937500000000000e-02,-7.114955357142857539e-02,-6.919642857142857539e-02,-7.045200892857142461e-02,-6.710379464285713691e-02,-6.821986607142857539e-02,-7.142857142857142461e-02,-7.114955357142857539e-02,-7.087053571428571230e-02,-7.031250000000000000e-02,-6.975446428571428770e-02,-7.128906250000000000e-02,-7.101004464285713691e-02,-7.073102678571428770e-02,-7.017299107142857539e-02,-7.114955357142857539e-02,-7.170758928571428770e-02,-7.059151785714286309e-02,-6.947544642857142461e-02,-7.017299107142857539e-02,-6.919642857142857539e-02,-7.073102678571428770e-02,-6.975446428571428770e-02,-7.017299107142857539e-02,-7.003348214285713691e-02,-6.947544642857142461e-02,-6.989397321428571230e-02,-6.877790178571428770e-02,-7.003348214285713691e-02,-6.863839285714286309e-02,-6.989397321428571230e-02
-6.598772321428571230e-02,-6.724330357142857539e-02,-6.570870535714286309e-02,-6.654575892857142461e-02,-6.542968750000000000e-02,-6.598772321428571230e-02,-6.696428571428571230e-02,-6.738281250000000000e-02,-6.640625000000000000e-02,-6.584821428571428770e-02,-6.668526785714286309e-02,-6.598772321428571230e-02,-6.654575892857142461e-02,-6.626674107142857539e-02,-6.682477678571428770e-02,-6.612723214285713691e-02,-6.752232142857142461e-02,-6.766183035714286309e-02,-6.668526785714286309e-02,-6.654575892857142461e-02,-6.654575892857142461e-02,-6.724330357142857539e-02,-6.654575892857142461e-02,-6.835937500000000000e-02,-6.696428571428571230e-02,-6.710379464285713691e-02,-6.738281250000000000e-02,-6.752232142857142461e-02,-6.724330357142857539e-02,-6.640625000000000000e-02,-6.682477678571428770e-02,-6.724330357142857539e-02,-6.710379464285713691e-02,-6.654575892857142461e-02,-6.794084821428571230e-02,-6.626674107142857539e-02,-6.612723214285713691e-02,-6.696428571428571230e-02,-6.626674107142857539e-02,-6.710379464285713691e-02,-6.598772321428571230e-02,-6.724330357142857539e-02
-1.708984375000000000e-01,-1.706194196428571508e-01,-1.693638392857142738e-01,-1.710379464285714246e-01,-1.696428571428571508e-01,-1.708984375000000000e-01,-1.721540178571428492e-01,-1.707589285714285754e-01,-1.699218750000000000e-01,-1.688058035714285754e-01,-1.710379464285714246e-01,-1.693638392857142738e-01,-1.704799107142857262e-01,-1.696428571428571508e-01,-1.700613839285714246e-01,-1.697823660714285754e-01,-1.700613839285714246e-01,-1.738281250000000000e-01,-1.729910714285714246e-01,-1.725725446428571508e-01,-1.727120535714285754e-01,-1.727120535714285754e-01,-1.725725446428571508e-01,-1.748046875000000000e-01,-1.713169642857142738e-01,-1.739676339285714246e-01,-1.727120535714285754e-01,-1.724330357142857262e-01,-1.720145089285714246e-01,-1.702008928571428492e-01,-1.717354910714285754e-01,-1.707589285714285754e-01,-1.711774553571428492e-01,-1.704799107142857262e-01,-1.720145089285714246e-01,-1.717354910714285754e-01,-1.714564732142857262e-01,-1.714564732142857262e-01,-1.706194196428571508e-01,-1.713169642857142738e-01,-1.697823660714285754e-01,-1.703404017857142738e-01
-9.444754464285713691e-02,-9.528459821428571230e-02,-9.458705357142857539e-02,-9.528459821428571230e-02,-9.444754464285713691e-02,-9.500558035714286309e-02,-9.514508928571428770e-02,-9.500558035714286309e-02,-9.458705357142857539e-02,-9.458705357142857539e-02,-9.472656250000000000e-02,-9.472656250000000000e-02,-9.500558035714286309e-02,-9.444754464285713691e-02,-9.500558035714286309e-02,-9.333147321428571230e-02,-9.444754464285713691e-02,-9.681919642857142461e-02,-9.640066964285713691e-02,-9.626116071428571230e-02,-9.584263392857142461e-02,-9.626116071428571230e-02,-9.626116071428571230e-02,-9.654017857142857539e-02,-9.626116071428571230e-02,-9.598214285714286309e-02,-9.626116071428571230e-02,-9.681919642857142461e-02,-9.612165178571428770e-02,-9.528459821428571230e-02,-9.500558035714286309e-02,-9.542410714285713691e-02,-9.528459821428571230e-02,-9.556361607142857539e-02,-9.584263392857142461e-02,-9.514508928571428770e-02,-9.500558035714286309e-02,-9.528459821428571230e-02,-9.458705357142857539e-02,-9.570312500000000000e-02,-9.486607142857142461e-02,-9.584263392857142461e-02
-3.976004464285714385e-02,-3.948102678571428770e-02,-3.906250000000000000e-02,-3.920200892857143155e-02,-3.934151785714285615e-02,-3.948102678571428770e-02,-3.878348214285714385e-02,-3.836495535714285615e-02,-3.962053571428571230e-02,-3.878348214285714385e-02,-3.836495535714285615e-02,-3.836495535714285615e-02,-3.989955357142856845e-02,-3.934151785714285615e-02,-3.976004464285714385e-02,-3.780691964285714385e-02,-3.822544642857143155e-02,-4.101562500000000000e-02,-4.087611607142856845e-02,-3.976004464285714385e-02,-4.031808035714285615e-02,-3.976004464285714385e-02,-4.017857142857143155e-02,-3.934151785714285615e-02,-4.087611607142856845e-02,-4.017857142857143155e-02,-4.087611607142856845e-02,-4.087611607142856845e-02,-3.976004464285714385e-02,-3.948102678571428770e-02,-4.045758928571428770e-02,-3.948102678571428770e-02,-3.989955357142856845e-02,-3.934151785714285615e-02,-3.948102678571428770e-02,-3.976004464285714385e-02,-3.989955357142856845e-02,-3.864397321428571230e-02,-3.878348214285714385e-02,-3.948102678571428770e-02,-3.836495535714285615e-02,-3.836495535714285615e-02
-4.199218750000000000e-02,-4.241071428571428770e-02,-4.199218750000000000e-02,-4.171316964285714385e-02,-4.087611607142856845e-02,-4.241071428571428770e-02,-4.282924107142856845e-02,-4.255022321428571230e-02,-4.310825892857143155e-02,-4.199218750000000000e-02,-4.227120535714285615e-02,-4.199218750000000000e-02,-4.171316964285714385e-02,-4.185267857142856845e-02,-4.213169642857143155e-02,-4.199218750000000000e-02,-4.255022321428571230e-02,-4.268973214285714385e-02,-4.268973214285714385e-02,-4.213169642857143155e-02,-4.227120535714285615e-02,-4.213169642857143155e-02,-4.199218750000000000e-02,-4.380580357142856845e-02,-4.185267857142856845e-02,-4.268973214285714385e-02,-4.213169642857143155e-02,-4.227120535714285615e-02,-4.213169642857143155e-02,-4.185267857142856845e-02,-4.185267857142856845e-02,-4.157366071428571230e-02,-4.185267857142856845e-02,-4.241071428571428770e-02,-4.282924107142856845e-02,-4.213169642857143155e-02,-4.171316964285714385e-02,-4.268973214285714385e-02,-4.185267857142856845e-02,-4.324776785714285615e-02,-4.227120535714285615e-02,-4.227120535714285615e-02
-1.330915178571428492e-01,-1.326729910714285754e-01,-1.309988839285714246e-01,-1.326729910714285754e-01,-1.315569196428571508e-01,-1.323939732142857262e-01,-1.333705357142857262e-01,-1.318359375000000000e-01,-1.323939732142857262e-01,-1.308593750000000000e-01,-1.329520089285714246e-01,-1.316964285714285754e-01,-1.316964285714285754e-01,-1.314174107142857262e-01,-1.309988839285714246e-01,-1.315569196428571508e-01,-1.318359375000000000e-01,-1.347656250000000000e-01,-1.339285714285714246e-01,-1.337890625000000000e-01,-1.340680803571428492e-01,-1.344866071428571508e-01,-1.330915178571428492e-01,-1.353236607142857262e-01,-1.333705357142857262e-01,-1.342075892857142738e-01,-1.336495535714285754e-01,-1.339285714285714246e-01,-1.330915178571428492e-01,-1.326729910714285754e-01,-1.322544642857142738e-01,-1.326729910714285754e-01,-1.322544642857142738e-01,-1.316964285714285754e-01,-1.336495535714285754e-01,-1.329520089285714246e-01,-1.318359375000000000e-01,-1.326729910714285754e-01,-1.326729910714285754e-01,-1.325334821428571508e-01,-1.316964285714285754e-01,-1.322544642857142738e-01
-6.194196428571428770e-02,-6.138392857142856845e-02,-6.194196428571428770e-02,-6.152343750000000000e-02,-6.180245535714285615e-02,-6.180245535714285615e-02,-6.180245535714285615e-02,-6.180245535714285615e-02,-6.236049107142856845e-02,-6.208147321428571230e-02,-6.124441964285714385e-02,-6.194196428571428770e-02,-6.166294642857143155e-02,-6.152343750000000000e-02,-6.166294642857143155e-02,-6.110491071428571230e-02,-6.096540178571428770e-02,-6.389508928571428770e-02,-6.347656250000000000e-02,-6.361607142857142461e-02,-6.319754464285713691e-02,-6.319754464285713691e-02,-6.347656250000000000e-02,-6.333705357142857539e-02,-6.375558035714286309e-02,-6.263950892857142461e-02,-6.305803571428571230e-02,-6.403459821428571230e-02,-6.347656250000000000e-02,-6.250000000000000000e-02,-6.236049107142856845e-02,-6.291852678571428770e-02,-6.319754464285713691e-02,-6.222098214285714385e-02,-6.277901785714286309e-02,-6.250000000000000000e-02,-6.222098214285714385e-02,-6.263950892857142461e-02,-6.222098214285714385e-02,-6.236049107142856845e-02,-6.250000000000000000e-02,-6.263950892857142461e-02
-1.060267857142857192e-02,-9.905133928571428076e-03,-1.060267857142857192e-02,-1.032366071428571404e-02,-1.004464285714285789e-02,-1.032366071428571404e-02,-9.347098214285714038e-03,-1.004464285714285789e-02,-1.143973214285714211e-02,-9.765625000000000000e-03,-9.486607142857142114e-03,-9.905133928571428076e-03,-1.060267857142857192e-02,-9.905133928571428076e-03,-1.102120535714285789e-02,-8.928571428571428076e-03,-9.486607142857142114e-03,-1.199776785714285789e-02,-1.185825892857142808e-02,-1.116071428571428596e-02,-1.088169642857142808e-02,-1.102120535714285789e-02,-1.130022321428571404e-02,-9.347098214285714038e-03,-1.074218750000000000e-02,-1.060267857142857192e-02,-1.074218750000000000e-02,-1.143973214285714211e-02,-1.102120535714285789e-02,-1.074218750000000000e-02,-1.046316964285714211e-02,-1.116071428571428596e-02,-1.157924107142857192e-02,-1.046316964285714211e-02,-1.046316964285714211e-02,-1.046316964285714211e-02,-1.032366071428571404e-02,-9.626116071428571924e-03,-9.905133928571428076e-03,-9.905133928571428076e-03,-1.004464285714285789e-02,-1.060267857142857192e-02
-2.022879464285714385e-02,-2.036830357142857192e-02,-1.981026785714285615e-02,-1.939174107142857192e-02,-1.994977678571428423e-02,-2.022879464285714385e-02,-2.036830357142857192e-02,-2.022879464285714385e-02,-2.064732142857142808e-02,-1.967075892857142808e-02,-2.036830357142857192e-02,-1.953125000000000000e-02,-1.925223214285714385e-02,-2.008928571428571577e-02,-1.953125000000000000e-02,-2.022879464285714385e-02,-2.022879464285714385e-02,-2.022879464285714385e-02,-1.981026785714285615e-02,-1.911272321428571577e-02,-1.967075892857142808e-02,-2.050781250000000000e-02,-1.967075892857142808e-02,-2.092633928571428423e-02,-2.008928571428571577e-02,-1.994977678571428423e-02,-1.939174107142857192e-02,-2.008928571428571577e-02,-1.981026785714285615e-02,-1.994977678571428423e-02,-1.953125000000000000e-02,-1.939174107142857192e-02,-1.897321428571428423e-02,-1.981026785714285615e-02,-1.981026785714285615e-02,-2.022879464285714385e-02,-1.981026785714285615e-02,-2.008928571428571577e-02,-1.967075892857142808e-02,-2.064732142857142808e-02,-2.036830357142857192e-02,-1.981026785714285615e-02
-1.166294642857142877e-01,-1.157924107142857123e-01,-1.153738839285714246e-01,-1.163504464285714246e-01,-1.156529017857142877e-01,-1.162109375000000000e-01,-1.170479910714285754e-01,-1.152343750000000000e-01,-1.152343750000000000e-01,-1.145368303571428631e-01,-1.170479910714285754e-01,-1.156529017857142877e-01,-1.150948660714285754e-01,-1.155133928571428631e-01,-1.146763392857142877e-01,-1.162109375000000000e-01,-1.152343750000000000e-01,-1.173270089285714246e-01,-1.170479910714285754e-01,-1.169084821428571369e-01,-1.170479910714285754e-01,-1.171875000000000000e-01,-1.160714285714285754e-01,-1.185825892857142877e-01,-1.169084821428571369e-01,-1.174665178571428631e-01,-1.162109375000000000e-01,-1.167689732142857123e-01,-1.176060267857142877e-01,-1.160714285714285754e-01,-1.155133928571428631e-01,-1.162109375000000000e-01,-1.157924107142857123e-01,-1.160714285714285754e-01,-1.169084821428571369e-01,-1.156529017857142877e-01,-1.159319196428571369e-01,-1.169084821428571369e-01,-1.157924107142857123e-01,-1.163504464285714246e-01,-1.157924107142857123e-01,-1.164899553571428631e-01
-1.353236607142857192e-02,-1.339285714285714211e-02,-1.367187500000000000e-02,-1.339285714285714211e-02,-1.381138392857142808e-02,-1.339285714285714211e-02,-1.353236607142857192e-02,-1.339285714285714211e-02,-1.381138392857142808e-02,-1.353236607142857192e-02,-1.367187500000000000e-02,-1.395089285714285789e-02,-1.367187500000000000e-02,-1.422991071428571404e-02,-1.395089285714285789e-02,-1.381138392857142808e-02,-1.367187500000000000e-02,-1.381138392857142808e-02,-1.436941964285714211e-02,-1.381138392857142808e-02,-1.450892857142857192e-02,-1.353236607142857192e-02,-1.409040178571428596e-02,-1.353236607142857192e-02,-1.367187500000000000e-02,-1.325334821428571404e-02,-1.311383928571428596e-02,-1.492745535714285789e-02,-1.422991071428571404e-02,-1.339285714285714211e-02,-1.381138392857142808e-02,-1.339285714285714211e-02,-1.422991071428571404e-02,-1.395089285714285789e-02,-1.367187500000000000e-02,-1.409040178571428596e-02,-1.381138392857142808e-02,-1.381138392857142808e-02,-1.381138392857142808e-02,-1.409040178571428596e-02,-1.409040178571428596e-02,-1.450892857142857192e-02
3.808593750000000000e-02,3.808593750000000000e-02,3.710937500000000000e-02,3.724888392857143155e-02,3.669084821428571230e-02,3.780691964285714385e-02,3.822544642857143155e-02,3.738839285714285615e-02,3.766741071428571230e-02,3.738839285714285615e-02,3.738839285714285615e-02,3.780691964285714385e-02,3.627232142857143155e-02,3.752790178571428770e-02,3.641183035714285615e-02,3.794642857142856845e-02,3.794642857142856845e-02,3.808593750000000000e-02,3.752790178571428770e-02,3.822544642857143155e-02,3.780691964285714385e-02,3.808593750000000000e-02,3.710937500000000000e-02,3.892299107142856845e-02,3.669084821428571230e-02,3.822544642857143155e-02,3.710937500000000000e-02,3.669084821428571230e-02,3.738839285714285615e-02,3.752790178571428770e-02,3.808593750000000000e-02,3.752790178571428770e-02,3.655133928571428770e-02,3.738839285714285615e-02,3.794642857142856845e-02,3.752790178571428770e-02,3.808593750000000000e-02,3.766741071428571230e-02,3.738839285714285615e-02,3.780691964285714385e-02,3.752790178571428770e-02,3.683035714285714385e-02
2.608816964285714385e-02,2.678571428571428423e-02,2.692522321428571577e-02,2.706473214285714385e-02,2.678571428571428423e-02,2.608816964285714385e-02,2.539062500000000000e-02,2.650669642857142808e-02,2.678571428571428423e-02,2.650669642857142808e-02,2.580915178571428423e-02,2.608816964285714385e-02,2.650669642857142808e-02,2.664620535714285615e-02,2.580915178571428423e-02,2.580915178571428423e-02,2.608816964285714385e-02,2.790178571428571577e-02,2.720424107142857192e-02,2.818080357142857192e-02,2.706473214285714385e-02,2.762276785714285615e-02,2.762276785714285615e-02,2.664620535714285615e-02,2.748325892857142808e-02,2.720424107142857192e-02,2.776227678571428423e-02,2.734375000000000000e-02,2.762276785714285615e-02,2.720424107142857192e-02,2.664620535714285615e-02,2.720424107142857192e-02,2.664620535714285615e-02,2.734375000000000000e-02,2.608816964285714385e-02,2.720424107142857192e-02,2.636718750000000000e-02,2.678571428571428423e-02,2.636718750000000000e-02,2.650669642857142808e-02,2.622767857142857192e-02,2.608816964285714385e-02
-6.361607142857142461e-02,-6.529017857142857539e-02,-6.319754464285713691e-02,-6.584821428571428770e-02,-6.417410714285713691e-02,-6.668526785714286309e-02,-6.794084821428571230e-02,-6.445312500000000000e-02,-6.431361607142857539e-02,-6.473214285714286309e-02,-6.752232142857142461e-02,-6.612723214285713691e-02,-6.780133928571428770e-02,-6.682477678571428770e-02,-6.612723214285713691e-02,-6.473214285714286309e-02,-6.682477678571428770e-02,-6.654575892857142461e-02,-6.598772321428571230e-02,-6.584821428571428770e-02,-6.752232142857142461e-02,-6.766183035714286309e-02,-6.529017857142857539e-02,-7.031250000000000000e-02,-6.542968750000000000e-02,-6.849888392857142461e-02,-6.794084821428571230e-02,-6.877790178571428770e-02,-6.849888392857142461e-02,-6.347656250000000000e-02,-6.556919642857142461e-02,-6.598772321428571230e-02,-6.724330357142857539e-02,-6.598772321428571230e-02,-6.696428571428571230e-02,-6.668526785714286309e-02,-6.640625000000000000e-02,-6.738281250000000000e-02,-6.668526785714286309e-02,-6.808035714285713691e-02,-6.556919642857142461e-02,-6.863839285714286309e-02
2.832031250000000000e-02,2.664620535714285615e-02,2.776227678571428423e-02,2.622767857142857192e-02,2.692522321428571577e-02,2.566964285714285615e-02,2.566964285714285615e-02,2.748325892857142808e-02,2.706473214285714385e-02,2.692522321428571577e-02,2.483258928571428423e-02,2.566964285714285615e-02,2.301897321428571577e-02,2.469308035714285615e-02,2.483258928571428423e-02,2.762276785714285615e-02,2.539062500000000000e-02,2.650669642857142808e-02,2.636718750000000000e-02,2.692522321428571577e-02,2.511160714285714385e-02,2.497209821428571577e-02,2.734375000000000000e-02,2.441406250000000000e-02,2.678571428571428423e-02,2.553013392857142808e-02,2.413504464285714385e-02,2.413504464285714385e-02,2.511160714285714385e-02,2.804129464285714385e-02,2.553013392857142808e-02,2.622767857142857192e-02,2.469308035714285615e-02,2.622767857142857192e-02,2.553013392857142808e-02,2.525111607142857192e-02,2.553013392857142808e-02,2.608816964285714385e-02,2.525111607142857192e-02,2.469308035714285615e-02,2.622767857142857192e-02,2.399553571428571577e-02
7.477678571428571230e-02,7.324218750000000000e-02,7.268415178571428770e-02,7.282366071428571230e-02,7.296316964285713691e-02,7.240513392857142461e-02,7.268415178571428770e-02,7.338169642857142461e-02,7.212611607142857539e-02,7.254464285714286309e-02,7.226562500000000000e-02,7.156808035714286309e-02,6.947544642857142461e-02,7.142857142857142461e-02,7.101004464285713691e-02,7.407924107142857539e-02,7.128906250000000000e-02,7.310267857142857539e-02,7.268415178571428770e-02,7.296316964285713691e-02,7.226562500000000000e-02,7.282366071428571230e-02,7.338169642857142461e-02,7.268415178571428770e-02,7.282366071428571230e-02,7.268415178571428770e-02,7.073102678571428770e-02,7.087053571428571230e-02,7.101004464285713691e-02,7.393973214285713691e-02,7.226562500000000000e-02,7.170758928571428770e-02,7.128906250000000000e-02,7.240513392857142461e-02,7.240513392857142461e-02,7.156808035714286309e-02,7.240513392857142461e-02,7.226562500000000000e-02,7.184709821428571230e-02,7.184709821428571230e-02,7.198660714285713691e-02,7.003348214285713691e-02
5.552455357142856845e-02,5.426897321428571230e-02,5.538504464285714385e-02,5.440848214285714385e-02,5.538504464285714385e-02,5.398995535714285615e-02,5.357142857142856845e-02,5.482700892857143155e-02,5.398995535714285615e-02,5.482700892857143155e-02,5.217633928571428770e-02,5.357142857142856845e-02,5.245535714285714385e-02,5.301339285714285615e-02,5.343191964285714385e-02,5.398995535714285615e-02,5.343191964285714385e-02,5.566406250000000000e-02,5.566406250000000000e-02,5.580357142857143155e-02,5.398995535714285615e-02,5.371093750000000000e-02,5.538504464285714385e-02,5.343191964285714385e-02,5.524553571428571230e-02,5.371093750000000000e-02,5.385044642857143155e-02,5.357142857142856845e-02,5.412946428571428770e-02,5.580357142857143155e-02,5.426897321428571230e-02,5.468750000000000000e-02,5.412946428571428770e-02,5.426897321428571230e-02,5.385044642857143155e-02,5.426897321428571230e-02,5.454799107142856845e-02,5.385044642857143155e-02,5.357142857142856845e-02,5.315290178571428770e-02,5.426897321428571230e-02,5.231584821428571230e-02
-4.952566964285714385e-02,-5.175781250000000000e-02,-5.022321428571428770e-02,-5.203683035714285615e-02,-5.064174107142856845e-02,-5.259486607142856845e-02,-5.482700892857143155e-02,-5.078125000000000000e-02,-5.106026785714285615e-02,-5.064174107142856845e-02,-5.371093750000000000e-02,-5.287388392857143155e-02,-5.398995535714285615e-02,-5.357142857142856845e-02,-5.259486607142856845e-02,-5.119977678571428770e-02,-5.426897321428571230e-02,-5.385044642857143155e-02,-5.301339285714285615e-02,-5.245535714285714385e-02,-5.398995535714285615e-02,-5.440848214285714385e-02,-5.147879464285714385e-02,-5.510602678571428770e-02,-5.189732142857143155e-02,-5.440848214285714385e-02,-5.385044642857143155e-02,-5.524553571428571230e-02,-5.496651785714285615e-02,-5.106026785714285615e-02,-5.245535714285714385e-02,-5.315290178571428770e-02,-5.287388392857143155e-02,-5.245535714285714385e-02,-5.301339285714285615e-02,-5.287388392857143155e-02,-5.287388392857143155e-02,-5.343191964285714385e-02,-5.315290178571428770e-02,-5.343191964285714385e-02,-5.245535714285714385e-02,-5.440848214285714385e-02
3.878348214285714385e-02,3.641183035714285615e-02,3.794642857142856845e-02,3.627232142857143155e-02,3.683035714285714385e-02,3.599330357142856845e-02,3.613281250000000000e-02,3.766741071428571230e-02,3.724888392857143155e-02,3.752790178571428770e-02,3.571428571428571230e-02,3.557477678571428770e-02,3.376116071428571230e-02,3.501674107142856845e-02,3.599330357142856845e-02,3.752790178571428770e-02,3.543526785714285615e-02,3.710937500000000000e-02,3.669084821428571230e-02,3.710937500000000000e-02,3.627232142857143155e-02,3.571428571428571230e-02,3.766741071428571230e-02,3.543526785714285615e-02,3.669084821428571230e-02,3.543526785714285615e-02,3.473772321428571230e-02,3.417968750000000000e-02,3.515625000000000000e-02,3.794642857142856845e-02,3.683035714285714385e-02,3.613281250000000000e-02,3.529575892857143155e-02,3.683035714285714385e-02,3.627232142857143155e-02,3.543526785714285615e-02,3.557477678571428770e-02,3.683035714285714385e-02,3.557477678571428770e-02,3.557477678571428770e-02,3.613281250000000000e-02,3.376116071428571230e-02
8.300781250000000000e-02,8.049665178571428770e-02,8.049665178571428770e-02,8.063616071428571230e-02,8.049665178571428770e-02,7.993861607142857539e-02,8.091517857142857539e-02,8.105468750000000000e-02,8.035714285714286309e-02,8.105468750000000000e-02,8.035714285714286309e-02,7.965959821428571230e-02,7.812500000000000000e-02,7.924107142857142461e-02,7.952008928571428770e-02,8.175223214285713691e-02,7.965959821428571230e-02,8.063616071428571230e-02,8.077566964285713691e-02,8.007812500000000000e-02,8.021763392857142461e-02,8.049665178571428770e-02,8.105468750000000000e-02,8.063616071428571230e-02,8.021763392857142461e-02,8.091517857142857539e-02,7.952008928571428770e-02,7.882254464285713691e-02,7.938058035714286309e-02,8.175223214285713691e-02,8.063616071428571230e-02,8.035714285714286309e-02,7.868303571428571230e-02,8.049665178571428770e-02,8.105468750000000000e-02,7.965959821428571230e-02,8.063616071428571230e-02,8.147321428571428770e-02,7.993861607142857539e-02,7.938058035714286309e-02,7.938058035714286309e-02,7.826450892857142461e-02
6.152343750000000000e-02,6.040736607142856845e-02,6.124441964285714385e-02,6.026785714285714385e-02,6.110491071428571230e-02,5.984933035714285615e-02,5.915178571428571230e-02,6.040736607142856845e-02,6.012834821428571230e-02,6.082589285714285615e-02,5.887276785714285615e-02,5.901227678571428770e-02,5.873325892857143155e-02,5.887276785714285615e-02,5.998883928571428770e-02,6.054687500000000000e-02,5.887276785714285615e-02,6.110491071428571230e-02,6.152343750000000000e-02,6.138392857142856845e-02,6.068638392857143155e-02,5.998883928571428770e-02,6.236049107142856845e-02,6.026785714285714385e-02,6.138392857142856845e-02,5.943080357142856845e-02,5.998883928571428770e-02,6.012834821428571230e-02,5.957031250000000000e-02,6.152343750000000000e-02,6.096540178571428770e-02,6.026785714285714385e-02,6.026785714285714385e-02,6.068638392857143155e-02,5.957031250000000000e-02,6.026785714285714385e-02,5.970982142857143155e-02,5.957031250000000000e-02,5.915178571428571230e-02,5.901227678571428770e-02,5.970982142857143155e-02,5.845424107142856845e-02
-5.510602678571428770e-02,-5.524553571428571230e-02,-5.510602678571428770e-02,-5.594308035714285615e-02,-5.524553571428571230e-02,-5.650111607142856845e-02,-5.678013392857143155e-02,-5.510602678571428770e-02,-5.538504464285714385e-02,-5.524553571428571230e-02,-5.733816964285714385e-02,-5.650111607142856845e-02,-5.678013392857143155e-02,-5.719866071428571230e-02,-5.524553571428571230e-02,-5.538504464285714385e-02,-5.733816964285714385e-02,-5.775669642857143155e-02,-5.664062500000000000e-02,-5.650111607142856845e-02,-5.636160714285714385e-02,-5.775669642857143155e-02,-5.608258928571428770e-02,-5.859375000000000000e-02,-5.538504464285714385e-02,-5.719866071428571230e-02,-5.636160714285714385e-02,-5.747767857142856845e-02,-5.831473214285714385e-02,-5.538504464285714385e-02,-5.580357142857143155e-02,-5.622209821428571230e-02,-5.719866071428571230e-02,-5.608258928571428770e-02,-5.691964285714285615e-02,-5.733816964285714385e-02,-5.705915178571428770e-02,-5.691964285714285615e-02,-5.691964285714285615e-02,-5.761718750000000000e-02,-5.664062500000000000e-02,-5.761718750000000000e-02
3.278459821428571230e-02,3.166852678571428770e-02,3.152901785714285615e-02,3.125000000000000000e-02,3.166852678571428770e-02,3.138950892857143155e-02,3.166852678571428770e-02,3.138950892857143155e-02,3.194754464285714385e-02,3.180803571428571230e-02,3.027343750000000000e-02,3.097098214285714385e-02,2.985491071428571577e-02,3.083147321428571577e-02,3.055245535714285615e-02,3.194754464285714385e-02,3.027343750000000000e-02,3.222656250000000000e-02,3.194754464285714385e-02,3.152901785714285615e-02,3.180803571428571230e-02,3.083147321428571577e-02,3.250558035714285615e-02,3.152901785714285615e-02,3.180803571428571230e-02,3.083147321428571577e-02,3.069196428571428423e-02,3.083147321428571577e-02,3.041294642857142808e-02,3.250558035714285615e-02,3.180803571428571230e-02,3.138950892857143155e-02,3.111049107142857192e-02,3.152901785714285615e-02,3.166852678571428770e-02,3.166852678571428770e-02,3.138950892857143155e-02,3.138950892857143155e-02,3.097098214285714385e-02,3.125000000000000000e-02,3.111049107142857192e-02,2.929687500000000000e-02
7.547433035714286309e-02,7.407924107142857539e-02,7.407924107142857539e-02,7.491629464285713691e-02,7.435825892857142461e-02,7.449776785714286309e-02,7.519531250000000000e-02,7.407924107142857539e-02,7.491629464285713691e-02,7.463727678571428770e-02,7.491629464285713691e-02,7.491629464285713691e-02,7.240513392857142461e-02,7.338169642857142461e-02,7.380022321428571230e-02,7.519531250000000000e-02,7.324218750000000000e-02,7.533482142857142461e-02,7.603236607142857539e-02,7.533482142857142461e-02,7.561383928571428770e-02,7.533482142857142461e-02,7.505580357142857539e-02,7.547433035714286309e-02,7.477678571428571230e-02,7.533482142857142461e-02,7.463727678571428770e-02,7.407924107142857539e-02,7.463727678571428770e-02,7.575334821428571230e-02,7.477678571428571230e-02,7.435825892857142461e-02,7.338169642857142461e-02,7.435825892857142461e-02,7.491629464285713691e-02,7.463727678571428770e-02,7.491629464285713691e-02,7.519531250000000000e-02,7.449776785714286309e-02,7.421875000000000000e-02,7.435825892857142461e-02,7.338169642857142461e-02
5.636160714285714385e-02,5.538504464285714385e-02,5.608258928571428770e-02,5.580357142857143155e-02,5.580357142857143155e-02,5.552455357142856845e-02,5.524553571428571230e-02,5.510602678571428770e-02,5.538504464285714385e-02,5.594308035714285615e-02,5.440848214285714385e-02,5.468750000000000000e-02,5.496651785714285615e-02,5.468750000000000000e-02,5.496651785714285615e-02,5.468750000000000000e-02,5.412946428571428770e-02,5.664062500000000000e-02,5.705915178571428770e-02,5.650111607142856845e-02,5.691964285714285615e-02,5.580357142857143155e-02,5.678013392857143155e-02,5.552455357142856845e-02,5.622209821428571230e-02,5.510602678571428770e-02,5.622209821428571230e-02,5.566406250000000000e-02,5.566406250000000000e-02,5.636160714285714385e-02,5.636160714285714385e-02,5.608258928571428770e-02,5.496651785714285615e-02,5.580357142857143155e-02,5.566406250000000000e-02,5.608258928571428770e-02,5.524553571428571230e-02,5.412946428571428770e-02,5.496651785714285615e-02,5.468750000000000000e-02,5.524553571428571230e-02,5.385044642857143155e-02
-1.078404017857142877e-01,-1.089564732142857123e-01,-1.072823660714285754e-01,-1.082589285714285754e-01,-1.072823660714285754e-01,-1.102120535714285754e-01,-1.110491071428571369e-01,-1.078404017857142877e-01,-1.070033482142857123e-01,-1.081194196428571369e-01,-1.099330357142857123e-01,-1.089564732142857123e-01,-1.109095982142857123e-01,-1.106305803571428631e-01,-1.096540178571428631e-01,-1.075613839285714246e-01,-1.100725446428571369e-01,-1.114676339285714246e-01,-1.100725446428571369e-01,-1.106305803571428631e-01,-1.104910714285714246e-01,-1.107700892857142877e-01,-1.097935267857142877e-01,-1.120256696428571369e-01,-1.093750000000000000e-01,-1.124441964285714246e-01,-1.104910714285714246e-01,-1.113281250000000000e-01,-1.127232142857142877e-01,-1.079799107142857123e-01,-1.085379464285714246e-01,-1.104910714285714246e-01,-1.097935267857142877e-01,-1.079799107142857123e-01,-1.106305803571428631e-01,-1.092354910714285754e-01,-1.093750000000000000e-01,-1.106305803571428631e-01,-1.110491071428571369e-01,-1.106305803571428631e-01,-1.096540178571428631e-01,-1.104910714285714246e-01
-1.074218750000000000e-02,-1.353236607142857192e-02,-1.283482142857142808e-02,-1.213727678571428596e-02,-1.283482142857142808e-02,-1.409040178571428596e-02,-1.422991071428571404e-02,-1.325334821428571404e-02,-1.185825892857142808e-02,-1.339285714285714211e-02,-1.311383928571428596e-02,-1.436941964285714211e-02,-1.590401785714285615e-02,-1.450892857142857192e-02,-1.464843750000000000e-02,-1.199776785714285789e-02,-1.492745535714285789e-02,-1.409040178571428596e-02,-1.311383928571428596e-02,-1.395089285714285789e-02,-1.381138392857142808e-02,-1.409040178571428596e-02,-1.297433035714285789e-02,-1.409040178571428596e-02,-1.464843750000000000e-02,-1.409040178571428596e-02,-1.436941964285714211e-02,-1.464843750000000000e-02,-1.646205357142857192e-02,-1.241629464285714211e-02,-1.325334821428571404e-02,-1.422991071428571404e-02,-1.395089285714285789e-02,-1.269531250000000000e-02,-1.422991071428571404e-02,-1.367187500000000000e-02,-1.381138392857142808e-02,-1.381138392857142808e-02,-1.492745535714285789e-02,-1.492745535714285789e-02,-1.436941964285714211e-02,-1.534598214285714211e-02
3.878348214285714385e-02,3.683035714285714385e-02,3.766741071428571230e-02,3.780691964285714385e-02,3.752790178571428770e-02,3.655133928571428770e-02,3.780691964285714385e-02,3.780691964285714385e-02,3.864397321428571230e-02,3.752790178571428770e-02,3.780691964285714385e-02,3.738839285714285615e-02,3.487723214285714385e-02,3.613281250000000000e-02,3.599330357142856845e-02,3.920200892857143155e-02,3.571428571428571230e-02,3.724888392857143155e-02,3.808593750000000000e-02,3.696986607142856845e-02,3.822544642857143155e-02,3.738839285714285615e-02,3.822544642857143155e-02,3.850446428571428770e-02,3.669084821428571230e-02,3.752790178571428770e-02,3.669084821428571230e-02,3.738839285714285615e-02,3.585379464285714385e-02,3.808593750000000000e-02,3.766741071428571230e-02,3.683035714285714385e-02,3.641183035714285615e-02,3.794642857142856845e-02,3.766741071428571230e-02,3.710937500000000000e-02,3.683035714285714385e-02,3.780691964285714385e-02,3.669084821428571230e-02,3.710937500000000000e-02,3.683035714285714385e-02,3.599330357142856845e-02
2.776227678571428423e-02,2.678571428571428423e-02,2.720424107142857192e-02,2.706473214285714385e-02,2.804129464285714385e-02,2.678571428571428423e-02,2.525111607142857192e-02,2.678571428571428423e-02,2.706473214285714385e-02,2.636718750000000000e-02,2.664620535714285615e-02,2.608816964285714385e-02,2.594866071428571577e-02,2.580915178571428423e-02,2.566964285714285615e-02,2.650669642857142808e-02,2.553013392857142808e-02,2.762276785714285615e-02,2.790178571428571577e-02,2.678571428571428423e-02,2.762276785714285615e-02,2.762276785714285615e-02,2.692522321428571577e-02,2.608816964285714385e-02,2.734375000000000000e-02,2.650669642857142808e-02,2.734375000000000000e-02,2.720424107142857192e-02,2.580915178571428423e-02,2.804129464285714385e-02,2.762276785714285615e-02,2.622767857142857192e-02,2.650669642857142808e-02,2.706473214285714385e-02,2.608816964285714385e-02,2.650669642857142808e-02,2.650669642857142808e-02,2.566964285714285615e-02,2.594866071428571577e-02,2.566964285714285615e-02,2.594866071428571577e-02,2.580915178571428423e-02
-1.360212053571428492e-01,-1.351841517857142738e-01,-1.356026785714285754e-01,-1.371372767857142738e-01,-1.356026785714285754e-01,-1.389508928571428492e-01,-1.372767857142857262e-01,-1.347656250000000000e-01,-1.337890625000000000e-01,-1.361607142857142738e-01,-1.403459821428571508e-01,-1.371372767857142738e-01,-1.413225446428571508e-01,-1.388113839285714246e-01,-1.392299107142857262e-01,-1.340680803571428492e-01,-1.393694196428571508e-01,-1.422991071428571508e-01,-1.411830357142857262e-01,-1.404854910714285754e-01,-1.428571428571428492e-01,-1.441127232142857262e-01,-1.381138392857142738e-01,-1.435546875000000000e-01,-1.400669642857142738e-01,-1.422991071428571508e-01,-1.428571428571428492e-01,-1.441127232142857262e-01,-1.441127232142857262e-01,-1.347656250000000000e-01,-1.392299107142857262e-01,-1.402064732142857262e-01,-1.428571428571428492e-01,-1.368582589285714246e-01,-1.386718750000000000e-01,-1.390904017857142738e-01,-1.390904017857142738e-01,-1.386718750000000000e-01,-1.390904017857142738e-01,-1.402064732142857262e-01,-1.390904017857142738e-01,-1.420200892857142738e-01
-1.067243303571428631e-01,-1.068638392857142877e-01,-1.078404017857142877e-01,-1.089564732142857123e-01,-1.083984375000000000e-01,-1.106305803571428631e-01,-1.089564732142857123e-01,-1.081194196428571369e-01,-1.067243303571428631e-01,-1.089564732142857123e-01,-1.111886160714285754e-01,-1.092354910714285754e-01,-1.132812500000000000e-01,-1.110491071428571369e-01,-1.107700892857142877e-01,-1.068638392857142877e-01,-1.116071428571428631e-01,-1.132812500000000000e-01,-1.118861607142857123e-01,-1.121651785714285754e-01,-1.134207589285714246e-01,-1.145368303571428631e-01,-1.104910714285714246e-01,-1.149553571428571369e-01,-1.121651785714285754e-01,-1.131417410714285754e-01,-1.134207589285714246e-01,-1.152343750000000000e-01,-1.159319196428571369e-01,-1.070033482142857123e-01,-1.109095982142857123e-01,-1.116071428571428631e-01,-1.143973214285714246e-01,-1.095145089285714246e-01,-1.107700892857142877e-01,-1.110491071428571369e-01,-1.103515625000000000e-01,-1.109095982142857123e-01,-1.102120535714285754e-01,-1.128627232142857123e-01,-1.102120535714285754e-01,-1.136997767857142877e-01
-5.203683035714285615e-02,-5.203683035714285615e-02,-5.301339285714285615e-02,-5.329241071428571230e-02,-5.259486607142856845e-02,-5.426897321428571230e-02,-5.147879464285714385e-02,-5.203683035714285615e-02,-5.119977678571428770e-02,-5.329241071428571230e-02,-5.538504464285714385e-02,-5.385044642857143155e-02,-5.650111607142856845e-02,-5.412946428571428770e-02,-5.482700892857143155e-02,-5.064174107142856845e-02,-5.468750000000000000e-02,-5.594308035714285615e-02,-5.566406250000000000e-02,-5.566406250000000000e-02,-5.650111607142856845e-02,-5.817522321428571230e-02,-5.412946428571428770e-02,-5.566406250000000000e-02,-5.482700892857143155e-02,-5.552455357142856845e-02,-5.664062500000000000e-02,-5.719866071428571230e-02,-5.803571428571428770e-02,-5.203683035714285615e-02,-5.412946428571428770e-02,-5.524553571428571230e-02,-5.733816964285714385e-02,-5.329241071428571230e-02,-5.412946428571428770e-02,-5.426897321428571230e-02,-5.496651785714285615e-02,-5.371093750000000000e-02,-5.398995535714285615e-02,-5.454799107142856845e-02,-5.412946428571428770e-02,-5.691964285714285615e-02
-5.175781250000000000e-02,-5.078125000000000000e-02,-5.175781250000000000e-02,-5.189732142857143155e-02,-5.189732142857143155e-02,-5.259486607142856845e-02,-5.245535714285714385e-02,-5.189732142857143155e-02,-5.078125000000000000e-02,-5.217633928571428770e-02,-5.412946428571428770e-02,-5.259486607142856845e-02,-5.371093750000000000e-02,-5.343191964285714385e-02,-5.315290178571428770e-02,-5.231584821428571230e-02,-5.440848214285714385e-02,-5.412946428571428770e-02,-5.371093750000000000e-02,-5.371093750000000000e-02,-5.440848214285714385e-02,-5.524553571428571230e-02,-5.287388392857143155e-02,-5.552455357142856845e-02,-5.371093750000000000e-02,-5.426897321428571230e-02,-5.412946428571428770e-02,-5.594308035714285615e-02,-5.608258928571428770e-02,-5.092075892857143155e-02,-5.357142857142856845e-02,-5.412946428571428770e-02,-5.510602678571428770e-02,-5.245535714285714385e-02,-5.259486607142856845e-02,-5.398995535714285615e-02,-5.329241071428571230e-02,-5.343191964285714385e-02,-5.329241071428571230e-02,-5.440848214285714385e-02,-5.357142857142856845e-02,-5.524553571428571230e-02
-2.357700892857142738e-01,-2.339564732142857262e-01,-2.349330357142857262e-01,-2.361886160714285754e-01,-2.338169642857142738e-01,-2.361886160714285754e-01,-2.359095982142857262e-01,-2.338169642857142738e-01,-2.329799107142857262e-01,-2.345145089285714246e-01,-2.380022321428571508e-01,-2.354910714285714246e-01,-2.366071428571428492e-01,-2.360491071428571508e-01,-2.352120535714285754e-01,-2.335379464285714246e-01,-2.354910714285714246e-01,-2.398158482142857262e-01,-2.393973214285714246e-01,-2.398158482142857262e-01,-2.406529017857142738e-01,-2.417689732142857262e-01,-2.380022321428571508e-01,-2.416294642857142738e-01,-2.384207589285714246e-01,-2.402343750000000000e-01,-2.393973214285714246e-01,-2.405133928571428492e-01,-2.399553571428571508e-01,-2.356305803571428492e-01,-2.363281250000000000e-01,-2.385602678571428492e-01,-2.382812500000000000e-01,-2.366071428571428492e-01,-2.371651785714285754e-01,-2.366071428571428492e-01,-2.366071428571428492e-01,-2.364676339285714246e-01,-2.363281250000000000e-01,-2.373046875000000000e-01,-2.366071428571428492e-01,-2.380022321428571508e-01
-1.512276785714285754e-01,-1.502511160714285754e-01,-1.495535714285714246e-01,-1.499720982142857262e-01,-1.503906250000000000e-01,-1.513671875000000000e-01,-1.503906250000000000e-01,-1.501116071428571508e-01,-1.489955357142857262e-01,-1.502511160714285754e-01,-1.512276785714285754e-01,-1.498325892857142738e-01,-1.523437500000000000e-01,-1.502511160714285754e-01,-1.505301339285714246e-01,-1.489955357142857262e-01,-1.496930803571428492e-01,-1.535993303571428492e-01,-1.537388392857142738e-01,-1.523437500000000000e-01,-1.531808035714285754e-01,-1.542968750000000000e-01,-1.527622767857142738e-01,-1.540178571428571508e-01,-1.527622767857142738e-01,-1.531808035714285754e-01,-1.530412946428571508e-01,-1.535993303571428492e-01,-1.533203125000000000e-01,-1.505301339285714246e-01,-1.519252232142857262e-01,-1.522042410714285754e-01,-1.527622767857142738e-01,-1.506696428571428492e-01,-1.512276785714285754e-01,-1.510881696428571508e-01,-1.524832589285714246e-01,-1.508091517857142738e-01,-1.510881696428571508e-01,-1.513671875000000000e-01,-1.512276785714285754e-01,-1.515066964285714246e-01
-8.649553571428571230e-02,-8.635602678571428770e-02,-8.663504464285713691e-02,-8.635602678571428770e-02,-8.663504464285713691e-02,-8.663504464285713691e-02,-8.523995535714286309e-02,-8.551897321428571230e-02,-8.496093750000000000e-02,-8.705357142857142461e-02,-8.649553571428571230e-02,-8.635602678571428770e-02,-8.705357142857142461e-02,-8.607700892857142461e-02,-8.621651785714286309e-02,-8.482142857142857539e-02,-8.607700892857142461e-02,-8.844866071428571230e-02,-8.844866071428571230e-02,-8.830915178571428770e-02,-8.803013392857142461e-02,-8.942522321428571230e-02,-8.816964285714286309e-02,-8.775111607142857539e-02,-8.886718750000000000e-02,-8.747209821428571230e-02,-8.886718750000000000e-02,-8.886718750000000000e-02,-8.872767857142857539e-02,-8.691406250000000000e-02,-8.705357142857142461e-02,-8.789062500000000000e-02,-8.872767857142857539e-02,-8.691406250000000000e-02,-8.691406250000000000e-02,-8.579799107142857539e-02,-8.663504464285713691e-02,-8.607700892857142461e-02,-8.635602678571428770e-02,-8.593750000000000000e-02,-8.621651785714286309e-02,-8.761160714285713691e-02
-7.686941964285713691e-02,-7.575334821428571230e-02,-7.575334821428571230e-02,-7.603236607142857539e-02,-7.659040178571428770e-02,-7.631138392857142461e-02,-7.700892857142857539e-02,-7.603236607142857539e-02,-7.533482142857142461e-02,-7.631138392857142461e-02,-7.756696428571428770e-02,-7.603236607142857539e-02,-7.714843750000000000e-02,-7.672991071428571230e-02,-7.603236607142857539e-02,-7.645089285714286309e-02,-7.631138392857142461e-02,-7.756696428571428770e-02,-7.742745535714286309e-02,-7.700892857142857539e-02,-7.770647321428571230e-02,-7.798549107142857539e-02,-7.728794642857142461e-02,-7.868303571428571230e-02,-7.672991071428571230e-02,-7.798549107142857539e-02,-7.714843750000000000e-02,-7.756696428571428770e-02,-7.700892857142857539e-02,-7.617187500000000000e-02,-7.617187500000000000e-02,-7.672991071428571230e-02,-7.714843750000000000e-02,-7.659040178571428770e-02,-7.714843750000000000e-02,-7.686941964285713691e-02,-7.728794642857142461e-02,-7.714843750000000000e-02,-7.700892857142857539e-02,-7.770647321428571230e-02,-7.700892857142857539e-02,-7.659040178571428770e-02
-3.364955357142856984e-01,-3.385881696428571508e-01,-3.374720982142856984e-01,-3.383091517857143016e-01,-3.369140625000000000e-01,-3.405412946428571508e-01,-3.398437500000000000e-01,-3.367745535714285476e-01,-3.346819196428571508e-01,-3.369140625000000000e-01,-3.377511160714285476e-01,-3.380301339285714524e-01,-3.394252232142856984e-01,-3.371930803571428492e-01,-3.373325892857143016e-01,-3.332868303571428492e-01,-3.367745535714285476e-01,-3.458426339285714524e-01,-3.450055803571428492e-01,-3.451450892857143016e-01,-3.455636160714285476e-01,-3.466796875000000000e-01,-3.434709821428571508e-01,-3.454241071428571508e-01,-3.440290178571428492e-01,-3.444475446428571508e-01,-3.444475446428571508e-01,-3.451450892857143016e-01,-3.461216517857143016e-01,-3.385881696428571508e-01,-3.394252232142856984e-01,-3.415178571428571508e-01,-3.416573660714285476e-01,-3.385881696428571508e-01,-3.410993303571428492e-01,-3.397042410714285476e-01,-3.404017857142856984e-01,-3.385881696428571508e-01,-3.390066964285714524e-01,-3.394252232142856984e-01,-3.394252232142856984e-01,-3.401227678571428492e-01
-2.423270089285714246e-01,-2.431640625000000000e-01,-2.414899553571428492e-01,-2.437220982142857262e-01,-2.421875000000000000e-01,-2.445591517857142738e-01,-2.441406250000000000e-01,-2.409319196428571508e-01,-2.409319196428571508e-01,-2.407924107142857262e-01,-2.434430803571428492e-01,-2.426060267857142738e-01,-2.451171875000000000e-01,-2.420479910714285754e-01,-2.424665178571428492e-01,-2.392578125000000000e-01,-2.421875000000000000e-01,-2.481863839285714246e-01,-2.474888392857142738e-01,-2.473493303571428492e-01,-2.479073660714285754e-01,-2.487444196428571508e-01,-2.459542410714285754e-01,-2.480468750000000000e-01,-2.466517857142857262e-01,-2.480468750000000000e-01,-2.469308035714285754e-01,-2.473493303571428492e-01,-2.487444196428571508e-01,-2.428850446428571508e-01,-2.440011160714285754e-01,-2.451171875000000000e-01,-2.451171875000000000e-01,-2.427455357142857262e-01,-2.455357142857142738e-01,-2.446986607142857262e-01,-2.448381696428571508e-01,-2.431640625000000000e-01,-2.444196428571428492e-01,-2.431640625000000000e-01,-2.438616071428571508e-01,-2.438616071428571508e-01
-1.501116071428571508e-01,-1.517857142857142738e-01,-1.523437500000000000e-01,-1.517857142857142738e-01,-1.516462053571428492e-01,-1.540178571428571508e-01,-1.517857142857142738e-01,-1.516462053571428492e-01,-1.499720982142857262e-01,-1.513671875000000000e-01,-1.515066964285714246e-01,-1.515066964285714246e-01,-1.522042410714285754e-01,-1.516462053571428492e-01,-1.522042410714285754e-01,-1.496930803571428492e-01,-1.513671875000000000e-01,-1.551339285714285754e-01,-1.549944196428571508e-01,-1.541573660714285754e-01,-1.541573660714285754e-01,-1.549944196428571508e-01,-1.533203125000000000e-01,-1.534598214285714246e-01,-1.545758928571428492e-01,-1.531808035714285754e-01,-1.548549107142857262e-01,-1.545758928571428492e-01,-1.551339285714285754e-01,-1.523437500000000000e-01,-1.519252232142857262e-01,-1.534598214285714246e-01,-1.531808035714285754e-01,-1.520647321428571508e-01,-1.529017857142857262e-01,-1.516462053571428492e-01,-1.527622767857142738e-01,-1.519252232142857262e-01,-1.519252232142857262e-01,-1.524832589285714246e-01,-1.527622767857142738e-01,-1.531808035714285754e-01
-1.219308035714285754e-01,-1.224888392857142877e-01,-1.216517857142857123e-01,-1.231863839285714246e-01,-1.213727678571428631e-01,-1.230468750000000000e-01,-1.231863839285714246e-01,-1.215122767857142877e-01,-1.216517857142857123e-01,-1.209542410714285754e-01,-1.236049107142857123e-01,-1.224888392857142877e-01,-1.230468750000000000e-01,-1.227678571428571369e-01,-1.229073660714285754e-01,-1.219308035714285754e-01,-1.224888392857142877e-01,-1.230468750000000000e-01,-1.237444196428571369e-01,-1.234654017857142877e-01,-1.234654017857142877e-01,-1.241629464285714246e-01,-1.230468750000000000e-01,-1.241629464285714246e-01,-1.229073660714285754e-01,-1.248604910714285754e-01,-1.230468750000000000e-01,-1.233258928571428631e-01,-1.234654017857142877e-01,-1.223493303571428631e-01,-1.223493303571428631e-01,-1.230468750000000000e-01,-1.226283482142857123e-01,-1.212332589285714246e-01,-1.231863839285714246e-01,-1.226283482142857123e-01,-1.231863839285714246e-01,-1.226283482142857123e-01,-1.234654017857142877e-01,-1.234654017857142877e-01,-1.233258928571428631e-01,-1.223493303571428631e-01
-2.710658482142856984e-01,-2.698102678571428492e-01,-2.696707589285714524e-01,-2.710658482142856984e-01,-2.696707589285714524e-01,-2.706473214285714524e-01,-2.717633928571428492e-01,-2.705078125000000000e-01,-2.691127232142856984e-01,-2.691127232142856984e-01,-2.703683035714285476e-01,-2.703683035714285476e-01,-2.698102678571428492e-01,-2.692522321428571508e-01,-2.693917410714285476e-01,-2.688337053571428492e-01,-2.696707589285714524e-01,-2.751116071428571508e-01,-2.744140625000000000e-01,-2.738560267857143016e-01,-2.731584821428571508e-01,-2.741350446428571508e-01,-2.734375000000000000e-01,-2.745535714285714524e-01,-2.730189732142856984e-01,-2.735770089285714524e-01,-2.720424107142856984e-01,-2.721819196428571508e-01,-2.734375000000000000e-01,-2.714843750000000000e-01,-2.712053571428571508e-01,-2.714843750000000000e-01,-2.710658482142856984e-01,-2.702287946428571508e-01,-2.713448660714285476e-01,-2.703683035714285476e-01,-2.713448660714285476e-01,-2.713448660714285476e-01,-2.706473214285714524e-01,-2.713448660714285476e-01,-2.707868303571428492e-01,-2.703683035714285476e-01
-1.725725446428571508e-01,-1.724330357142857262e-01,-1.717354910714285754e-01,-1.725725446428571508e-01,-1.724330357142857262e-01,-1.724330357142857262e-01,-1.720145089285714246e-01,-1.713169642857142738e-01,-1.713169642857142738e-01,-1.707589285714285754e-01,-1.721540178571428492e-01,-1.715959821428571508e-01,-1.715959821428571508e-01,-1.704799107142857262e-01,-1.704799107142857262e-01,-1.708984375000000000e-01,-1.707589285714285754e-01,-1.749441964285714246e-01,-1.752232142857142738e-01,-1.748046875000000000e-01,-1.746651785714285754e-01,-1.755022321428571508e-01,-1.742466517857142738e-01,-1.739676339285714246e-01,-1.745256696428571508e-01,-1.746651785714285754e-01,-1.736886160714285754e-01,-1.742466517857142738e-01,-1.741071428571428492e-01,-1.729910714285714246e-01,-1.728515625000000000e-01,-1.734095982142857262e-01,-1.722935267857142738e-01,-1.722935267857142738e-01,-1.728515625000000000e-01,-1.728515625000000000e-01,-1.721540178571428492e-01,-1.718750000000000000e-01,-1.722935267857142738e-01,-1.711774553571428492e-01,-1.721540178571428492e-01,-1.718750000000000000e-01
-9.430803571428571230e-02,-9.556361607142857539e-02,-9.667968750000000000e-02,-9.472656250000000000e-02,-9.556361607142857539e-02,-9.598214285714286309e-02,-9.430803571428571230e-02,-9.556361607142857539e-02,-9.430803571428571230e-02,-9.556361607142857539e-02,-9.375000000000000000e-02,-9.458705357142857539e-02,-9.458705357142857539e-02,-9.402901785714286309e-02,-9.486607142857142461e-02,-9.402901785714286309e-02,-9.444754464285713691e-02,-9.654017857142857539e-02,-9.640066964285713691e-02,-9.654017857142857539e-02,-9.584263392857142461e-02,-9.598214285714286309e-02,-9.584263392857142461e-02,-9.486607142857142461e-02,-9.626116071428571230e-02,-9.486607142857142461e-02,-9.598214285714286309e-02,-9.556361607142857539e-02,-9.681919642857142461e-02,-9.500558035714286309e-02,-9.528459821428571230e-02,-9.570312500000000000e-02,-9.416852678571428770e-02,-9.570312500000000000e-02,-9.430803571428571230e-02,-9.472656250000000000e-02,-9.528459821428571230e-02,-9.458705357142857539e-02,-9.542410714285713691e-02,-9.388950892857142461e-02,-9.472656250000000000e-02,-9.514508928571428770e-02
-8.077566964285713691e-02,-7.993861607142857539e-02,-7.952008928571428770e-02,-8.077566964285713691e-02,-7.993861607142857539e-02,-7.979910714285713691e-02,-7.993861607142857539e-02,-7.979910714285713691e-02,-7.952008928571428770e-02,-7.910156250000000000e-02,-8.035714285714286309e-02,-7.952008928571428770e-02,-7.938058035714286309e-02,-8.007812500000000000e-02,-7.965959821428571230e-02,-8.035714285714286309e-02,-7.979910714285713691e-02,-7.979910714285713691e-02,-8.021763392857142461e-02,-7.993861607142857539e-02,-7.979910714285713691e-02,-8.007812500000000000e-02,-8.035714285714286309e-02,-7.993861607142857539e-02,-7.993861607142857539e-02,-8.063616071428571230e-02,-7.896205357142857539e-02,-7.938058035714286309e-02,-8.007812500000000000e-02,-8.035714285714286309e-02,-7.910156250000000000e-02,-7.979910714285713691e-02,-7.965959821428571230e-02,-7.938058035714286309e-02,-7.993861607142857539e-02,-7.979910714285713691e-02,-7.965959821428571230e-02,-7.979910714285713691e-02,-7.993861607142857539e-02,-7.952008928571428770e-02,-7.979910714285713691e-02,-7.979910714285713691e-02
-2.131696428571428492e-01,-2.123325892857142738e-01,-2.121930803571428492e-01,-2.126116071428571508e-01,-2.120535714285714246e-01,-2.117745535714285754e-01,-2.128906250000000000e-01,-2.116350446428571508e-01,-2.114955357142857262e-01,-2.112165178571428492e-01,-2.123325892857142738e-01,-2.112165178571428492e-01,-2.116350446428571508e-01,-2.109375000000000000e-01,-2.099609375000000000e-01,-2.102399553571428492e-01,-2.112165178571428492e-01,-2.155412946428571508e-01,-2.158203125000000000e-01,-2.156808035714285754e-01,-2.149832589285714246e-01,-2.162388392857142738e-01,-2.154017857142857262e-01,-2.165178571428571508e-01,-2.147042410714285754e-01,-2.151227678571428492e-01,-2.138671875000000000e-01,-2.151227678571428492e-01,-2.141462053571428492e-01,-2.128906250000000000e-01,-2.134486607142857262e-01,-2.134486607142857262e-01,-2.130301339285714246e-01,-2.121930803571428492e-01,-2.133091517857142738e-01,-2.128906250000000000e-01,-2.134486607142857262e-01,-2.126116071428571508e-01,-2.130301339285714246e-01,-2.127511160714285754e-01,-2.117745535714285754e-01,-2.120535714285714246e-01
-1.316964285714285754e-01,-1.311383928571428492e-01,-1.314174107142857262e-01,-1.315569196428571508e-01,-1.308593750000000000e-01,-1.312779017857142738e-01,-1.301618303571428492e-01,-1.308593750000000000e-01,-1.307198660714285754e-01,-1.308593750000000000e-01,-1.312779017857142738e-01,-1.311383928571428492e-01,-1.311383928571428492e-01,-1.304408482142857262e-01,-1.307198660714285754e-01,-1.304408482142857262e-01,-1.309988839285714246e-01,-1.333705357142857262e-01,-1.337890625000000000e-01,-1.337890625000000000e-01,-1.326729910714285754e-01,-1.333705357142857262e-01,-1.322544642857142738e-01,-1.328125000000000000e-01,-1.332310267857142738e-01,-1.328125000000000000e-01,-1.318359375000000000e-01,-1.328125000000000000e-01,-1.325334821428571508e-01,-1.315569196428571508e-01,-1.314174107142857262e-01,-1.316964285714285754e-01,-1.316964285714285754e-01,-1.309988839285714246e-01,-1.309988839285714246e-01,-1.316964285714285754e-01,-1.316964285714285754e-01,-1.304408482142857262e-01,-1.316964285714285754e-01,-1.304408482142857262e-01,-1.311383928571428492e-01,-1.315569196428571508e-01
-6.473214285714286309e-02,-6.473214285714286309e-02,-6.515066964285713691e-02,-6.417410714285713691e-02,-6.403459821428571230e-02,-6.542968750000000000e-02,-6.305803571428571230e-02,-6.417410714285713691e-02,-6.459263392857142461e-02,-6.501116071428571230e-02,-6.333705357142857539e-02,-6.389508928571428770e-02,-6.515066964285713691e-02,-6.361607142857142461e-02,-6.445312500000000000e-02,-6.333705357142857539e-02,-6.403459821428571230e-02,-6.529017857142857539e-02,-6.542968750000000000e-02,-6.501116071428571230e-02,-6.445312500000000000e-02,-6.529017857142857539e-02,-6.542968750000000000e-02,-6.459263392857142461e-02,-6.612723214285713691e-02,-6.445312500000000000e-02,-6.501116071428571230e-02,-6.584821428571428770e-02,-6.515066964285713691e-02,-6.473214285714286309e-02,-6.459263392857142461e-02,-6.459263392857142461e-02,-6.459263392857142461e-02,-6.431361607142857539e-02,-6.431361607142857539e-02,-6.542968750000000000e-02,-6.529017857142857539e-02,-6.347656250000000000e-02,-6.459263392857142461e-02,-6.375558035714286309e-02,-6.417410714285713691e-02,-6.445312500000000000e-02
-5.608258928571428770e-02,-5.510602678571428770e-02,-5.496651785714285615e-02,-5.524553571428571230e-02,-5.552455357142856845e-02,-5.468750000000000000e-02,-5.566406250000000000e-02,-5.552455357142856845e-02,-5.538504464285714385e-02,-5.538504464285714385e-02,-5.594308035714285615e-02,-5.566406250000000000e-02,-5.426897321428571230e-02,-5.510602678571428770e-02,-5.510602678571428770e-02,-5.552455357142856845e-02,-5.524553571428571230e-02,-5.468750000000000000e-02,-5.580357142857143155e-02,-5.510602678571428770e-02,-5.468750000000000000e-02,-5.538504464285714385e-02,-5.594308035714285615e-02,-5.566406250000000000e-02,-5.566406250000000000e-02,-5.608258928571428770e-02,-5.454799107142856845e-02,-5.496651785714285615e-02,-5.524553571428571230e-02,-5.566406250000000000e-02,-5.482700892857143155e-02,-5.524553571428571230e-02,-5.524553571428571230e-02,-5.468750000000000000e-02,-5.524553571428571230e-02,-5.538504464285714385e-02,-5.552455357142856845e-02,-5.552455357142856845e-02,-5.538504464285714385e-02,-5.566406250000000000e-02,-5.552455357142856845e-02,-5.510602678571428770e-02
-2.229352678571428492e-01,-2.207031250000000000e-01,-2.201450892857142738e-01,-2.204241071428571508e-01,-2.202845982142857262e-01,-2.202845982142857262e-01,-2.204241071428571508e-01,-2.200055803571428492e-01,-2.198660714285714246e-01,-2.188895089285714246e-01,-2.201450892857142738e-01,-2.188895089285714246e-01,-2.191685267857142738e-01,-2.187500000000000000e-01,-2.181919642857142738e-01,-2.187500000000000000e-01,-2.183314732142857262e-01,-2.234933035714285754e-01,-2.234933035714285754e-01,-2.216796875000000000e-01,-2.220982142857142738e-01,-2.222377232142857262e-01,-2.222377232142857262e-01,-2.230747767857142738e-01,-2.215401785714285754e-01,-2.234933035714285754e-01,-2.201450892857142738e-01,-2.211216517857142738e-01,-2.200055803571428492e-01,-2.209821428571428492e-01,-2.211216517857142738e-01,-2.208426339285714246e-01,-2.207031250000000000e-01,-2.200055803571428492e-01,-2.207031250000000000e-01,-2.207031250000000000e-01,-2.211216517857142738e-01,-2.202845982142857262e-01,-2.208426339285714246e-01,-2.200055803571428492e-01,-2.198660714285714246e-01,-2.191685267857142738e-01
-9.695870535714286309e-02,-9.709821428571428770e-02,-9.723772321428571230e-02,-9.640066964285713691e-02,-9.681919642857142461e-02,-9.654017857142857539e-02,-9.598214285714286309e-02,-9.654017857142857539e-02,-9.709821428571428770e-02,-9.695870535714286309e-02,-9.584263392857142461e-02,-9.626116071428571230e-02,-9.528459821428571230e-02,-9.570312500000000000e-02,-9.598214285714286309e-02,-9.584263392857142461e-02,-9.528459821428571230e-02,-9.737723214285713691e-02,-9.765625000000000000e-02,-9.765625000000000000e-02,-9.667968750000000000e-02,-9.709821428571428770e-02,-9.709821428571428770e-02,-9.695870535714286309e-02,-9.765625000000000000e-02,-9.709821428571428770e-02,-9.654017857142857539e-02,-9.667968750000000000e-02,-9.626116071428571230e-02,-9.681919642857142461e-02,-9.626116071428571230e-02,-9.654017857142857539e-02,-9.695870535714286309e-02,-9.723772321428571230e-02,-9.695870535714286309e-02,-9.681919642857142461e-02,-9.654017857142857539e-02,-9.695870535714286309e-02,-9.626116071428571230e-02,-9.612165178571428770e-02,-9.654017857142857539e-02,-9.584263392857142461e-02
-2.399553571428571577e-02,-2.427455357142857192e-02,-2.469308035714285615e-02,-2.357700892857142808e-02,-2.357700892857142808e-02,-2.385602678571428423e-02,-2.190290178571428423e-02,-2.315848214285714385e-02,-2.427455357142857192e-02,-2.385602678571428423e-02,-2.232142857142857192e-02,-2.260044642857142808e-02,-2.315848214285714385e-02,-2.273995535714285615e-02,-2.357700892857142808e-02,-2.329799107142857192e-02,-2.273995535714285615e-02,-2.343750000000000000e-02,-2.273995535714285615e-02,-2.273995535714285615e-02,-2.357700892857142808e-02,-2.301897321428571577e-02,-2.260044642857142808e-02,-2.190290178571428423e-02,-2.371651785714285615e-02,-2.218191964285714385e-02,-2.315848214285714385e-02,-2.218191964285714385e-02,-2.260044642857142808e-02,-2.427455357142857192e-02,-2.260044642857142808e-02,-2.315848214285714385e-02,-2.273995535714285615e-02,-2.329799107142857192e-02,-2.357700892857142808e-02,-2.371651785714285615e-02,-2.287946428571428423e-02,-2.232142857142857192e-02,-2.315848214285714385e-02,-2.232142857142857192e-02,-2.343750000000000000e-02,-2.232142857142857192e-02
-1.562500000000000000e-02,-1.478794642857142808e-02,-1.450892857142857192e-02,-1.395089285714285789e-02,-1.492745535714285789e-02,-1.381138392857142808e-02,-1.478794642857142808e-02,-1.520647321428571404e-02,-1.492745535714285789e-02,-1.478794642857142808e-02,-1.464843750000000000e-02,-1.548549107142857192e-02,-1.381138392857142808e-02,-1.436941964285714211e-02,-1.450892857142857192e-02,-1.506696428571428596e-02,-1.478794642857142808e-02,-1.367187500000000000e-02,-1.422991071428571404e-02,-1.339285714285714211e-02,-1.353236607142857192e-02,-1.367187500000000000e-02,-1.436941964285714211e-02,-1.409040178571428596e-02,-1.409040178571428596e-02,-1.436941964285714211e-02,-1.227678571428571404e-02,-1.325334821428571404e-02,-1.325334821428571404e-02,-1.520647321428571404e-02,-1.395089285714285789e-02,-1.422991071428571404e-02,-1.422991071428571404e-02,-1.381138392857142808e-02,-1.520647321428571404e-02,-1.436941964285714211e-02,-1.450892857142857192e-02,-1.506696428571428596e-02,-1.464843750000000000e-02,-1.422991071428571404e-02,-1.478794642857142808e-02,-1.436941964285714211e-02
-8.468191964285713691e-02,-8.412388392857142461e-02,-8.286830357142857539e-02,-8.328683035714286309e-02,-8.398437500000000000e-02,-8.286830357142857539e-02,-8.398437500000000000e-02,-8.356584821428571230e-02,-8.454241071428571230e-02,-8.217075892857142461e-02,-8.398437500000000000e-02,-8.314732142857142461e-02,-8.189174107142857539e-02,-8.328683035714286309e-02,-8.258928571428571230e-02,-8.356584821428571230e-02,-8.286830357142857539e-02,-8.328683035714286309e-02,-8.398437500000000000e-02,-8.272879464285713691e-02,-8.231026785714286309e-02,-8.328683035714286309e-02,-8.440290178571428770e-02,-8.412388392857142461e-02,-8.286830357142857539e-02,-8.468191964285713691e-02,-8.147321428571428770e-02,-8.300781250000000000e-02,-8.203125000000000000e-02,-8.356584821428571230e-02,-8.286830357142857539e-02,-8.314732142857142461e-02,-8.356584821428571230e-02,-8.314732142857142461e-02,-8.398437500000000000e-02,-8.356584821428571230e-02,-8.314732142857142461e-02,-8.370535714285713691e-02,-8.370535714285713691e-02,-8.370535714285713691e-02,-8.314732142857142461e-02,-8.231026785714286309e-02
1.855468750000000000e-02,1.841517857142857192e-02,1.785714285714285615e-02,1.897321428571428423e-02,1.799665178571428423e-02,1.869419642857142808e-02,1.841517857142857192e-02,1.813616071428571577e-02,1.757812500000000000e-02,1.799665178571428423e-02,1.925223214285714385e-02,1.855468750000000000e-02,1.925223214285714385e-02,1.813616071428571577e-02,1.855468750000000000e-02,1.813616071428571577e-02,1.841517857142857192e-02,2.022879464285714385e-02,1.883370535714285615e-02,1.994977678571428423e-02,2.022879464285714385e-02,2.036830357142857192e-02,1.911272321428571577e-02,1.981026785714285615e-02,1.869419642857142808e-02,2.022879464285714385e-02,2.008928571428571577e-02,1.925223214285714385e-02,1.994977678571428423e-02,1.841517857142857192e-02,1.897321428571428423e-02,1.967075892857142808e-02,1.911272321428571577e-02,1.883370535714285615e-02,1.925223214285714385e-02,1.883370535714285615e-02,1.855468750000000000e-02,1.841517857142857192e-02,1.911272321428571577e-02,1.925223214285714385e-02,1.869419642857142808e-02,1.869419642857142808e-02
7.003348214285713691e-02,6.933593750000000000e-02,6.821986607142857539e-02,6.975446428571428770e-02,6.961495535714286309e-02,6.961495535714286309e-02,7.114955357142857539e-02,6.975446428571428770e-02,6.891741071428571230e-02,6.905691964285713691e-02,7.087053571428571230e-02,6.975446428571428770e-02,6.989397321428571230e-02,7.017299107142857539e-02,6.933593750000000000e-02,6.877790178571428770e-02,6.961495535714286309e-02,7.142857142857142461e-02,7.142857142857142461e-02,7.101004464285713691e-02,7.128906250000000000e-02,7.128906250000000000e-02,7.087053571428571230e-02,7.268415178571428770e-02,7.017299107142857539e-02,7.170758928571428770e-02,7.142857142857142461e-02,7.087053571428571230e-02,7.073102678571428770e-02,6.947544642857142461e-02,7.087053571428571230e-02,7.031250000000000000e-02,7.073102678571428770e-02,6.947544642857142461e-02,7.017299107142857539e-02,7.017299107142857539e-02,7.003348214285713691e-02,7.073102678571428770e-02,7.017299107142857539e-02,7.087053571428571230e-02,6.989397321428571230e-02,6.989397321428571230e-02
5.650111607142856845e-02,5.678013392857143155e-02,5.664062500000000000e-02,5.719866071428571230e-02,5.664062500000000000e-02,5.747767857142856845e-02,5.622209821428571230e-02,5.636160714285714385e-02,5.580357142857143155e-02,5.622209821428571230e-02,5.650111607142856845e-02,5.608258928571428770e-02,5.747767857142856845e-02,5.608258928571428770e-02,5.622209821428571230e-02,5.482700892857143155e-02,5.552455357142856845e-02,5.845424107142856845e-02,5.789620535714285615e-02,5.929129464285714385e-02,5.915178571428571230e-02,5.873325892857143155e-02,5.747767857142856845e-02,5.803571428571428770e-02,5.761718750000000000e-02,5.747767857142856845e-02,5.859375000000000000e-02,5.831473214285714385e-02,5.859375000000000000e-02,5.636160714285714385e-02,5.761718750000000000e-02,5.719866071428571230e-02,5.747767857142856845e-02,5.678013392857143155e-02,5.719866071428571230e-02,5.705915178571428770e-02,5.650111607142856845e-02,5.636160714285714385e-02,5.705915178571428770e-02,5.691964285714285615e-02,5.608258928571428770e-02,5.747767857142856845e-02
-2.148437500000000000e-02,-1.981026785714285615e-02,-1.967075892857142808e-02,-1.967075892857142808e-02,-2.008928571428571577e-02,-1.911272321428571577e-02,-2.036830357142857192e-02,-1.967075892857142808e-02,-1.994977678571428423e-02,-1.911272321428571577e-02,-2.092633928571428423e-02,-2.036830357142857192e-02,-1.799665178571428423e-02,-2.008928571428571577e-02,-1.897321428571428423e-02,-2.120535714285714385e-02,-1.981026785714285615e-02,-1.855468750000000000e-02,-1.939174107142857192e-02,-1.869419642857142808e-02,-1.827566964285714385e-02,-1.841517857142857192e-02,-1.953125000000000000e-02,-1.897321428571428423e-02,-1.925223214285714385e-02,-1.994977678571428423e-02,-1.771763392857142808e-02,-1.869419642857142808e-02,-1.813616071428571577e-02,-2.036830357142857192e-02,-1.869419642857142808e-02,-1.925223214285714385e-02,-1.953125000000000000e-02,-1.967075892857142808e-02,-2.008928571428571577e-02,-1.953125000000000000e-02,-1.953125000000000000e-02,-2.022879464285714385e-02,-2.036830357142857192e-02,-1.953125000000000000e-02,-2.050781250000000000e-02,-1.981026785714285615e-02
6.794084821428571230e-02,6.849888392857142461e-02,6.821986607142857539e-02,6.933593750000000000e-02,6.877790178571428770e-02,6.863839285714286309e-02,6.975446428571428770e-02,6.835937500000000000e-02,6.766183035714286309e-02,6.835937500000000000e-02,6.891741071428571230e-02,6.835937500000000000e-02,6.877790178571428770e-02,6.849888392857142461e-02,6.849888392857142461e-02,6.752232142857142461e-02,6.821986607142857539e-02,7.114955357142857539e-02,6.989397321428571230e-02,7.101004464285713691e-02,7.073102678571428770e-02,7.087053571428571230e-02,7.003348214285713691e-02,7.128906250000000000e-02,6.975446428571428770e-02,7.045200892857142461e-02,7.017299107142857539e-02,7.059151785714286309e-02,7.087053571428571230e-02,6.919642857142857539e-02,6.961495535714286309e-02,6.961495535714286309e-02,6.947544642857142461e-02,6.891741071428571230e-02,6.933593750000000000e-02,6.905691964285713691e-02,6.863839285714286309e-02,6.891741071428571230e-02,6.933593750000000000e-02,6.933593750000000000e-02,6.863839285714286309e-02,6.905691964285713691e-02
1.148158482142857123e-01,1.141183035714285754e-01,1.136997767857142877e-01,1.145368303571428631e-01,1.141183035714285754e-01,1.146763392857142877e-01,1.152343750000000000e-01,1.138392857142857123e-01,1.132812500000000000e-01,1.131417410714285754e-01,1.155133928571428631e-01,1.141183035714285754e-01,1.145368303571428631e-01,1.149553571428571369e-01,1.135602678571428631e-01,1.134207589285714246e-01,1.141183035714285754e-01,1.169084821428571369e-01,1.167689732142857123e-01,1.163504464285714246e-01,1.159319196428571369e-01,1.171875000000000000e-01,1.162109375000000000e-01,1.181640625000000000e-01,1.153738839285714246e-01,1.170479910714285754e-01,1.156529017857142877e-01,1.164899553571428631e-01,1.159319196428571369e-01,1.141183035714285754e-01,1.155133928571428631e-01,1.152343750000000000e-01,1.153738839285714246e-01,1.149553571428571369e-01,1.163504464285714246e-01,1.157924107142857123e-01,1.156529017857142877e-01,1.145368303571428631e-01,1.148158482142857123e-01,1.159319196428571369e-01,1.142578125000000000e-01,1.143973214285714246e-01
9.054129464285713691e-02,9.137834821428571230e-02,9.054129464285713691e-02,9.179687500000000000e-02,9.068080357142857539e-02,9.151785714285713691e-02,9.082031250000000000e-02,9.082031250000000000e-02,9.095982142857142461e-02,9.123883928571428770e-02,9.082031250000000000e-02,9.082031250000000000e-02,9.123883928571428770e-02,9.123883928571428770e-02,9.082031250000000000e-02,8.942522321428571230e-02,9.068080357142857539e-02,9.388950892857142461e-02,9.319196428571428770e-02,9.402901785714286309e-02,9.347098214285713691e-02,9.361049107142857539e-02,9.249441964285713691e-02,9.319196428571428770e-02,9.235491071428571230e-02,9.235491071428571230e-02,9.319196428571428770e-02,9.333147321428571230e-02,9.361049107142857539e-02,9.082031250000000000e-02,9.235491071428571230e-02,9.193638392857142461e-02,9.221540178571428770e-02,9.179687500000000000e-02,9.123883928571428770e-02,9.221540178571428770e-02,9.151785714285713691e-02,9.109933035714286309e-02,9.123883928571428770e-02,9.179687500000000000e-02,9.068080357142857539e-02,9.151785714285713691e-02
3.934151785714285615e-02,3.962053571428571230e-02,3.989955357142856845e-02,3.976004464285714385e-02,3.892299107142856845e-02,4.073660714285714385e-02,3.878348214285714385e-02,4.003906250000000000e-02,4.003906250000000000e-02,3.976004464285714385e-02,3.892299107142856845e-02,3.892299107142856845e-02,4.017857142857143155e-02,3.892299107142856845e-02,3.878348214285714385e-02,3.780691964285714385e-02,3.864397321428571230e-02,4.213169642857143155e-02,4.101562500000000000e-02,4.227120535714285615e-02,4.171316964285714385e-02,4.157366071428571230e-02,4.017857142857143155e-02,4.031808035714285615e-02,4.101562500000000000e-02,4.003906250000000000e-02,4.171316964285714385e-02,4.143415178571428770e-02,4.185267857142856845e-02,4.059709821428571230e-02,4.101562500000000000e-02,4.087611607142856845e-02,4.045758928571428770e-02,4.045758928571428770e-02,4.017857142857143155e-02,4.087611607142856845e-02,3.989955357142856845e-02,3.962053571428571230e-02,3.920200892857143155e-02,3.920200892857143155e-02,3.906250000000000000e-02,3.892299107142856845e-02
1.202566964285714246e-01,1.201171875000000000e-01,1.203962053571428631e-01,1.196986607142857123e-01,1.201171875000000000e-01,1.201171875000000000e-01,1.206752232142857123e-01,1.206752232142857123e-01,1.194196428571428631e-01,1.201171875000000000e-01,1.205357142857142877e-01,1.203962053571428631e-01,1.195591517857142877e-01,1.198381696428571369e-01,1.191406250000000000e-01,1.188616071428571369e-01,1.194196428571428631e-01,1.230468750000000000e-01,1.222098214285714246e-01,1.224888392857142877e-01,1.223493303571428631e-01,1.233258928571428631e-01,1.219308035714285754e-01,1.227678571428571369e-01,1.217912946428571369e-01,1.219308035714285754e-01,1.223493303571428631e-01,1.219308035714285754e-01,1.223493303571428631e-01,1.208147321428571369e-01,1.213727678571428631e-01,1.208147321428571369e-01,1.215122767857142877e-01,1.206752232142857123e-01,1.213727678571428631e-01,1.205357142857142877e-01,1.206752232142857123e-01,1.210937500000000000e-01,1.208147321428571369e-01,1.203962053571428631e-01,1.202566964285714246e-01,1.208147321428571369e-01
1.582031250000000000e-01,1.576450892857142738e-01,1.566685267857142738e-01,1.573660714285714246e-01,1.575055803571428492e-01,1.570870535714285754e-01,1.583426339285714246e-01,1.568080357142857262e-01,1.563895089285714246e-01,1.565290178571428492e-01,1.587611607142857262e-01,1.570870535714285754e-01,1.568080357142857262e-01,1.576450892857142738e-01,1.556919642857142738e-01,1.566685267857142738e-01,1.562500000000000000e-01,1.601562500000000000e-01,1.600167410714285754e-01,1.598772321428571508e-01,1.594587053571428492e-01,1.611328125000000000e-01,1.589006696428571508e-01,1.612723214285714246e-01,1.586216517857142738e-01,1.602957589285714246e-01,1.587611607142857262e-01,1.591796875000000000e-01,1.593191964285714246e-01,1.572265625000000000e-01,1.583426339285714246e-01,1.580636160714285754e-01,1.584821428571428492e-01,1.579241071428571508e-01,1.589006696428571508e-01,1.580636160714285754e-01,1.584821428571428492e-01,1.572265625000000000e-01,1.575055803571428492e-01,1.577845982142857262e-01,1.580636160714285754e-01,1.577845982142857262e-01
1.245814732142857123e-01,1.244419642857142877e-01,1.255580357142857262e-01,1.251395089285714246e-01,1.247209821428571369e-01,1.254185267857142738e-01,1.241629464285714246e-01,1.248604910714285754e-01,1.241629464285714246e-01,1.243024553571428631e-01,1.238839285714285754e-01,1.236049107142857123e-01,1.247209821428571369e-01,1.241629464285714246e-01,1.243024553571428631e-01,1.227678571428571369e-01,1.241629464285714246e-01,1.276506696428571508e-01,1.268136160714285754e-01,1.273716517857142738e-01,1.270926339285714246e-01,1.270926339285714246e-01,1.265345982142857262e-01,1.263950892857142738e-01,1.262555803571428492e-01,1.263950892857142738e-01,1.266741071428571508e-01,1.266741071428571508e-01,1.275111607142857262e-01,1.251395089285714246e-01,1.254185267857142738e-01,1.258370535714285754e-01,1.262555803571428492e-01,1.258370535714285754e-01,1.252790178571428492e-01,1.256975446428571508e-01,1.252790178571428492e-01,1.250000000000000000e-01,1.245814732142857123e-01,1.252790178571428492e-01,1.244419642857142877e-01,1.248604910714285754e-01
5.440848214285714385e-02,5.412946428571428770e-02,5.440848214285714385e-02,5.426897321428571230e-02,5.385044642857143155e-02,5.468750000000000000e-02,5.357142857142856845e-02,5.412946428571428770e-02,5.426897321428571230e-02,5.426897321428571230e-02,5.343191964285714385e-02,5.440848214285714385e-02,5.412946428571428770e-02,5.329241071428571230e-02,5.371093750000000000e-02,5.259486607142856845e-02,5.371093750000000000e-02,5.608258928571428770e-02,5.510602678571428770e-02,5.636160714285714385e-02,5.650111607142856845e-02,5.580357142857143155e-02,5.482700892857143155e-02,5.482700892857143155e-02,5.566406250000000000e-02,5.496651785714285615e-02,5.678013392857143155e-02,5.622209821428571230e-02,5.650111607142856845e-02,5.412946428571428770e-02,5.468750000000000000e-02,5.524553571428571230e-02,5.538504464285714385e-02,5.426897321428571230e-02,5.454799107142856845e-02,5.566406250000000000e-02,5.468750000000000000e-02,5.385044642857143155e-02,5.385044642857143155e-02,5.385044642857143155e-02,5.343191964285714385e-02,5.412946428571428770e-02
1.308593750000000000e-01,1.301618303571428492e-01,1.303013392857142738e-01,1.305803571428571508e-01,1.301618303571428492e-01,1.307198660714285754e-01,1.315569196428571508e-01,1.300223214285714246e-01,1.303013392857142738e-01,1.307198660714285754e-01,1.304408482142857262e-01,1.303013392857142738e-01,1.296037946428571508e-01,1.298828125000000000e-01,1.300223214285714246e-01,1.290457589285714246e-01,1.301618303571428492e-01,1.335100446428571508e-01,1.323939732142857262e-01,1.330915178571428492e-01,1.326729910714285754e-01,1.329520089285714246e-01,1.315569196428571508e-01,1.333705357142857262e-01,1.319754464285714246e-01,1.322544642857142738e-01,1.321149553571428492e-01,1.318359375000000000e-01,1.321149553571428492e-01,1.312779017857142738e-01,1.311383928571428492e-01,1.309988839285714246e-01,1.315569196428571508e-01,1.308593750000000000e-01,1.314174107142857262e-01,1.314174107142857262e-01,1.312779017857142738e-01,1.309988839285714246e-01,1.307198660714285754e-01,1.311383928571428492e-01,1.307198660714285754e-01,1.301618303571428492e-01
1.661551339285714246e-01,1.648995535714285754e-01,1.637834821428571508e-01,1.648995535714285754e-01,1.647600446428571508e-01,1.653180803571428492e-01,1.657366071428571508e-01,1.637834821428571508e-01,1.639229910714285754e-01,1.640625000000000000e-01,1.662946428571428492e-01,1.648995535714285754e-01,1.648995535714285754e-01,1.646205357142857262e-01,1.636439732142857262e-01,1.640625000000000000e-01,1.644810267857142738e-01,1.676897321428571508e-01,1.676897321428571508e-01,1.672712053571428492e-01,1.674107142857142738e-01,1.681082589285714246e-01,1.658761160714285754e-01,1.689453125000000000e-01,1.661551339285714246e-01,1.676897321428571508e-01,1.662946428571428492e-01,1.664341517857142738e-01,1.664341517857142738e-01,1.651785714285714246e-01,1.653180803571428492e-01,1.664341517857142738e-01,1.667131696428571508e-01,1.647600446428571508e-01,1.665736607142857262e-01,1.646205357142857262e-01,1.658761160714285754e-01,1.655970982142857262e-01,1.660156250000000000e-01,1.657366071428571508e-01,1.650390625000000000e-01,1.653180803571428492e-01
1.305803571428571508e-01,1.303013392857142738e-01,1.305803571428571508e-01,1.298828125000000000e-01,1.297433035714285754e-01,1.305803571428571508e-01,1.304408482142857262e-01,1.301618303571428492e-01,1.296037946428571508e-01,1.297433035714285754e-01,1.290457589285714246e-01,1.301618303571428492e-01,1.298828125000000000e-01,1.293247767857142738e-01,1.289062500000000000e-01,1.277901785714285754e-01,1.293247767857142738e-01,1.326729910714285754e-01,1.316964285714285754e-01,1.321149553571428492e-01,1.325334821428571508e-01,1.323939732142857262e-01,1.314174107142857262e-01,1.316964285714285754e-01,1.318359375000000000e-01,1.308593750000000000e-01,1.322544642857142738e-01,1.318359375000000000e-01,1.319754464285714246e-01,1.303013392857142738e-01,1.312779017857142738e-01,1.305803571428571508e-01,1.314174107142857262e-01,1.308593750000000000e-01,1.307198660714285754e-01,1.308593750000000000e-01,1.308593750000000000e-01,1.303013392857142738e-01,1.300223214285714246e-01,1.304408482142857262e-01,1.297433035714285754e-01,1.300223214285714246e-01
1.157924107142857192e-02,1.157924107142857192e-02,1.185825892857142808e-02,1.227678571428571404e-02,1.185825892857142808e-02,1.353236607142857192e-02,1.227678571428571404e-02,1.157924107142857192e-02,1.185825892857142808e-02,1.213727678571428596e-02,1.255580357142857192e-02,1.297433035714285789e-02,1.297433035714285789e-02,1.199776785714285789e-02,1.283482142857142808e-02,1.199776785714285789e-02,1.227678571428571404e-02,1.185825892857142808e-02,1.185825892857142808e-02,1.241629464285714211e-02,1.241629464285714211e-02,1.185825892857142808e-02,1.143973214285714211e-02,1.227678571428571404e-02,1.241629464285714211e-02,1.227678571428571404e-02,1.297433035714285789e-02,1.297433035714285789e-02,1.297433035714285789e-02,1.102120535714285789e-02,1.199776785714285789e-02,1.199776785714285789e-02,1.269531250000000000e-02,1.171875000000000000e-02,1.269531250000000000e-02,1.241629464285714211e-02,1.227678571428571404e-02,1.199776785714285789e-02,1.283482142857142808e-02,1.199776785714285789e-02,1.283482142857142808e-02,1.283482142857142808e-02
2.943638392857142808e-02,2.915736607142857192e-02,2.929687500000000000e-02,2.985491071428571577e-02,2.971540178571428423e-02,2.985491071428571577e-02,3.041294642857142808e-02,2.957589285714285615e-02,2.971540178571428423e-02,2.943638392857142808e-02,3.069196428571428423e-02,3.041294642857142808e-02,3.083147321428571577e-02,2.985491071428571577e-02,3.055245535714285615e-02,2.943638392857142808e-02,3.041294642857142808e-02,2.971540178571428423e-02,2.971540178571428423e-02,2.957589285714285615e-02,3.055245535714285615e-02,3.055245535714285615e-02,2.985491071428571577e-02,3.111049107142857192e-02,3.013392857142857192e-02,3.069196428571428423e-02,3.069196428571428423e-02,3.097098214285714385e-02,3.041294642857142808e-02,2.943638392857142808e-02,3.027343750000000000e-02,2.985491071428571577e-02,3.027343750000000000e-02,2.971540178571428423e-02,3.055245535714285615e-02,3.069196428571428423e-02,3.069196428571428423e-02,2.999441964285714385e-02,3.055245535714285615e-02,3.055245535714285615e-02,3.055245535714285615e-02,3.041294642857142808e-02
6.277901785714286309e-02,6.319754464285713691e-02,6.291852678571428770e-02,6.319754464285713691e-02,6.347656250000000000e-02,6.361607142857142461e-02,6.501116071428571230e-02,6.291852678571428770e-02,6.291852678571428770e-02,6.333705357142857539e-02,6.556919642857142461e-02,6.445312500000000000e-02,6.389508928571428770e-02,6.445312500000000000e-02,6.389508928571428770e-02,6.375558035714286309e-02,6.515066964285713691e-02,6.333705357142857539e-02,6.403459821428571230e-02,6.389508928571428770e-02,6.389508928571428770e-02,6.473214285714286309e-02,6.417410714285713691e-02,6.584821428571428770e-02,6.375558035714286309e-02,6.515066964285713691e-02,6.403459821428571230e-02,6.445312500000000000e-02,6.361607142857142461e-02,6.333705357142857539e-02,6.291852678571428770e-02,6.445312500000000000e-02,6.417410714285713691e-02,6.333705357142857539e-02,6.431361607142857539e-02,6.389508928571428770e-02,6.487165178571428770e-02,6.333705357142857539e-02,6.473214285714286309e-02,6.459263392857142461e-02,6.515066964285713691e-02,6.542968750000000000e-02
3.878348214285714385e-02,3.836495535714285615e-02,3.920200892857143155e-02,3.920200892857143155e-02,3.878348214285714385e-02,3.962053571428571230e-02,3.864397321428571230e-02,3.878348214285714385e-02,3.864397321428571230e-02,3.962053571428571230e-02,3.934151785714285615e-02,3.906250000000000000e-02,3.989955357142856845e-02,3.892299107142856845e-02,3.892299107142856845e-02,3.766741071428571230e-02,3.892299107142856845e-02,3.989955357142856845e-02,3.976004464285714385e-02,3.934151785714285615e-02,4.045758928571428770e-02,3.976004464285714385e-02,3.934151785714285615e-02,3.976004464285714385e-02,3.962053571428571230e-02,3.906250000000000000e-02,4.045758928571428770e-02,4.017857142857143155e-02,4.031808035714285615e-02,3.822544642857143155e-02,3.948102678571428770e-02,3.948102678571428770e-02,3.920200892857143155e-02,3.906250000000000000e-02,3.920200892857143155e-02,4.003906250000000000e-02,3.934151785714285615e-02,3.794642857142856845e-02,3.878348214285714385e-02,3.906250000000000000e-02,3.934151785714285615e-02,3.934151785714285615e-02
-6.040736607142856845e-02,-5.859375000000000000e-02,-5.817522321428571230e-02,-5.831473214285714385e-02,-5.901227678571428770e-02,-5.775669642857143155e-02,-5.859375000000000000e-02,-5.845424107142856845e-02,-5.775669642857143155e-02,-5.747767857142856845e-02,-5.761718750000000000e-02,-5.636160714285714385e-02,-5.678013392857143155e-02,-5.789620535714285615e-02,-5.691964285714285615e-02,-5.845424107142856845e-02,-5.705915178571428770e-02,-5.970982142857143155e-02,-5.970982142857143155e-02,-5.915178571428571230e-02,-5.831473214285714385e-02,-5.873325892857143155e-02,-5.957031250000000000e-02,-5.957031250000000000e-02,-5.789620535714285615e-02,-5.998883928571428770e-02,-5.775669642857143155e-02,-5.775669642857143155e-02,-5.747767857142856845e-02,-5.957031250000000000e-02,-5.901227678571428770e-02,-5.789620535714285615e-02,-5.775669642857143155e-02,-5.831473214285714385e-02,-5.831473214285714385e-02,-5.733816964285714385e-02,-5.859375000000000000e-02,-5.873325892857143155e-02,-5.859375000000000000e-02,-5.831473214285714385e-02,-5.775669642857143155e-02,-5.691964285714285615e-02
-1.395089285714285637e-04,6.975446428571428726e-04,-2.790178571428571274e-04,1.255580357142857236e-03,5.580357142857142547e-04,1.116071428571428509e-03,1.116071428571428509e-03,-1.395089285714285637e-04,5.580357142857142547e-04,5.580357142857142547e-04,1.813616071428571491e-03,1.674107142857142764e-03,1.813616071428571491e-03,1.674107142857142764e-03,8.370535714285713821e-04,9.765625000000000000e-04,1.674107142857142764e-03,5.580357142857142547e-04,1.395089285714285637e-04,2.790178571428571274e-04,9.765625000000000000e-04,1.116071428571428509e-03,2.790178571428571274e-04,1.116071428571428509e-03,9.765625000000000000e-04,1.116071428571428509e-03,6.975446428571428726e-04,1.534598214285714255e-03,9.765625000000000000e-04,-2.790178571428571274e-04,8.370535714285713821e-04,8.370535714285713821e-04,1.674107142857142764e-03,4.185267857142856911e-04,9.765625000000000000e-04,1.255580357142857236e-03,1.395089285714285745e-03,8.370535714285713821e-04,1.813616071428571491e-03,8.370535714285713821e-04,2.232142857142857019e-03,1.534598214285714255e-03
3.962053571428571230e-02,3.989955357142856845e-02,3.948102678571428770e-02,3.934151785714285615e-02,4.045758928571428770e-02,4.073660714285714385e-02,4.143415178571428770e-02,4.003906250000000000e-02,4.017857142857143155e-02,4.003906250000000000e-02,4.185267857142856845e-02,4.115513392857143155e-02,4.087611607142856845e-02,4.143415178571428770e-02,4.031808035714285615e-02,4.087611607142856845e-02,4.087611607142856845e-02,3.989955357142856845e-02,3.989955357142856845e-02,3.989955357142856845e-02,4.017857142857143155e-02,4.101562500000000000e-02,4.101562500000000000e-02,4.143415178571428770e-02,4.003906250000000000e-02,4.143415178571428770e-02,4.045758928571428770e-02,4.129464285714285615e-02,4.003906250000000000e-02,3.962053571428571230e-02,3.962053571428571230e-02,4.115513392857143155e-02,4.115513392857143155e-02,4.059709821428571230e-02,4.143415178571428770e-02,4.017857142857143155e-02,4.115513392857143155e-02,4.059709821428571230e-02,4.073660714285714385e-02,4.129464285714285615e-02,4.143415178571428770e-02,4.143415178571428770e-02
2.092633928571428423e-02,2.078683035714285615e-02,2.064732142857142808e-02,2.232142857142857192e-02,2.064732142857142808e-02,2.148437500000000000e-02,2.148437500000000000e-02,2.050781250000000000e-02,2.092633928571428423e-02,2.120535714285714385e-02,2.078683035714285615e-02,2.134486607142857192e-02,2.246093750000000000e-02,2.092633928571428423e-02,2.162388392857142808e-02,1.994977678571428423e-02,2.176339285714285615e-02,2.162388392857142808e-02,2.050781250000000000e-02,2.064732142857142808e-02,2.162388392857142808e-02,2.162388392857142808e-02,2.050781250000000000e-02,2.162388392857142808e-02,2.134486607142857192e-02,2.078683035714285615e-02,2.162388392857142808e-02,2.232142857142857192e-02,2.190290178571428423e-02,2.036830357142857192e-02,2.148437500000000000e-02,2.078683035714285615e-02,2.078683035714285615e-02,2.050781250000000000e-02,2.120535714285714385e-02,2.190290178571428423e-02,2.106584821428571577e-02,2.078683035714285615e-02,2.078683035714285615e-02,2.050781250000000000e-02,2.120535714285714385e-02,2.134486607142857192e-02
-1.298828125000000000e-01,-1.283482142857142738e-01,-1.276506696428571508e-01,-1.276506696428571508e-01,-1.273716517857142738e-01,-1.279296875000000000e-01,-1.284877232142857262e-01,-1.272321428571428492e-01,-1.272321428571428492e-01,-1.270926339285714246e-01,-1.283482142857142738e-01,-1.269531250000000000e-01,-1.275111607142857262e-01,-1.268136160714285754e-01,-1.265345982142857262e-01,-1.265345982142857262e-01,-1.269531250000000000e-01,-1.314174107142857262e-01,-1.308593750000000000e-01,-1.303013392857142738e-01,-1.296037946428571508e-01,-1.311383928571428492e-01,-1.294642857142857262e-01,-1.304408482142857262e-01,-1.291852678571428492e-01,-1.305803571428571508e-01,-1.297433035714285754e-01,-1.289062500000000000e-01,-1.283482142857142738e-01,-1.290457589285714246e-01,-1.290457589285714246e-01,-1.289062500000000000e-01,-1.287667410714285754e-01,-1.282087053571428492e-01,-1.283482142857142738e-01,-1.279296875000000000e-01,-1.293247767857142738e-01,-1.287667410714285754e-01,-1.293247767857142738e-01,-1.282087053571428492e-01,-1.287667410714285754e-01,-1.272321428571428492e-01
-6.515066964285713691e-02,-6.389508928571428770e-02,-6.473214285714286309e-02,-6.445312500000000000e-02,-6.445312500000000000e-02,-6.389508928571428770e-02,-6.417410714285713691e-02,-6.431361607142857539e-02,-6.403459821428571230e-02,-6.445312500000000000e-02,-6.319754464285713691e-02,-6.375558035714286309e-02,-6.361607142857142461e-02,-6.375558035714286309e-02,-6.389508928571428770e-02,-6.291852678571428770e-02,-6.291852678571428770e-02,-6.612723214285713691e-02,-6.570870535714286309e-02,-6.626674107142857539e-02,-6.542968750000000000e-02,-6.598772321428571230e-02,-6.542968750000000000e-02,-6.515066964285713691e-02,-6.487165178571428770e-02,-6.445312500000000000e-02,-6.570870535714286309e-02,-6.542968750000000000e-02,-6.501116071428571230e-02,-6.529017857142857539e-02,-6.487165178571428770e-02,-6.501116071428571230e-02,-6.487165178571428770e-02,-6.459263392857142461e-02,-6.375558035714286309e-02,-6.417410714285713691e-02,-6.445312500000000000e-02,-6.445312500000000000e-02,-6.459263392857142461e-02,-6.417410714285713691e-02,-6.389508928571428770e-02,-6.403459821428571230e-02
-1.478794642857142808e-02,-1.450892857142857192e-02,-1.450892857142857192e-02,-1.450892857142857192e-02,-1.422991071428571404e-02,-1.409040178571428596e-02,-1.283482142857142808e-02,-1.339285714285714211e-02,-1.409040178571428596e-02,-1.450892857142857192e-02,-1.213727678571428596e-02,-1.367187500000000000e-02,-1.297433035714285789e-02,-1.283482142857142808e-02,-1.353236607142857192e-02,-1.255580357142857192e-02,-1.241629464285714211e-02,-1.506696428571428596e-02,-1.534598214285714211e-02,-1.520647321428571404e-02,-1.562500000000000000e-02,-1.520647321428571404e-02,-1.422991071428571404e-02,-1.353236607142857192e-02,-1.576450892857142808e-02,-1.395089285714285789e-02,-1.506696428571428596e-02,-1.492745535714285789e-02,-1.478794642857142808e-02,-1.450892857142857192e-02,-1.436941964285714211e-02,-1.436941964285714211e-02,-1.436941964285714211e-02,-1.492745535714285789e-02,-1.325334821428571404e-02,-1.450892857142857192e-02,-1.367187500000000000e-02,-1.339285714285714211e-02,-1.367187500000000000e-02,-1.325334821428571404e-02,-1.325334821428571404e-02,-1.283482142857142808e-02
-2.008928571428571577e-02,-1.953125000000000000e-02,-1.967075892857142808e-02,-1.883370535714285615e-02,-2.008928571428571577e-02,-1.883370535714285615e-02,-2.008928571428571577e-02,-2.008928571428571577e-02,-1.897321428571428423e-02,-1.953125000000000000e-02,-1.981026785714285615e-02,-1.897321428571428423e-02,-1.855468750000000000e-02,-1.939174107142857192e-02,-1.925223214285714385e-02,-1.967075892857142808e-02,-1.925223214285714385e-02,-2.064732142857142808e-02,-2.050781250000000000e-02,-1.967075892857142808e-02,-1.953125000000000000e-02,-2.064732142857142808e-02,-2.036830357142857192e-02,-2.022879464285714385e-02,-1.967075892857142808e-02,-2.050781250000000000e-02,-1.897321428571428423e-02,-1.911272321428571577e-02,-1.897321428571428423e-02,-1.981026785714285615e-02,-1.925223214285714385e-02,-1.953125000000000000e-02,-1.981026785714285615e-02,-1.953125000000000000e-02,-1.925223214285714385e-02,-1.883370535714285615e-02,-2.022879464285714385e-02,-1.994977678571428423e-02,-2.008928571428571577e-02,-1.953125000000000000e-02,-2.008928571428571577e-02,-1.925223214285714385e-02
-1.702008928571428492e-01,-1.697823660714285754e-01,-1.688058035714285754e-01,-1.685267857142857262e-01,-1.690848214285714246e-01,-1.686662946428571508e-01,-1.688058035714285754e-01,-1.686662946428571508e-01,-1.676897321428571508e-01,-1.683872767857142738e-01,-1.696428571428571508e-01,-1.682477678571428492e-01,-1.678292410714285754e-01,-1.683872767857142738e-01,-1.674107142857142738e-01,-1.674107142857142738e-01,-1.675502232142857262e-01,-1.713169642857142738e-01,-1.708984375000000000e-01,-1.699218750000000000e-01,-1.696428571428571508e-01,-1.715959821428571508e-01,-1.721540178571428492e-01,-1.710379464285714246e-01,-1.696428571428571508e-01,-1.708984375000000000e-01,-1.695033482142857262e-01,-1.689453125000000000e-01,-1.685267857142857262e-01,-1.710379464285714246e-01,-1.690848214285714246e-01,-1.695033482142857262e-01,-1.689453125000000000e-01,-1.693638392857142738e-01,-1.693638392857142738e-01,-1.683872767857142738e-01,-1.695033482142857262e-01,-1.700613839285714246e-01,-1.693638392857142738e-01,-1.678292410714285754e-01,-1.688058035714285754e-01,-1.689453125000000000e-01
-5.887276785714285615e-02,-5.817522321428571230e-02,-5.817522321428571230e-02,-5.678013392857143155e-02,-5.817522321428571230e-02,-5.719866071428571230e-02,-5.705915178571428770e-02,-5.775669642857143155e-02,-5.733816964285714385e-02,-5.775669642857143155e-02,-5.636160714285714385e-02,-5.678013392857143155e-02,-5.678013392857143155e-02,-5.636160714285714385e-02,-5.691964285714285615e-02,-5.747767857142856845e-02,-5.622209821428571230e-02,-5.803571428571428770e-02,-5.733816964285714385e-02,-5.775669642857143155e-02,-5.747767857142856845e-02,-5.705915178571428770e-02,-5.873325892857143155e-02,-5.747767857142856845e-02,-5.761718750000000000e-02,-5.747767857142856845e-02,-5.705915178571428770e-02,-5.664062500000000000e-02,-5.650111607142856845e-02,-5.887276785714285615e-02,-5.803571428571428770e-02,-5.747767857142856845e-02,-5.691964285714285615e-02,-5.705915178571428770e-02,-5.733816964285714385e-02,-5.733816964285714385e-02,-5.747767857142856845e-02,-5.664062500000000000e-02,-5.678013392857143155e-02,-5.691964285714285615e-02,-5.733816964285714385e-02,-5.622209821428571230e-02
5.859375000000000000e-03,5.859375000000000000e-03,5.440848214285714038e-03,5.719866071428571057e-03,5.580357142857142981e-03,5.719866071428571057e-03,6.696428571428571057e-03,6.277901785714285962e-03,5.719866071428571057e-03,4.603794642857142981e-03,7.254464285714285962e-03,5.301339285714285962e-03,6.138392857142857019e-03,6.556919642857142981e-03,5.719866071428571057e-03,5.719866071428571057e-03,7.114955357142857019e-03,6.696428571428571057e-03,6.835937500000000000e-03,5.580357142857142981e-03,6.556919642857142981e-03,7.114955357142857019e-03,5.719866071428571057e-03,7.254464285714285962e-03,5.440848214285714038e-03,7.114955357142857019e-03,5.859375000000000000e-03,6.975446428571428943e-03,6.696428571428571057e-03,5.998883928571428943e-03,5.998883928571428943e-03,6.556919642857142981e-03,6.138392857142857019e-03,6.417410714285714038e-03,6.138392857142857019e-03,5.859375000000000000e-03,6.696428571428571057e-03,7.254464285714285962e-03,6.696428571428571057e-03,6.835937500000000000e-03,7.393973214285714038e-03,6.277901785714285962e-03
4.743303571428571057e-03,4.882812500000000000e-03,5.022321428571428943e-03,5.580357142857142981e-03,5.301339285714285962e-03,5.719866071428571057e-03,5.301339285714285962e-03,5.301339285714285962e-03,5.719866071428571057e-03,5.301339285714285962e-03,5.301339285714285962e-03,5.301339285714285962e-03,5.440848214285714038e-03,5.301339285714285962e-03,5.998883928571428943e-03,5.301339285714285962e-03,5.719866071428571057e-03,6.277901785714285962e-03,5.859375000000000000e-03,6.417410714285714038e-03,6.556919642857142981e-03,5.998883928571428943e-03,5.161830357142857019e-03,6.277901785714285962e-03,5.859375000000000000e-03,5.301339285714285962e-03,6.556919642857142981e-03,6.556919642857142981e-03,7.114955357142857019e-03,5.161830357142857019e-03,5.580357142857142981e-03,6.138392857142857019e-03,5.859375000000000000e-03,5.440848214285714038e-03,5.580357142857142981e-03,6.277901785714285962e-03,4.603794642857142981e-03,5.580357142857142981e-03,5.161830357142857019e-03,5.719866071428571057e-03,5.301339285714285962e-03,5.859375000000000000e-03
-6.515066964285713691e-02,-6.556919642857142461e-02,-6.417410714285713691e-02,-6.431361607142857539e-02,-6.473214285714286309e-02,-6.389508928571428770e-02,-6.515066964285713691e-02,-6.487165178571428770e-02,-6.417410714285713691e-02,-6.403459821428571230e-02,-6.473214285714286309e-02,-6.487165178571428770e-02,-6.361607142857142461e-02,-6.431361607142857539e-02,-6.347656250000000000e-02,-6.501116071428571230e-02,-6.487165178571428770e-02,-6.445312500000000000e-02,-6.445312500000000000e-02,-6.403459821428571230e-02,-6.333705357142857539e-02,-6.389508928571428770e-02,-6.515066964285713691e-02,-6.473214285714286309e-02,-6.473214285714286309e-02,-6.515066964285713691e-02,-6.347656250000000000e-02,-6.250000000000000000e-02,-6.305803571428571230e-02,-6.529017857142857539e-02,-6.417410714285713691e-02,-6.459263392857142461e-02,-6.445312500000000000e-02,-6.417410714285713691e-02,-6.459263392857142461e-02,-6.319754464285713691e-02,-6.487165178571428770e-02,-6.515066964285713691e-02,-6.459263392857142461e-02,-6.417410714285713691e-02,-6.529017857142857539e-02,-6.473214285714286309e-02
3.069196428571428423e-02,3.111049107142857192e-02,3.083147321428571577e-02,3.111049107142857192e-02,3.069196428571428423e-02,3.097098214285714385e-02,3.125000000000000000e-02,3.111049107142857192e-02,3.055245535714285615e-02,3.055245535714285615e-02,3.138950892857143155e-02,3.125000000000000000e-02,3.138950892857143155e-02,3.166852678571428770e-02,3.111049107142857192e-02,2.971540178571428423e-02,3.097098214285714385e-02,3.278459821428571230e-02,3.194754464285714385e-02,3.264508928571428770e-02,3.236607142857143155e-02,3.278459821428571230e-02,3.138950892857143155e-02,3.278459821428571230e-02,3.208705357142856845e-02,3.194754464285714385e-02,3.222656250000000000e-02,3.278459821428571230e-02,3.278459821428571230e-02,3.083147321428571577e-02,3.180803571428571230e-02,3.222656250000000000e-02,3.180803571428571230e-02,3.152901785714285615e-02,3.180803571428571230e-02,3.125000000000000000e-02,3.111049107142857192e-02,3.180803571428571230e-02,3.152901785714285615e-02,3.236607142857143155e-02,3.097098214285714385e-02,3.208705357142856845e-02
7.924107142857142461e-02,7.826450892857142461e-02,7.756696428571428770e-02,7.882254464285713691e-02,7.840401785714286309e-02,7.896205357142857539e-02,7.965959821428571230e-02,7.812500000000000000e-02,7.812500000000000000e-02,7.770647321428571230e-02,8.091517857142857539e-02,7.854352678571428770e-02,7.979910714285713691e-02,7.938058035714286309e-02,7.826450892857142461e-02,7.770647321428571230e-02,7.854352678571428770e-02,8.091517857142857539e-02,8.021763392857142461e-02,7.965959821428571230e-02,8.049665178571428770e-02,8.063616071428571230e-02,7.979910714285713691e-02,8.133370535714286309e-02,7.993861607142857539e-02,8.049665178571428770e-02,7.952008928571428770e-02,8.077566964285713691e-02,7.938058035714286309e-02,7.868303571428571230e-02,7.952008928571428770e-02,7.993861607142857539e-02,8.007812500000000000e-02,7.840401785714286309e-02,7.979910714285713691e-02,7.924107142857142461e-02,8.007812500000000000e-02,7.910156250000000000e-02,7.979910714285713691e-02,8.021763392857142461e-02,7.910156250000000000e-02,7.910156250000000000e-02
6.152343750000000000e-02,6.152343750000000000e-02,6.236049107142856845e-02,6.124441964285714385e-02,6.152343750000000000e-02,6.180245535714285615e-02,6.152343750000000000e-02,6.124441964285714385e-02,6.166294642857143155e-02,6.166294642857143155e-02,6.166294642857143155e-02,6.152343750000000000e-02,6.208147321428571230e-02,6.082589285714285615e-02,6.166294642857143155e-02,6.026785714285714385e-02,6.110491071428571230e-02,6.389508928571428770e-02,6.291852678571428770e-02,6.403459821428571230e-02,6.375558035714286309e-02,6.305803571428571230e-02,6.250000000000000000e-02,6.319754464285713691e-02,6.236049107142856845e-02,6.222098214285714385e-02,6.319754464285713691e-02,6.361607142857142461e-02,6.403459821428571230e-02,6.180245535714285615e-02,6.263950892857142461e-02,6.250000000000000000e-02,6.236049107142856845e-02,6.194196428571428770e-02,6.166294642857143155e-02,6.236049107142856845e-02,6.208147321428571230e-02,6.208147321428571230e-02,6.166294642857143155e-02,6.222098214285714385e-02,6.124441964285714385e-02,6.180245535714285615e-02
-1.799665178571428423e-02,-1.799665178571428423e-02,-1.729910714285714385e-02,-1.632254464285714385e-02,-1.799665178571428423e-02,-1.632254464285714385e-02,-1.785714285714285615e-02,-1.799665178571428423e-02,-1.743861607142857192e-02,-1.674107142857142808e-02,-1.757812500000000000e-02,-1.785714285714285615e-02,-1.674107142857142808e-02,-1.771763392857142808e-02,-1.646205357142857192e-02,-1.897321428571428423e-02,-1.855468750000000000e-02,-1.674107142857142808e-02,-1.702008928571428423e-02,-1.562500000000000000e-02,-1.590401785714285615e-02,-1.618303571428571577e-02,-1.813616071428571577e-02,-1.702008928571428423e-02,-1.729910714285714385e-02,-1.743861607142857192e-02,-1.520647321428571404e-02,-1.576450892857142808e-02,-1.590401785714285615e-02,-1.785714285714285615e-02,-1.688058035714285615e-02,-1.743861607142857192e-02,-1.715959821428571577e-02,-1.743861607142857192e-02,-1.785714285714285615e-02,-1.618303571428571577e-02,-1.799665178571428423e-02,-1.799665178571428423e-02,-1.799665178571428423e-02,-1.729910714285714385e-02,-1.771763392857142808e-02,-1.827566964285714385e-02
6.863839285714286309e-02,6.835937500000000000e-02,6.835937500000000000e-02,6.849888392857142461e-02,6.794084821428571230e-02,6.891741071428571230e-02,6.905691964285713691e-02,6.821986607142857539e-02,6.808035714285713691e-02,6.808035714285713691e-02,6.863839285714286309e-02,6.808035714285713691e-02,6.891741071428571230e-02,6.863839285714286309e-02,6.794084821428571230e-02,6.710379464285713691e-02,6.863839285714286309e-02,7.087053571428571230e-02,7.031250000000000000e-02,6.989397321428571230e-02,7.087053571428571230e-02,7.031250000000000000e-02,6.961495535714286309e-02,7.045200892857142461e-02,6.919642857142857539e-02,7.017299107142857539e-02,6.961495535714286309e-02,7.003348214285713691e-02,6.989397321428571230e-02,6.891741071428571230e-02,6.891741071428571230e-02,6.919642857142857539e-02,6.933593750000000000e-02,6.947544642857142461e-02,6.947544642857142461e-02,6.849888392857142461e-02,6.849888392857142461e-02,6.877790178571428770e-02,6.877790178571428770e-02,6.919642857142857539e-02,6.849888392857142461e-02,6.877790178571428770e-02
1.131417410714285754e-01,1.121651785714285754e-01,1.109095982142857123e-01,1.124441964285714246e-01,1.117466517857142877e-01,1.128627232142857123e-01,1.139787946428571369e-01,1.113281250000000000e-01,1.118861607142857123e-01,1.113281250000000000e-01,1.136997767857142877e-01,1.124441964285714246e-01,1.124441964285714246e-01,1.124441964285714246e-01,1.113281250000000000e-01,1.114676339285714246e-01,1.118861607142857123e-01,1.155133928571428631e-01,1.148158482142857123e-01,1.136997767857142877e-01,1.148158482142857123e-01,1.148158482142857123e-01,1.141183035714285754e-01,1.148158482142857123e-01,1.136997767857142877e-01,1.150948660714285754e-01,1.134207589285714246e-01,1.138392857142857123e-01,1.135602678571428631e-01,1.121651785714285754e-01,1.130022321428571369e-01,1.131417410714285754e-01,1.135602678571428631e-01,1.127232142857142877e-01,1.139787946428571369e-01,1.121651785714285754e-01,1.132812500000000000e-01,1.131417410714285754e-01,1.134207589285714246e-01,1.139787946428571369e-01,1.135602678571428631e-01,1.128627232142857123e-01
8.747209821428571230e-02,8.775111607142857539e-02,8.761160714285713691e-02,8.844866071428571230e-02,8.789062500000000000e-02,8.816964285714286309e-02,8.816964285714286309e-02,8.691406250000000000e-02,8.775111607142857539e-02,8.789062500000000000e-02,8.677455357142857539e-02,8.705357142857142461e-02,8.789062500000000000e-02,8.761160714285713691e-02,8.747209821428571230e-02,8.607700892857142461e-02,8.705357142857142461e-02,8.998325892857142461e-02,8.998325892857142461e-02,8.998325892857142461e-02,9.068080357142857539e-02,8.942522321428571230e-02,8.900669642857142461e-02,8.956473214285713691e-02,8.900669642857142461e-02,8.844866071428571230e-02,9.012276785714286309e-02,8.970424107142857539e-02,8.956473214285713691e-02,8.803013392857142461e-02,8.803013392857142461e-02,8.830915178571428770e-02,8.844866071428571230e-02,8.830915178571428770e-02,8.830915178571428770e-02,8.872767857142857539e-02,8.775111607142857539e-02,8.761160714285713691e-02,8.761160714285713691e-02,8.803013392857142461e-02,8.705357142857142461e-02,8.719308035714286309e-02
-2.371651785714285528e-03,-1.674107142857142764e-03,-1.534598214285714255e-03,-1.116071428571428509e-03,-1.395089285714285745e-03,-6.975446428571428726e-04,-1.395089285714285745e-03,-1.116071428571428509e-03,-1.395089285714285745e-03,-9.765625000000000000e-04,-9.765625000000000000e-04,-1.953125000000000000e-03,-6.975446428571428726e-04,-8.370535714285713821e-04,-5.580357142857142547e-04,-1.813616071428571491e-03,-9.765625000000000000e-04,-1.255580357142857236e-03,-1.395089285714285745e-03,-6.975446428571428726e-04,-8.370535714285713821e-04,-1.255580357142857236e-03,-1.674107142857142764e-03,-1.534598214285714255e-03,-1.953125000000000000e-03,-1.395089285714285745e-03,-1.395089285714285637e-04,-5.580357142857142547e-04,-9.765625000000000000e-04,-1.395089285714285745e-03,-9.765625000000000000e-04,-8.370535714285713821e-04,-4.185267857142856911e-04,-6.975446428571428726e-04,-9.765625000000000000e-04,-6.975446428571428726e-04,-1.534598214285714255e-03,-8.370535714285713821e-04,-1.534598214285714255e-03,-1.116071428571428509e-03,-1.534598214285714255e-03,-1.395089285714285745e-03
1.953125000000000000e-02,1.897321428571428423e-02,1.897321428571428423e-02,1.939174107142857192e-02,1.994977678571428423e-02,2.036830357142857192e-02,2.078683035714285615e-02,1.925223214285714385e-02,1.869419642857142808e-02,1.911272321428571577e-02,1.939174107142857192e-02,2.008928571428571577e-02,2.022879464285714385e-02,1.994977678571428423e-02,1.939174107142857192e-02,1.855468750000000000e-02,1.953125000000000000e-02,1.953125000000000000e-02,2.022879464285714385e-02,1.897321428571428423e-02,2.008928571428571577e-02,1.994977678571428423e-02,1.967075892857142808e-02,2.078683035714285615e-02,1.897321428571428423e-02,2.036830357142857192e-02,1.994977678571428423e-02,1.994977678571428423e-02,2.008928571428571577e-02,1.953125000000000000e-02,1.953125000000000000e-02,1.925223214285714385e-02,1.994977678571428423e-02,1.967075892857142808e-02,1.994977678571428423e-02,1.981026785714285615e-02,1.967075892857142808e-02,2.022879464285714385e-02,2.008928571428571577e-02,2.036830357142857192e-02,1.883370535714285615e-02,1.994977678571428423e-02
5.608258928571428770e-02,5.664062500000000000e-02,5.552455357142856845e-02,5.580357142857143155e-02,5.594308035714285615e-02,5.580357142857143155e-02,5.803571428571428770e-02,5.636160714285714385e-02,5.636160714285714385e-02,5.538504464285714385e-02,5.845424107142856845e-02,5.719866071428571230e-02,5.636160714285714385e-02,5.719866071428571230e-02,5.622209821428571230e-02,5.650111607142856845e-02,5.705915178571428770e-02,5.775669642857143155e-02,5.678013392857143155e-02,5.650111607142856845e-02,5.636160714285714385e-02,5.733816964285714385e-02,5.664062500000000000e-02,5.747767857142856845e-02,5.678013392857143155e-02,5.775669642857143155e-02,5.622209821428571230e-02,5.650111607142856845e-02,5.678013392857143155e-02,5.664062500000000000e-02,5.705915178571428770e-02,5.705915178571428770e-02,5.761718750000000000e-02,5.650111607142856845e-02,5.733816964285714385e-02,5.650111607142856845e-02,5.650111607142856845e-02,5.747767857142856845e-02,5.733816964285714385e-02,5.705915178571428770e-02,5.691964285714285615e-02,5.831473214285714385e-02
3.320312500000000000e-02,3.306361607142856845e-02,3.362165178571428770e-02,3.417968750000000000e-02,3.404017857142856845e-02,3.417968750000000000e-02,3.376116071428571230e-02,3.362165178571428770e-02,3.362165178571428770e-02,3.362165178571428770e-02,3.362165178571428770e-02,3.348214285714285615e-02,3.404017857142856845e-02,3.348214285714285615e-02,3.417968750000000000e-02,3.362165178571428770e-02,3.320312500000000000e-02,3.431919642857143155e-02,3.362165178571428770e-02,3.473772321428571230e-02,3.487723214285714385e-02,3.459821428571428770e-02,3.376116071428571230e-02,3.487723214285714385e-02,3.376116071428571230e-02,3.362165178571428770e-02,3.501674107142856845e-02,3.459821428571428770e-02,3.473772321428571230e-02,3.404017857142856845e-02,3.404017857142856845e-02,3.376116071428571230e-02,3.390066964285714385e-02,3.417968750000000000e-02,3.348214285714285615e-02,3.445870535714285615e-02,3.390066964285714385e-02,3.417968750000000000e-02,3.348214285714285615e-02,3.431919642857143155e-02,3.348214285714285615e-02,3.334263392857143155e-02
-8.677455357142857539e-02,-8.593750000000000000e-02,-8.328683035714286309e-02,-8.482142857142857539e-02,-8.482142857142857539e-02,-8.454241071428571230e-02,-8.468191964285713691e-02,-8.426339285714286309e-02,-8.440290178571428770e-02,-8.426339285714286309e-02,-8.565848214285713691e-02,-8.454241071428571230e-02,-8.398437500000000000e-02,-8.468191964285713691e-02,-8.426339285714286309e-02,-8.496093750000000000e-02,-8.468191964285713691e-02,-8.691406250000000000e-02,-8.649553571428571230e-02,-8.565848214285713691e-02,-8.551897321428571230e-02,-8.705357142857142461e-02,-8.677455357142857539e-02,-8.607700892857142461e-02,-8.593750000000000000e-02,-8.621651785714286309e-02,-8.454241071428571230e-02,-8.565848214285713691e-02,-8.426339285714286309e-02,-8.565848214285713691e-02,-8.537946428571428770e-02,-8.537946428571428770e-02,-8.551897321428571230e-02,-8.370535714285713691e-02,-8.649553571428571230e-02,-8.510044642857142461e-02,-8.593750000000000000e-02,-8.496093750000000000e-02,-8.565848214285713691e-02,-8.510044642857142461e-02,-8.523995535714286309e-02,-8.523995535714286309e-02
1.213727678571428596e-02,1.185825892857142808e-02,1.143973214285714211e-02,1.213727678571428596e-02,1.130022321428571404e-02,1.171875000000000000e-02,1.130022321428571404e-02,1.185825892857142808e-02,1.116071428571428596e-02,1.116071428571428596e-02,1.185825892857142808e-02,1.116071428571428596e-02,1.171875000000000000e-02,1.213727678571428596e-02,1.199776785714285789e-02,1.185825892857142808e-02,1.199776785714285789e-02,1.171875000000000000e-02,1.171875000000000000e-02,1.116071428571428596e-02,1.199776785714285789e-02,1.185825892857142808e-02,1.116071428571428596e-02,1.227678571428571404e-02,1.157924107142857192e-02,1.213727678571428596e-02,1.143973214285714211e-02,1.143973214285714211e-02,1.241629464285714211e-02,1.185825892857142808e-02,1.143973214285714211e-02,1.157924107142857192e-02,1.227678571428571404e-02,1.213727678571428596e-02,1.130022321428571404e-02,1.143973214285714211e-02,1.102120535714285789e-02,1.157924107142857192e-02,1.213727678571428596e-02,1.227678571428571404e-02,1.130022321428571404e-02,1.143973214285714211e-02
6.054687500000000000e-02,6.040736607142856845e-02,5.998883928571428770e-02,5.984933035714285615e-02,6.068638392857143155e-02,5.998883928571428770e-02,6.110491071428571230e-02,6.138392857142856845e-02,6.012834821428571230e-02,6.040736607142856845e-02,6.124441964285714385e-02,6.068638392857143155e-02,6.012834821428571230e-02,6.110491071428571230e-02,6.026785714285714385e-02,6.082589285714285615e-02,6.082589285714285615e-02,6.124441964285714385e-02,6.110491071428571230e-02,6.138392857142856845e-02,6.096540178571428770e-02,6.152343750000000000e-02,6.166294642857143155e-02,6.152343750000000000e-02,6.124441964285714385e-02,6.180245535714285615e-02,6.082589285714285615e-02,6.026785714285714385e-02,6.152343750000000000e-02,6.096540178571428770e-02,6.054687500000000000e-02,6.096540178571428770e-02,6.152343750000000000e-02,6.096540178571428770e-02,6.068638392857143155e-02,6.040736607142856845e-02,6.124441964285714385e-02,6.124441964285714385e-02,6.110491071428571230e-02,6.096540178571428770e-02,6.124441964285714385e-02,6.222098214285714385e-02
4.561941964285714385e-02,4.617745535714285615e-02,4.631696428571428770e-02,4.715401785714285615e-02,4.617745535714285615e-02,4.659598214285714385e-02,4.617745535714285615e-02,4.589843750000000000e-02,4.547991071428571230e-02,4.645647321428571230e-02,4.603794642857143155e-02,4.520089285714285615e-02,4.659598214285714385e-02,4.575892857142856845e-02,4.561941964285714385e-02,4.561941964285714385e-02,4.492187500000000000e-02,4.729352678571428770e-02,4.701450892857143155e-02,4.729352678571428770e-02,4.673549107142856845e-02,4.715401785714285615e-02,4.617745535714285615e-02,4.645647321428571230e-02,4.617745535714285615e-02,4.715401785714285615e-02,4.771205357142856845e-02,4.645647321428571230e-02,4.743303571428571230e-02,4.603794642857143155e-02,4.645647321428571230e-02,4.645647321428571230e-02,4.561941964285714385e-02,4.617745535714285615e-02,4.561941964285714385e-02,4.631696428571428770e-02,4.589843750000000000e-02,4.589843750000000000e-02,4.561941964285714385e-02,4.547991071428571230e-02,4.589843750000000000e-02,4.575892857142856845e-02
-2.929687500000000000e-03,-2.650669642857142981e-03,-1.255580357142857236e-03,-2.092633928571428509e-03,-2.232142857142857019e-03,-2.092633928571428509e-03,-3.208705357142857019e-03,-2.511160714285714472e-03,-3.069196428571428509e-03,-1.813616071428571491e-03,-3.487723214285714472e-03,-2.790178571428571491e-03,-1.534598214285714255e-03,-2.790178571428571491e-03,-1.953125000000000000e-03,-3.069196428571428509e-03,-2.790178571428571491e-03,-1.813616071428571491e-03,-2.790178571428571491e-03,-1.813616071428571491e-03,-1.116071428571428509e-03,-2.511160714285714472e-03,-2.650669642857142981e-03,-1.813616071428571491e-03,-2.371651785714285528e-03,-2.790178571428571491e-03,-4.185267857142856911e-04,-1.395089285714285745e-03,-8.370535714285713821e-04,-2.650669642857142981e-03,-1.813616071428571491e-03,-3.348214285714285528e-03,-2.092633928571428509e-03,-2.092633928571428509e-03,-3.766741071428571491e-03,-1.813616071428571491e-03,-3.069196428571428509e-03,-3.208705357142857019e-03,-2.511160714285714472e-03,-2.371651785714285528e-03,-2.929687500000000000e-03,-2.790178571428571491e-03
8.370535714285713691e-02,8.342633928571428770e-02,8.272879464285713691e-02,8.328683035714286309e-02,8.272879464285713691e-02,8.314732142857142461e-02,8.314732142857142461e-02,8.272879464285713691e-02,8.272879464285713691e-02,8.231026785714286309e-02,8.356584821428571230e-02,8.244977678571428770e-02,8.342633928571428770e-02,8.244977678571428770e-02,8.231026785714286309e-02,8.147321428571428770e-02,8.272879464285713691e-02,8.482142857142857539e-02,8.412388392857142461e-02,8.426339285714286309e-02,8.412388392857142461e-02,8.468191964285713691e-02,8.426339285714286309e-02,8.468191964285713691e-02,8.412388392857142461e-02,8.454241071428571230e-02,8.454241071428571230e-02,8.398437500000000000e-02,8.412388392857142461e-02,8.314732142857142461e-02,8.342633928571428770e-02,8.356584821428571230e-02,8.398437500000000000e-02,8.370535714285713691e-02,8.300781250000000000e-02,8.314732142857142461e-02,8.314732142857142461e-02,8.328683035714286309e-02,8.370535714285713691e-02,8.328683035714286309e-02,8.328683035714286309e-02,8.356584821428571230e-02
1.236049107142857123e-01,1.233258928571428631e-01,1.217912946428571369e-01,1.224888392857142877e-01,1.226283482142857123e-01,1.224888392857142877e-01,1.233258928571428631e-01,1.227678571428571369e-01,1.219308035714285754e-01,1.229073660714285754e-01,1.237444196428571369e-01,1.229073660714285754e-01,1.230468750000000000e-01,1.229073660714285754e-01,1.226283482142857123e-01,1.220703125000000000e-01,1.227678571428571369e-01,1.248604910714285754e-01,1.250000000000000000e-01,1.243024553571428631e-01,1.243024553571428631e-01,1.252790178571428492e-01,1.250000000000000000e-01,1.250000000000000000e-01,1.244419642857142877e-01,1.251395089285714246e-01,1.238839285714285754e-01,1.236049107142857123e-01,1.237444196428571369e-01,1.234654017857142877e-01,1.233258928571428631e-01,1.236049107142857123e-01,1.240234375000000000e-01,1.237444196428571369e-01,1.237444196428571369e-01,1.223493303571428631e-01,1.241629464285714246e-01,1.241629464285714246e-01,1.233258928571428631e-01,1.234654017857142877e-01,1.240234375000000000e-01,1.241629464285714246e-01
9.458705357142857539e-02,9.528459821428571230e-02,9.542410714285713691e-02,9.556361607142857539e-02,9.542410714285713691e-02,9.570312500000000000e-02,9.556361607142857539e-02,9.556361607142857539e-02,9.472656250000000000e-02,9.500558035714286309e-02,9.542410714285713691e-02,9.486607142857142461e-02,9.556361607142857539e-02,9.458705357142857539e-02,9.486607142857142461e-02,9.430803571428571230e-02,9.444754464285713691e-02,9.737723214285713691e-02,9.681919642857142461e-02,9.723772321428571230e-02,9.737723214285713691e-02,9.709821428571428770e-02,9.598214285714286309e-02,9.681919642857142461e-02,9.640066964285713691e-02,9.654017857142857539e-02,9.709821428571428770e-02,9.695870535714286309e-02,9.681919642857142461e-02,9.542410714285713691e-02,9.598214285714286309e-02,9.584263392857142461e-02,9.584263392857142461e-02,9.570312500000000000e-02,9.528459821428571230e-02,9.570312500000000000e-02,9.528459821428571230e-02,9.570312500000000000e-02,9.556361607142857539e-02,9.500558035714286309e-02,9.500558035714286309e-02,9.500558035714286309e-02
9.068080357142857886e-03,9.626116071428571924e-03,9.905133928571428076e-03,9.626116071428571924e-03,9.486607142857142114e-03,9.068080357142857886e-03,8.091517857142857886e-03,9.207589285714285962e-03,8.649553571428571924e-03,9.068080357142857886e-03,7.393973214285714038e-03,8.231026785714285962e-03,9.207589285714285962e-03,8.649553571428571924e-03,9.626116071428571924e-03,9.347098214285714038e-03,8.370535714285714038e-03,9.486607142857142114e-03,9.765625000000000000e-03,9.765625000000000000e-03,1.004464285714285789e-02,9.486607142857142114e-03,9.626116071428571924e-03,9.207589285714285962e-03,9.347098214285714038e-03,9.068080357142857886e-03,1.088169642857142808e-02,9.486607142857142114e-03,1.060267857142857192e-02,9.068080357142857886e-03,9.765625000000000000e-03,8.510044642857142114e-03,8.091517857142857886e-03,9.626116071428571924e-03,8.649553571428571924e-03,9.207589285714285962e-03,8.370535714285714038e-03,9.347098214285714038e-03,8.928571428571428076e-03,8.928571428571428076e-03,8.231026785714285962e-03,7.952008928571428076e-03
8.803013392857142461e-02,8.803013392857142461e-02,8.747209821428571230e-02,8.747209821428571230e-02,8.747209821428571230e-02,8.705357142857142461e-02,8.803013392857142461e-02,8.747209821428571230e-02,8.719308035714286309e-02,8.719308035714286309e-02,8.747209821428571230e-02,8.705357142857142461e-02,8.691406250000000000e-02,8.733258928571428770e-02,8.691406250000000000e-02,8.705357142857142461e-02,8.677455357142857539e-02,8.942522321428571230e-02,8.844866071428571230e-02,8.900669642857142461e-02,8.830915178571428770e-02,8.900669642857142461e-02,8.858816964285713691e-02,8.886718750000000000e-02,8.816964285714286309e-02,8.928571428571428770e-02,8.830915178571428770e-02,8.803013392857142461e-02,8.844866071428571230e-02,8.844866071428571230e-02,8.789062500000000000e-02,8.803013392857142461e-02,8.733258928571428770e-02,8.816964285714286309e-02,8.816964285714286309e-02,8.733258928571428770e-02,8.733258928571428770e-02,8.747209821428571230e-02,8.747209821428571230e-02,8.719308035714286309e-02,8.733258928571428770e-02,8.719308035714286309e-02
1.256975446428571508e-01,1.252790178571428492e-01,1.237444196428571369e-01,1.240234375000000000e-01,1.244419642857142877e-01,1.245814732142857123e-01,1.250000000000000000e-01,1.244419642857142877e-01,1.240234375000000000e-01,1.240234375000000000e-01,1.251395089285714246e-01,1.245814732142857123e-01,1.238839285714285754e-01,1.245814732142857123e-01,1.241629464285714246e-01,1.240234375000000000e-01,1.243024553571428631e-01,1.269531250000000000e-01,1.266741071428571508e-01,1.262555803571428492e-01,1.254185267857142738e-01,1.265345982142857262e-01,1.270926339285714246e-01,1.269531250000000000e-01,1.265345982142857262e-01,1.266741071428571508e-01,1.252790178571428492e-01,1.247209821428571369e-01,1.250000000000000000e-01,1.263950892857142738e-01,1.252790178571428492e-01,1.258370535714285754e-01,1.258370535714285754e-01,1.251395089285714246e-01,1.256975446428571508e-01,1.248604910714285754e-01,1.256975446428571508e-01,1.252790178571428492e-01,1.250000000000000000e-01,1.251395089285714246e-01,1.250000000000000000e-01,1.250000000000000000e-01
9.584263392857142461e-02,9.640066964285713691e-02,9.626116071428571230e-02,9.570312500000000000e-02,9.584263392857142461e-02,9.584263392857142461e-02,9.584263392857142461e-02,9.654017857142857539e-02,9.542410714285713691e-02,9.570312500000000000e-02,9.570312500000000000e-02,9.528459821428571230e-02,9.528459821428571230e-02,9.528459821428571230e-02,9.528459821428571230e-02,9.584263392857142461e-02,9.514508928571428770e-02,9.807477678571428770e-02,9.709821428571428770e-02,9.793526785714286309e-02,9.793526785714286309e-02,9.737723214285713691e-02,9.709821428571428770e-02,9.681919642857142461e-02,9.765625000000000000e-02,9.695870535714286309e-02,9.779575892857142461e-02,9.667968750000000000e-02,9.737723214285713691e-02,9.640066964285713691e-02,9.667968750000000000e-02,9.556361607142857539e-02,9.570312500000000000e-02,9.667968750000000000e-02,9.570312500000000000e-02,9.584263392857142461e-02,9.612165178571428770e-02,9.598214285714286309e-02,9.612165178571428770e-02,9.556361607142857539e-02,9.528459821428571230e-02,9.542410714285713691e-02
7.952008928571428076e-03,8.789062500000000000e-03,9.207589285714285962e-03,9.068080357142857886e-03,8.370535714285714038e-03,8.789062500000000000e-03,7.533482142857142981e-03,8.510044642857142114e-03,7.812500000000000000e-03,8.370535714285714038e-03,7.533482142857142981e-03,8.091517857142857886e-03,8.649553571428571924e-03,7.952008928571428076e-03,8.649553571428571924e-03,7.533482142857142981e-03,7.254464285714285962e-03,9.347098214285714038e-03,8.928571428571428076e-03,9.207589285714285962e-03,9.207589285714285962e-03,8.928571428571428076e-03,8.231026785714285962e-03,8.789062500000000000e-03,9.068080357142857886e-03,7.533482142857142981e-03,9.347098214285714038e-03,9.068080357142857886e-03,9.905133928571428076e-03,7.672991071428571057e-03,8.510044642857142114e-03,8.510044642857142114e-03,7.812500000000000000e-03,8.231026785714285962e-03,8.231026785714285962e-03,8.649553571428571924e-03,7.952008928571428076e-03,8.649553571428571924e-03,7.672991071428571057e-03,7.812500000000000000e-03,7.393973214285714038e-03,6.975446428571428943e-03
8.551897321428571230e-02,8.607700892857142461e-02,8.551897321428571230e-02,8.579799107142857539e-02,8.579799107142857539e-02,8.510044642857142461e-02,8.523995535714286309e-02,8.607700892857142461e-02,8.523995535714286309e-02,8.551897321428571230e-02,8.551897321428571230e-02,8.537946428571428770e-02,8.523995535714286309e-02,8.565848214285713691e-02,8.537946428571428770e-02,8.482142857142857539e-02,8.482142857142857539e-02,8.747209821428571230e-02,8.705357142857142461e-02,8.761160714285713691e-02,8.635602678571428770e-02,8.733258928571428770e-02,8.775111607142857539e-02,8.747209821428571230e-02,8.677455357142857539e-02,8.677455357142857539e-02,8.663504464285713691e-02,8.663504464285713691e-02,8.677455357142857539e-02,8.621651785714286309e-02,8.551897321428571230e-02,8.677455357142857539e-02,8.635602678571428770e-02,8.635602678571428770e-02,8.635602678571428770e-02,8.565848214285713691e-02,8.607700892857142461e-02,8.635602678571428770e-02,8.551897321428571230e-02,8.593750000000000000e-02,8.593750000000000000e-02,8.593750000000000000e-02
1.268136160714285754e-01,1.255580357142857262e-01,1.248604910714285754e-01,1.251395089285714246e-01,1.256975446428571508e-01,1.250000000000000000e-01,1.263950892857142738e-01,1.250000000000000000e-01,1.250000000000000000e-01,1.251395089285714246e-01,1.261160714285714246e-01,1.245814732142857123e-01,1.245814732142857123e-01,1.254185267857142738e-01,1.247209821428571369e-01,1.250000000000000000e-01,1.250000000000000000e-01,1.276506696428571508e-01,1.270926339285714246e-01,1.270926339285714246e-01,1.262555803571428492e-01,1.270926339285714246e-01,1.269531250000000000e-01,1.273716517857142738e-01,1.266741071428571508e-01,1.270926339285714246e-01,1.258370535714285754e-01,1.258370535714285754e-01,1.259765625000000000e-01,1.263950892857142738e-01,1.259765625000000000e-01,1.263950892857142738e-01,1.266741071428571508e-01,1.265345982142857262e-01,1.262555803571428492e-01,1.258370535714285754e-01,1.261160714285714246e-01,1.261160714285714246e-01,1.256975446428571508e-01,1.259765625000000000e-01,1.256975446428571508e-01,1.261160714285714246e-01
9.598214285714286309e-02,9.598214285714286309e-02,9.654017857142857539e-02,9.612165178571428770e-02,9.626116071428571230e-02,9.640066964285713691e-02,9.598214285714286309e-02,9.640066964285713691e-02,9.570312500000000000e-02,9.584263392857142461e-02,9.528459821428571230e-02,9.514508928571428770e-02,9.584263392857142461e-02,9.570312500000000000e-02,9.584263392857142461e-02,9.472656250000000000e-02,9.528459821428571230e-02,9.835379464285713691e-02,9.765625000000000000e-02,9.821428571428571230e-02,9.751674107142857539e-02,9.737723214285713691e-02,9.709821428571428770e-02,9.765625000000000000e-02,9.709821428571428770e-02,9.681919642857142461e-02,9.765625000000000000e-02,9.779575892857142461e-02,9.765625000000000000e-02,9.612165178571428770e-02,9.654017857142857539e-02,9.709821428571428770e-02,9.667968750000000000e-02,9.654017857142857539e-02,9.626116071428571230e-02,9.584263392857142461e-02,9.626116071428571230e-02,9.612165178571428770e-02,9.570312500000000000e-02,9.626116071428571230e-02,9.570312500000000000e-02,9.570312500000000000e-02
2.776227678571428423e-02,2.776227678571428423e-02,2.832031250000000000e-02,2.859933035714285615e-02,2.832031250000000000e-02,2.790178571428571577e-02,2.734375000000000000e-02,2.804129464285714385e-02,2.720424107142857192e-02,2.776227678571428423e-02,2.706473214285714385e-02,2.762276785714285615e-02,2.804129464285714385e-02,2.720424107142857192e-02,2.748325892857142808e-02,2.678571428571428423e-02,2.706473214285714385e-02,2.971540178571428423e-02,2.845982142857142808e-02,2.915736607142857192e-02,2.957589285714285615e-02,2.943638392857142808e-02,2.762276785714285615e-02,2.929687500000000000e-02,2.845982142857142808e-02,2.790178571428571577e-02,2.985491071428571577e-02,2.915736607142857192e-02,2.985491071428571577e-02,2.748325892857142808e-02,2.901785714285714385e-02,2.818080357142857192e-02,2.776227678571428423e-02,2.804129464285714385e-02,2.845982142857142808e-02,2.818080357142857192e-02,2.790178571428571577e-02,2.762276785714285615e-02,2.790178571428571577e-02,2.804129464285714385e-02,2.720424107142857192e-02,2.706473214285714385e-02
1.053292410714285754e-01,1.057477678571428631e-01,1.051897321428571369e-01,1.057477678571428631e-01,1.050502232142857123e-01,1.053292410714285754e-01,1.058872767857142877e-01,1.049107142857142877e-01,1.049107142857142877e-01,1.051897321428571369e-01,1.057477678571428631e-01,1.051897321428571369e-01,1.049107142857142877e-01,1.050502232142857123e-01,1.046316964285714246e-01,1.049107142857142877e-01,1.046316964285714246e-01,1.078404017857142877e-01,1.072823660714285754e-01,1.075613839285714246e-01,1.074218750000000000e-01,1.077008928571428631e-01,1.072823660714285754e-01,1.075613839285714246e-01,1.065848214285714246e-01,1.064453125000000000e-01,1.070033482142857123e-01,1.070033482142857123e-01,1.065848214285714246e-01,1.060267857142857123e-01,1.067243303571428631e-01,1.067243303571428631e-01,1.061662946428571369e-01,1.056082589285714246e-01,1.061662946428571369e-01,1.060267857142857123e-01,1.060267857142857123e-01,1.058872767857142877e-01,1.058872767857142877e-01,1.063058035714285754e-01,1.056082589285714246e-01,1.061662946428571369e-01
1.409040178571428492e-01,1.390904017857142738e-01,1.388113839285714246e-01,1.399274553571428492e-01,1.389508928571428492e-01,1.390904017857142738e-01,1.406250000000000000e-01,1.393694196428571508e-01,1.390904017857142738e-01,1.393694196428571508e-01,1.407645089285714246e-01,1.393694196428571508e-01,1.392299107142857262e-01,1.392299107142857262e-01,1.393694196428571508e-01,1.392299107142857262e-01,1.397879464285714246e-01,1.421595982142857262e-01,1.417410714285714246e-01,1.418805803571428492e-01,1.416015625000000000e-01,1.409040178571428492e-01,1.413225446428571508e-01,1.414620535714285754e-01,1.410435267857142738e-01,1.417410714285714246e-01,1.404854910714285754e-01,1.410435267857142738e-01,1.407645089285714246e-01,1.404854910714285754e-01,1.403459821428571508e-01,1.407645089285714246e-01,1.414620535714285754e-01,1.396484375000000000e-01,1.410435267857142738e-01,1.395089285714285754e-01,1.411830357142857262e-01,1.402064732142857262e-01,1.406250000000000000e-01,1.404854910714285754e-01,1.402064732142857262e-01,1.407645089285714246e-01
1.070033482142857123e-01,1.064453125000000000e-01,1.074218750000000000e-01,1.068638392857142877e-01,1.064453125000000000e-01,1.072823660714285754e-01,1.070033482142857123e-01,1.065848214285714246e-01,1.063058035714285754e-01,1.064453125000000000e-01,1.063058035714285754e-01,1.061662946428571369e-01,1.061662946428571369e-01,1.060267857142857123e-01,1.063058035714285754e-01,1.054687500000000000e-01,1.054687500000000000e-01,1.093750000000000000e-01,1.083984375000000000e-01,1.086774553571428631e-01,1.086774553571428631e-01,1.086774553571428631e-01,1.083984375000000000e-01,1.085379464285714246e-01,1.085379464285714246e-01,1.079799107142857123e-01,1.083984375000000000e-01,1.085379464285714246e-01,1.079799107142857123e-01,1.070033482142857123e-01,1.077008928571428631e-01,1.072823660714285754e-01,1.072823660714285754e-01,1.072823660714285754e-01,1.071428571428571369e-01,1.072823660714285754e-01,1.067243303571428631e-01,1.068638392857142877e-01,1.067243303571428631e-01,1.067243303571428631e-01,1.064453125000000000e-01,1.058872767857142877e-01
2.553013392857142808e-02,2.580915178571428423e-02,2.566964285714285615e-02,2.636718750000000000e-02,2.566964285714285615e-02,2.636718750000000000e-02,2.511160714285714385e-02,2.511160714285714385e-02,2.483258928571428423e-02,2.553013392857142808e-02,2.539062500000000000e-02,2.566964285714285615e-02,2.566964285714285615e-02,2.483258928571428423e-02,2.553013392857142808e-02,2.441406250000000000e-02,2.483258928571428423e-02,2.664620535714285615e-02,2.622767857142857192e-02,2.664620535714285615e-02,2.776227678571428423e-02,2.720424107142857192e-02,2.580915178571428423e-02,2.622767857142857192e-02,2.678571428571428423e-02,2.566964285714285615e-02,2.762276785714285615e-02,2.748325892857142808e-02,2.790178571428571577e-02,2.497209821428571577e-02,2.594866071428571577e-02,2.539062500000000000e-02,2.553013392857142808e-02,2.469308035714285615e-02,2.566964285714285615e-02,2.664620535714285615e-02,2.511160714285714385e-02,2.553013392857142808e-02,2.566964285714285615e-02,2.497209821428571577e-02,2.511160714285714385e-02,2.511160714285714385e-02
1.011439732142857123e-01,1.003069196428571369e-01,1.000279017857142877e-01,1.010044642857142877e-01,1.003069196428571369e-01,1.003069196428571369e-01,1.010044642857142877e-01,9.974888392857142461e-02,1.003069196428571369e-01,1.003069196428571369e-01,1.008649553571428631e-01,1.003069196428571369e-01,1.007254464285714246e-01,1.001674107142857123e-01,1.001674107142857123e-01,9.974888392857142461e-02,9.988839285714286309e-02,1.023995535714285754e-01,1.021205357142857123e-01,1.022600446428571369e-01,1.022600446428571369e-01,1.021205357142857123e-01,1.017020089285714246e-01,1.030970982142857123e-01,1.019810267857142877e-01,1.015625000000000000e-01,1.018415178571428631e-01,1.023995535714285754e-01,1.019810267857142877e-01,1.012834821428571369e-01,1.015625000000000000e-01,1.012834821428571369e-01,1.019810267857142877e-01,1.007254464285714246e-01,1.010044642857142877e-01,1.008649553571428631e-01,1.012834821428571369e-01,1.007254464285714246e-01,1.011439732142857123e-01,1.011439732142857123e-01,1.010044642857142877e-01,1.011439732142857123e-01
1.350446428571428492e-01,1.342075892857142738e-01,1.335100446428571508e-01,1.336495535714285754e-01,1.340680803571428492e-01,1.342075892857142738e-01,1.350446428571428492e-01,1.336495535714285754e-01,1.342075892857142738e-01,1.339285714285714246e-01,1.353236607142857262e-01,1.343470982142857262e-01,1.336495535714285754e-01,1.343470982142857262e-01,1.339285714285714246e-01,1.340680803571428492e-01,1.350446428571428492e-01,1.364397321428571508e-01,1.361607142857142738e-01,1.361607142857142738e-01,1.360212053571428492e-01,1.358816964285714246e-01,1.361607142857142738e-01,1.371372767857142738e-01,1.356026785714285754e-01,1.365792410714285754e-01,1.351841517857142738e-01,1.358816964285714246e-01,1.353236607142857262e-01,1.353236607142857262e-01,1.344866071428571508e-01,1.354631696428571508e-01,1.356026785714285754e-01,1.343470982142857262e-01,1.353236607142857262e-01,1.346261160714285754e-01,1.353236607142857262e-01,1.344866071428571508e-01,1.349051339285714246e-01,1.351841517857142738e-01,1.350446428571428492e-01,1.354631696428571508e-01
1.026785714285714246e-01,1.015625000000000000e-01,1.018415178571428631e-01,1.022600446428571369e-01,1.018415178571428631e-01,1.021205357142857123e-01,1.019810267857142877e-01,1.007254464285714246e-01,1.019810267857142877e-01,1.014229910714285754e-01,1.012834821428571369e-01,1.015625000000000000e-01,1.022600446428571369e-01,1.012834821428571369e-01,1.012834821428571369e-01,1.004464285714285754e-01,1.010044642857142877e-01,1.037946428571428631e-01,1.037946428571428631e-01,1.033761160714285754e-01,1.042131696428571369e-01,1.037946428571428631e-01,1.029575892857142877e-01,1.036551339285714246e-01,1.028180803571428631e-01,1.030970982142857123e-01,1.036551339285714246e-01,1.036551339285714246e-01,1.035156250000000000e-01,1.019810267857142877e-01,1.030970982142857123e-01,1.026785714285714246e-01,1.018415178571428631e-01,1.019810267857142877e-01,1.021205357142857123e-01,1.028180803571428631e-01,1.022600446428571369e-01,1.014229910714285754e-01,1.017020089285714246e-01,1.017020089285714246e-01,1.014229910714285754e-01,1.010044642857142877e-01
-1.102120535714285789e-02,-9.765625000000000000e-03,-9.626116071428571924e-03,-9.905133928571428076e-03,-9.905133928571428076e-03,-9.207589285714285962e-03,-1.018415178571428596e-02,-9.905133928571428076e-03,-9.905133928571428076e-03,-9.347098214285714038e-03,-9.486607142857142114e-03,-8.928571428571428076e-03,-9.626116071428571924e-03,-1.032366071428571404e-02,-9.486607142857142114e-03,-1.046316964285714211e-02,-1.004464285714285789e-02,-9.905133928571428076e-03,-9.347098214285714038e-03,-9.068080357142857886e-03,-8.649553571428571924e-03,-8.789062500000000000e-03,-1.004464285714285789e-02,-9.207589285714285962e-03,-9.207589285714285962e-03,-1.060267857142857192e-02,-8.510044642857142114e-03,-8.231026785714285962e-03,-8.091517857142857886e-03,-1.074218750000000000e-02,-9.347098214285714038e-03,-9.068080357142857886e-03,-1.004464285714285789e-02,-1.004464285714285789e-02,-9.905133928571428076e-03,-9.207589285714285962e-03,-1.018415178571428596e-02,-1.004464285714285789e-02,-1.032366071428571404e-02,-9.765625000000000000e-03,-9.905133928571428076e-03,-1.032366071428571404e-02
6.780133928571428770e-02,6.752232142857142461e-02,6.682477678571428770e-02,6.835937500000000000e-02,6.766183035714286309e-02,6.794084821428571230e-02,6.821986607142857539e-02,6.696428571428571230e-02,6.821986607142857539e-02,6.752232142857142461e-02,6.877790178571428770e-02,6.738281250000000000e-02,6.780133928571428770e-02,6.780133928571428770e-02,6.766183035714286309e-02,6.738281250000000000e-02,6.808035714285713691e-02,6.891741071428571230e-02,6.891741071428571230e-02,6.863839285714286309e-02,6.947544642857142461e-02,6.891741071428571230e-02,6.891741071428571230e-02,6.919642857142857539e-02,6.849888392857142461e-02,6.891741071428571230e-02,6.849888392857142461e-02,6.877790178571428770e-02,6.891741071428571230e-02,6.752232142857142461e-02,6.849888392857142461e-02,6.821986607142857539e-02,6.863839285714286309e-02,6.780133928571428770e-02,6.849888392857142461e-02,6.877790178571428770e-02,6.905691964285713691e-02,6.724330357142857539e-02,6.808035714285713691e-02,6.849888392857142461e-02,6.821986607142857539e-02,6.821986607142857539e-02
1.040736607142857123e-01,1.035156250000000000e-01,1.030970982142857123e-01,1.039341517857142877e-01,1.035156250000000000e-01,1.036551339285714246e-01,1.044921875000000000e-01,1.030970982142857123e-01,1.043526785714285754e-01,1.030970982142857123e-01,1.046316964285714246e-01,1.035156250000000000e-01,1.035156250000000000e-01,1.040736607142857123e-01,1.036551339285714246e-01,1.035156250000000000e-01,1.042131696428571369e-01,1.056082589285714246e-01,1.053292410714285754e-01,1.049107142857142877e-01,1.049107142857142877e-01,1.058872767857142877e-01,1.058872767857142877e-01,1.057477678571428631e-01,1.054687500000000000e-01,1.056082589285714246e-01,1.042131696428571369e-01,1.051897321428571369e-01,1.047712053571428631e-01,1.044921875000000000e-01,1.042131696428571369e-01,1.049107142857142877e-01,1.056082589285714246e-01,1.042131696428571369e-01,1.053292410714285754e-01,1.036551339285714246e-01,1.040736607142857123e-01,1.037946428571428631e-01,1.037946428571428631e-01,1.046316964285714246e-01,1.047712053571428631e-01,1.051897321428571369e-01
7.631138392857142461e-02,7.686941964285713691e-02,7.672991071428571230e-02,7.756696428571428770e-02,7.645089285714286309e-02,7.686941964285713691e-02,7.645089285714286309e-02,7.617187500000000000e-02,7.603236607142857539e-02,7.631138392857142461e-02,7.631138392857142461e-02,7.631138392857142461e-02,7.728794642857142461e-02,7.645089285714286309e-02,7.645089285714286309e-02,7.561383928571428770e-02,7.589285714285713691e-02,7.896205357142857539e-02,7.784598214285713691e-02,7.812500000000000000e-02,7.896205357142857539e-02,7.896205357142857539e-02,7.742745535714286309e-02,7.840401785714286309e-02,7.798549107142857539e-02,7.756696428571428770e-02,7.868303571428571230e-02,7.868303571428571230e-02,7.854352678571428770e-02,7.631138392857142461e-02,7.672991071428571230e-02,7.742745535714286309e-02,7.714843750000000000e-02,7.659040178571428770e-02,7.742745535714286309e-02,7.756696428571428770e-02,7.700892857142857539e-02,7.659040178571428770e-02,7.603236607142857539e-02,7.631138392857142461e-02,7.659040178571428770e-02,7.603236607142857539e-02
-1.028180803571428631e-01,-1.011439732142857123e-01,-1.011439732142857123e-01,-1.011439732142857123e-01,-1.011439732142857123e-01,-1.001674107142857123e-01,-1.003069196428571369e-01,-1.001674107142857123e-01,-1.004464285714285754e-01,-1.005859375000000000e-01,-1.004464285714285754e-01,-9.974888392857142461e-02,-9.988839285714286309e-02,-1.003069196428571369e-01,-9.974888392857142461e-02,-9.988839285714286309e-02,-9.960937500000000000e-02,-1.035156250000000000e-01,-1.029575892857142877e-01,-1.033761160714285754e-01,-1.026785714285714246e-01,-1.023995535714285754e-01,-1.030970982142857123e-01,-1.019810267857142877e-01,-1.025390625000000000e-01,-1.021205357142857123e-01,-1.026785714285714246e-01,-1.018415178571428631e-01,-1.011439732142857123e-01,-1.017020089285714246e-01,-1.023995535714285754e-01,-1.010044642857142877e-01,-1.012834821428571369e-01,-1.017020089285714246e-01,-1.008649553571428631e-01,-1.003069196428571369e-01,-1.010044642857142877e-01,-1.012834821428571369e-01,-1.012834821428571369e-01,-1.004464285714285754e-01,-1.003069196428571369e-01,-9.974888392857142461e-02
-8.272879464285713691e-02,-8.286830357142857539e-02,-8.356584821428571230e-02,-8.231026785714286309e-02,-8.300781250000000000e-02,-8.203125000000000000e-02,-8.189174107142857539e-02,-8.258928571428571230e-02,-8.231026785714286309e-02,-8.300781250000000000e-02,-8.147321428571428770e-02,-8.133370535714286309e-02,-8.161272321428571230e-02,-8.147321428571428770e-02,-8.203125000000000000e-02,-8.189174107142857539e-02,-8.077566964285713691e-02,-8.454241071428571230e-02,-8.412388392857142461e-02,-8.412388392857142461e-02,-8.342633928571428770e-02,-8.412388392857142461e-02,-8.370535714285713691e-02,-8.342633928571428770e-02,-8.356584821428571230e-02,-8.342633928571428770e-02,-8.342633928571428770e-02,-8.272879464285713691e-02,-8.328683035714286309e-02,-8.342633928571428770e-02,-8.356584821428571230e-02,-8.300781250000000000e-02,-8.217075892857142461e-02,-8.370535714285713691e-02,-8.217075892857142461e-02,-8.244977678571428770e-02,-8.203125000000000000e-02,-8.328683035714286309e-02,-8.217075892857142461e-02,-8.203125000000000000e-02,-8.217075892857142461e-02,-8.175223214285713691e-02
-3.348214285714285615e-02,-3.348214285714285615e-02,-3.390066964285714385e-02,-3.362165178571428770e-02,-3.362165178571428770e-02,-3.250558035714285615e-02,-3.222656250000000000e-02,-3.320312500000000000e-02,-3.250558035714285615e-02,-3.376116071428571230e-02,-3.236607142857143155e-02,-3.264508928571428770e-02,-3.278459821428571230e-02,-3.166852678571428770e-02,-3.278459821428571230e-02,-3.278459821428571230e-02,-3.152901785714285615e-02,-3.404017857142856845e-02,-3.404017857142856845e-02,-3.459821428571428770e-02,-3.445870535714285615e-02,-3.431919642857143155e-02,-3.390066964285714385e-02,-3.222656250000000000e-02,-3.431919642857143155e-02,-3.348214285714285615e-02,-3.473772321428571230e-02,-3.431919642857143155e-02,-3.362165178571428770e-02,-3.362165178571428770e-02,-3.320312500000000000e-02,-3.320312500000000000e-02,-3.236607142857143155e-02,-3.334263392857143155e-02,-3.278459821428571230e-02,-3.404017857142856845e-02,-3.278459821428571230e-02,-3.390066964285714385e-02,-3.306361607142856845e-02,-3.208705357142856845e-02,-3.222656250000000000e-02,-3.152901785714285615e-02
-3.934151785714285615e-02,-3.836495535714285615e-02,-3.878348214285714385e-02,-3.808593750000000000e-02,-3.850446428571428770e-02,-3.794642857142856845e-02,-3.864397321428571230e-02,-3.878348214285714385e-02,-3.850446428571428770e-02,-3.850446428571428770e-02,-3.878348214285714385e-02,-3.780691964285714385e-02,-3.752790178571428770e-02,-3.850446428571428770e-02,-3.836495535714285615e-02,-3.948102678571428770e-02,-3.794642857142856845e-02,-3.892299107142856845e-02,-3.892299107142856845e-02,-3.892299107142856845e-02,-3.808593750000000000e-02,-3.850446428571428770e-02,-3.934151785714285615e-02,-3.836495535714285615e-02,-3.906250000000000000e-02,-3.892299107142856845e-02,-3.780691964285714385e-02,-3.794642857142856845e-02,-3.822544642857143155e-02,-3.948102678571428770e-02,-3.850446428571428770e-02,-3.822544642857143155e-02,-3.892299107142856845e-02,-3.934151785714285615e-02,-3.822544642857143155e-02,-3.738839285714285615e-02,-3.864397321428571230e-02,-3.920200892857143155e-02,-3.808593750000000000e-02,-3.822544642857143155e-02,-3.906250000000000000e-02,-3.850446428571428770e-02
-1.933593750000000000e-01,-1.902901785714285754e-01,-1.926618303571428492e-01,-1.926618303571428492e-01,-1.929408482142857262e-01,-1.919642857142857262e-01,-1.922433035714285754e-01,-1.909877232142857262e-01,-1.908482142857142738e-01,-1.904296875000000000e-01,-1.937779017857142738e-01,-1.905691964285714246e-01,-1.918247767857142738e-01,-1.934988839285714246e-01,-1.914062500000000000e-01,-1.922433035714285754e-01,-1.915457589285714246e-01,-1.957310267857142738e-01,-1.961495535714285754e-01,-1.961495535714285754e-01,-1.962890625000000000e-01,-1.961495535714285754e-01,-1.968470982142857262e-01,-1.968470982142857262e-01,-1.958705357142857262e-01,-1.960100446428571508e-01,-1.960100446428571508e-01,-1.971261160714285754e-01,-1.962890625000000000e-01,-1.925223214285714246e-01,-1.946149553571428492e-01,-1.930803571428571508e-01,-1.940569196428571508e-01,-1.929408482142857262e-01,-1.933593750000000000e-01,-1.939174107142857262e-01,-1.944754464285714246e-01,-1.950334821428571508e-01,-1.928013392857142738e-01,-1.923828125000000000e-01,-1.940569196428571508e-01,-1.960100446428571508e-01
-1.215122767857142877e-01,-1.196986607142857123e-01,-1.213727678571428631e-01,-1.216517857142857123e-01,-1.227678571428571369e-01,-1.213727678571428631e-01,-1.210937500000000000e-01,-1.203962053571428631e-01,-1.209542410714285754e-01,-1.199776785714285754e-01,-1.216517857142857123e-01,-1.199776785714285754e-01,-1.216517857142857123e-01,-1.222098214285714246e-01,-1.205357142857142877e-01,-1.213727678571428631e-01,-1.203962053571428631e-01,-1.234654017857142877e-01,-1.237444196428571369e-01,-1.236049107142857123e-01,-1.247209821428571369e-01,-1.240234375000000000e-01,-1.243024553571428631e-01,-1.250000000000000000e-01,-1.234654017857142877e-01,-1.233258928571428631e-01,-1.251395089285714246e-01,-1.251395089285714246e-01,-1.241629464285714246e-01,-1.202566964285714246e-01,-1.236049107142857123e-01,-1.215122767857142877e-01,-1.224888392857142877e-01,-1.215122767857142877e-01,-1.220703125000000000e-01,-1.229073660714285754e-01,-1.229073660714285754e-01,-1.236049107142857123e-01,-1.210937500000000000e-01,-1.219308035714285754e-01,-1.226283482142857123e-01,-1.231863839285714246e-01
-5.845424107142856845e-02,-5.761718750000000000e-02,-6.012834821428571230e-02,-5.970982142857143155e-02,-5.943080357142856845e-02,-5.901227678571428770e-02,-5.887276785714285615e-02,-5.901227678571428770e-02,-5.789620535714285615e-02,-5.873325892857143155e-02,-5.943080357142856845e-02,-5.901227678571428770e-02,-5.873325892857143155e-02,-5.970982142857143155e-02,-5.803571428571428770e-02,-5.887276785714285615e-02,-5.859375000000000000e-02,-6.040736607142856845e-02,-6.012834821428571230e-02,-6.124441964285714385e-02,-6.138392857142856845e-02,-6.194196428571428770e-02,-6.138392857142856845e-02,-6.124441964285714385e-02,-6.082589285714285615e-02,-6.040736607142856845e-02,-6.319754464285713691e-02,-6.263950892857142461e-02,-6.166294642857143155e-02,-5.831473214285714385e-02,-6.082589285714285615e-02,-5.943080357142856845e-02,-5.943080357142856845e-02,-5.984933035714285615e-02,-5.970982142857143155e-02,-6.068638392857143155e-02,-5.957031250000000000e-02,-6.110491071428571230e-02,-5.929129464285714385e-02,-5.929129464285714385e-02,-5.943080357142856845e-02,-6.012834821428571230e-02
-5.803571428571428770e-02,-5.636160714285714385e-02,-5.775669642857143155e-02,-5.747767857142856845e-02,-5.831473214285714385e-02,-5.733816964285714385e-02,-5.719866071428571230e-02,-5.705915178571428770e-02,-5.608258928571428770e-02,-5.719866071428571230e-02,-5.817522321428571230e-02,-5.678013392857143155e-02,-5.719866071428571230e-02,-5.817522321428571230e-02,-5.678013392857143155e-02,-5.817522321428571230e-02,-5.747767857142856845e-02,-5.845424107142856845e-02,-5.887276785714285615e-02,-5.817522321428571230e-02,-5.901227678571428770e-02,-5.803571428571428770e-02,-5.859375000000000000e-02,-5.873325892857143155e-02,-5.859375000000000000e-02,-5.887276785714285615e-02,-5.845424107142856845e-02,-5.887276785714285615e-02,-5.775669642857143155e-02,-5.733816964285714385e-02,-5.845424107142856845e-02,-5.733816964285714385e-02,-5.873325892857143155e-02,-5.789620535714285615e-02,-5.789620535714285615e-02,-5.761718750000000000e-02,-5.803571428571428770e-02,-5.859375000000000000e-02,-5.789620535714285615e-02,-5.789620535714285615e-02,-5.831473214285714385e-02,-5.915178571428571230e-02
-2.120535714285714246e-01,-2.114955357142857262e-01,-2.117745535714285754e-01,-2.133091517857142738e-01,-2.133091517857142738e-01,-2.130301339285714246e-01,-2.134486607142857262e-01,-2.106584821428571508e-01,-2.105189732142857262e-01,-2.107979910714285754e-01,-2.134486607142857262e-01,-2.128906250000000000e-01,-2.135881696428571508e-01,-2.133091517857142738e-01,-2.114955357142857262e-01,-2.112165178571428492e-01,-2.124720982142857262e-01,-2.169363839285714246e-01,-2.167968750000000000e-01,-2.159598214285714246e-01,-2.170758928571428492e-01,-2.172154017857142738e-01,-2.154017857142857262e-01,-2.179129464285714246e-01,-2.151227678571428492e-01,-2.162388392857142738e-01,-2.165178571428571508e-01,-2.174944196428571508e-01,-2.170758928571428492e-01,-2.121930803571428492e-01,-2.145647321428571508e-01,-2.142857142857142738e-01,-2.159598214285714246e-01,-2.134486607142857262e-01,-2.140066964285714246e-01,-2.137276785714285754e-01,-2.151227678571428492e-01,-2.144252232142857262e-01,-2.134486607142857262e-01,-2.135881696428571508e-01,-2.144252232142857262e-01,-2.167968750000000000e-01
-1.321149553571428492e-01,-1.309988839285714246e-01,-1.319754464285714246e-01,-1.339285714285714246e-01,-1.328125000000000000e-01,-1.332310267857142738e-01,-1.326729910714285754e-01,-1.301618303571428492e-01,-1.308593750000000000e-01,-1.314174107142857262e-01,-1.332310267857142738e-01,-1.319754464285714246e-01,-1.333705357142857262e-01,-1.328125000000000000e-01,-1.315569196428571508e-01,-1.316964285714285754e-01,-1.319754464285714246e-01,-1.354631696428571508e-01,-1.354631696428571508e-01,-1.351841517857142738e-01,-1.361607142857142738e-01,-1.364397321428571508e-01,-1.342075892857142738e-01,-1.360212053571428492e-01,-1.337890625000000000e-01,-1.353236607142857262e-01,-1.358816964285714246e-01,-1.361607142857142738e-01,-1.356026785714285754e-01,-1.321149553571428492e-01,-1.343470982142857262e-01,-1.335100446428571508e-01,-1.339285714285714246e-01,-1.325334821428571508e-01,-1.330915178571428492e-01,-1.344866071428571508e-01,-1.342075892857142738e-01,-1.333705357142857262e-01,-1.326729910714285754e-01,-1.329520089285714246e-01,-1.330915178571428492e-01,-1.335100446428571508e-01
-6.738281250000000000e-02,-6.794084821428571230e-02,-6.919642857142857539e-02,-6.989397321428571230e-02,-6.919642857142857539e-02,-6.947544642857142461e-02,-6.849888392857142461e-02,-6.877790178571428770e-02,-6.808035714285713691e-02,-6.863839285714286309e-02,-6.835937500000000000e-02,-6.891741071428571230e-02,-6.989397321428571230e-02,-6.933593750000000000e-02,-6.891741071428571230e-02,-6.780133928571428770e-02,-6.877790178571428770e-02,-7.114955357142857539e-02,-7.114955357142857539e-02,-7.087053571428571230e-02,-7.087053571428571230e-02,-7.212611607142857539e-02,-7.073102678571428770e-02,-7.087053571428571230e-02,-7.003348214285713691e-02,-6.961495535714286309e-02,-7.226562500000000000e-02,-7.240513392857142461e-02,-7.142857142857142461e-02,-6.821986607142857539e-02,-7.101004464285713691e-02,-6.919642857142857539e-02,-6.947544642857142461e-02,-6.905691964285713691e-02,-6.975446428571428770e-02,-6.947544642857142461e-02,-6.975446428571428770e-02,-6.933593750000000000e-02,-6.863839285714286309e-02,-6.919642857142857539e-02,-6.919642857142857539e-02,-6.975446428571428770e-02
-6.529017857142857539e-02,-6.403459821428571230e-02,-6.459263392857142461e-02,-6.487165178571428770e-02,-6.515066964285713691e-02,-6.473214285714286309e-02,-6.501116071428571230e-02,-6.375558035714286309e-02,-6.445312500000000000e-02,-6.403459821428571230e-02,-6.584821428571428770e-02,-6.515066964285713691e-02,-6.515066964285713691e-02,-6.542968750000000000e-02,-6.459263392857142461e-02,-6.487165178571428770e-02,-6.556919642857142461e-02,-6.612723214285713691e-02,-6.556919642857142461e-02,-6.542968750000000000e-02,-6.612723214285713691e-02,-6.584821428571428770e-02,-6.501116071428571230e-02,-6.612723214285713691e-02,-6.487165178571428770e-02,-6.640625000000000000e-02,-6.556919642857142461e-02,-6.640625000000000000e-02,-6.529017857142857539e-02,-6.445312500000000000e-02,-6.584821428571428770e-02,-6.487165178571428770e-02,-6.556919642857142461e-02,-6.473214285714286309e-02,-6.515066964285713691e-02,-6.501116071428571230e-02,-6.612723214285713691e-02,-6.459263392857142461e-02,-6.515066964285713691e-02,-6.487165178571428770e-02,-6.584821428571428770e-02,-6.668526785714286309e-02
-1.460658482142857262e-01,-1.445312500000000000e-01,-1.446707589285714246e-01,-1.445312500000000000e-01,-1.459263392857142738e-01,-1.446707589285714246e-01,-1.455078125000000000e-01,-1.441127232142857262e-01,-1.448102678571428492e-01,-1.436941964285714246e-01,-1.453683035714285754e-01,-1.442522321428571508e-01,-1.438337053571428492e-01,-1.452287946428571508e-01,-1.441127232142857262e-01,-1.446707589285714246e-01,-1.446707589285714246e-01,-1.464843750000000000e-01,-1.469029017857142738e-01,-1.464843750000000000e-01,-1.464843750000000000e-01,-1.460658482142857262e-01,-1.462053571428571508e-01,-1.471819196428571508e-01,-1.459263392857142738e-01,-1.457868303571428492e-01,-1.450892857142857262e-01,-1.466238839285714246e-01,-1.466238839285714246e-01,-1.450892857142857262e-01,-1.456473214285714246e-01,-1.457868303571428492e-01,-1.462053571428571508e-01,-1.448102678571428492e-01,-1.455078125000000000e-01,-1.448102678571428492e-01,-1.463448660714285754e-01,-1.453683035714285754e-01,-1.452287946428571508e-01,-1.457868303571428492e-01,-1.457868303571428492e-01,-1.471819196428571508e-01
-3.599330357142856845e-02,-3.557477678571428770e-02,-3.543526785714285615e-02,-3.696986607142856845e-02,-3.627232142857143155e-02,-3.543526785714285615e-02,-3.599330357142856845e-02,-3.529575892857143155e-02,-3.571428571428571230e-02,-3.557477678571428770e-02,-3.696986607142856845e-02,-3.641183035714285615e-02,-3.627232142857143155e-02,-3.543526785714285615e-02,-3.585379464285714385e-02,-3.627232142857143155e-02,-3.571428571428571230e-02,-3.599330357142856845e-02,-3.613281250000000000e-02,-3.627232142857143155e-02,-3.655133928571428770e-02,-3.683035714285714385e-02,-3.613281250000000000e-02,-3.669084821428571230e-02,-3.641183035714285615e-02,-3.655133928571428770e-02,-3.683035714285714385e-02,-3.683035714285714385e-02,-3.696986607142856845e-02,-3.599330357142856845e-02,-3.655133928571428770e-02,-3.599330357142856845e-02,-3.571428571428571230e-02,-3.585379464285714385e-02,-3.585379464285714385e-02,-3.627232142857143155e-02,-3.627232142857143155e-02,-3.641183035714285615e-02,-3.683035714285714385e-02,-3.613281250000000000e-02,-3.557477678571428770e-02,-3.683035714285714385e-02
2.232142857142857192e-02,2.218191964285714385e-02,2.036830357142857192e-02,2.036830357142857192e-02,2.064732142857142808e-02,2.092633928571428423e-02,2.148437500000000000e-02,2.036830357142857192e-02,2.190290178571428423e-02,2.036830357142857192e-02,2.190290178571428423e-02,2.092633928571428423e-02,2.092633928571428423e-02,2.050781250000000000e-02,2.078683035714285615e-02,2.078683035714285615e-02,2.050781250000000000e-02,2.232142857142857192e-02,2.134486607142857192e-02,2.064732142857142808e-02,2.120535714285714385e-02,2.022879464285714385e-02,2.176339285714285615e-02,2.134486607142857192e-02,2.120535714285714385e-02,2.218191964285714385e-02,1.994977678571428423e-02,2.078683035714285615e-02,2.036830357142857192e-02,2.134486607142857192e-02,2.078683035714285615e-02,2.148437500000000000e-02,2.190290178571428423e-02,2.106584821428571577e-02,2.148437500000000000e-02,2.148437500000000000e-02,2.064732142857142808e-02,2.078683035714285615e-02,2.092633928571428423e-02,2.176339285714285615e-02,2.134486607142857192e-02,2.120535714285714385e-02
1.395089285714285789e-02,1.353236607142857192e-02,1.395089285714285789e-02,1.339285714285714211e-02,1.367187500000000000e-02,1.395089285714285789e-02,1.353236607142857192e-02,1.409040178571428596e-02,1.381138392857142808e-02,1.436941964285714211e-02,1.297433035714285789e-02,1.339285714285714211e-02,1.367187500000000000e-02,1.353236607142857192e-02,1.353236607142857192e-02,1.297433035714285789e-02,1.269531250000000000e-02,1.534598214285714211e-02,1.436941964285714211e-02,1.422991071428571404e-02,1.450892857142857192e-02,1.492745535714285789e-02,1.464843750000000000e-02,1.367187500000000000e-02,1.422991071428571404e-02,1.395089285714285789e-02,1.520647321428571404e-02,1.422991071428571404e-02,1.367187500000000000e-02,1.395089285714285789e-02,1.464843750000000000e-02,1.367187500000000000e-02,1.367187500000000000e-02,1.395089285714285789e-02,1.436941964285714211e-02,1.395089285714285789e-02,1.367187500000000000e-02,1.367187500000000000e-02,1.339285714285714211e-02,1.409040178571428596e-02,1.325334821428571404e-02,1.297433035714285789e-02
-6.529017857142857539e-02,-6.515066964285713691e-02,-6.431361607142857539e-02,-6.459263392857142461e-02,-6.542968750000000000e-02,-6.431361607142857539e-02,-6.487165178571428770e-02,-6.473214285714286309e-02,-6.473214285714286309e-02,-6.417410714285713691e-02,-6.570870535714286309e-02,-6.417410714285713691e-02,-6.445312500000000000e-02,-6.473214285714286309e-02,-6.417410714285713691e-02,-6.556919642857142461e-02,-6.529017857142857539e-02,-6.501116071428571230e-02,-6.529017857142857539e-02,-6.501116071428571230e-02,-6.431361607142857539e-02,-6.501116071428571230e-02,-6.515066964285713691e-02,-6.570870535714286309e-02,-6.570870535714286309e-02,-6.487165178571428770e-02,-6.305803571428571230e-02,-6.403459821428571230e-02,-6.473214285714286309e-02,-6.487165178571428770e-02,-6.459263392857142461e-02,-6.473214285714286309e-02,-6.598772321428571230e-02,-6.501116071428571230e-02,-6.403459821428571230e-02,-6.501116071428571230e-02,-6.529017857142857539e-02,-6.515066964285713691e-02,-6.556919642857142461e-02,-6.445312500000000000e-02,-6.515066964285713691e-02,-6.640625000000000000e-02
2.845982142857142808e-02,2.818080357142857192e-02,2.748325892857142808e-02,2.818080357142857192e-02,2.776227678571428423e-02,2.776227678571428423e-02,2.845982142857142808e-02,2.706473214285714385e-02,2.790178571428571577e-02,2.706473214285714385e-02,2.748325892857142808e-02,2.748325892857142808e-02,2.818080357142857192e-02,2.776227678571428423e-02,2.748325892857142808e-02,2.692522321428571577e-02,2.748325892857142808e-02,2.929687500000000000e-02,2.887834821428571577e-02,2.859933035714285615e-02,2.901785714285714385e-02,2.859933035714285615e-02,2.832031250000000000e-02,2.901785714285714385e-02,2.818080357142857192e-02,2.804129464285714385e-02,2.790178571428571577e-02,2.832031250000000000e-02,2.804129464285714385e-02,2.804129464285714385e-02,2.832031250000000000e-02,2.845982142857142808e-02,2.832031250000000000e-02,2.818080357142857192e-02,2.873883928571428423e-02,2.790178571428571577e-02,2.845982142857142808e-02,2.776227678571428423e-02,2.804129464285714385e-02,2.818080357142857192e-02,2.776227678571428423e-02,2.762276785714285615e-02
7.366071428571428770e-02,7.421875000000000000e-02,7.282366071428571230e-02,7.366071428571428770e-02,7.282366071428571230e-02,7.282366071428571230e-02,7.393973214285713691e-02,7.338169642857142461e-02,7.268415178571428770e-02,7.184709821428571230e-02,7.435825892857142461e-02,7.310267857142857539e-02,7.254464285714286309e-02,7.310267857142857539e-02,7.296316964285713691e-02,7.338169642857142461e-02,7.296316964285713691e-02,7.505580357142857539e-02,7.463727678571428770e-02,7.449776785714286309e-02,7.435825892857142461e-02,7.407924107142857539e-02,7.366071428571428770e-02,7.366071428571428770e-02,7.449776785714286309e-02,7.463727678571428770e-02,7.296316964285713691e-02,7.352120535714286309e-02,7.352120535714286309e-02,7.421875000000000000e-02,7.366071428571428770e-02,7.435825892857142461e-02,7.505580357142857539e-02,7.380022321428571230e-02,7.366071428571428770e-02,7.296316964285713691e-02,7.366071428571428770e-02,7.366071428571428770e-02,7.366071428571428770e-02,7.407924107142857539e-02,7.421875000000000000e-02,7.449776785714286309e-02
5.482700892857143155e-02,5.482700892857143155e-02,5.468750000000000000e-02,5.538504464285714385e-02,5.580357142857143155e-02,5.496651785714285615e-02,5.468750000000000000e-02,5.398995535714285615e-02,5.482700892857143155e-02,5.426897321428571230e-02,5.482700892857143155e-02,5.440848214285714385e-02,5.524553571428571230e-02,5.426897321428571230e-02,5.440848214285714385e-02,5.357142857142856845e-02,5.329241071428571230e-02,5.747767857142856845e-02,5.650111607142856845e-02,5.636160714285714385e-02,5.705915178571428770e-02,5.664062500000000000e-02,5.552455357142856845e-02,5.594308035714285615e-02,5.538504464285714385e-02,5.580357142857143155e-02,5.678013392857143155e-02,5.664062500000000000e-02,5.608258928571428770e-02,5.524553571428571230e-02,5.524553571428571230e-02,5.510602678571428770e-02,5.468750000000000000e-02,5.524553571428571230e-02,5.524553571428571230e-02,5.538504464285714385e-02,5.468750000000000000e-02,5.482700892857143155e-02,5.468750000000000000e-02,5.510602678571428770e-02,5.426897321428571230e-02,5.426897321428571230e-02
-8.258928571428571230e-02,-8.231026785714286309e-02,-8.119419642857142461e-02,-8.133370535714286309e-02,-8.147321428571428770e-02,-8.161272321428571230e-02,-8.077566964285713691e-02,-8.105468750000000000e-02,-8.133370535714286309e-02,-8.049665178571428770e-02,-8.189174107142857539e-02,-8.077566964285713691e-02,-8.077566964285713691e-02,-8.049665178571428770e-02,-8.063616071428571230e-02,-8.035714285714286309e-02,-8.119419642857142461e-02,-8.384486607142857539e-02,-8.328683035714286309e-02,-8.314732142857142461e-02,-8.217075892857142461e-02,-8.189174107142857539e-02,-8.258928571428571230e-02,-8.272879464285713691e-02,-8.300781250000000000e-02,-8.286830357142857539e-02,-8.161272321428571230e-02,-8.161272321428571230e-02,-8.175223214285713691e-02,-8.203125000000000000e-02,-8.203125000000000000e-02,-8.272879464285713691e-02,-8.175223214285713691e-02,-8.147321428571428770e-02,-8.147321428571428770e-02,-8.203125000000000000e-02,-8.147321428571428770e-02,-8.049665178571428770e-02,-8.189174107142857539e-02,-8.077566964285713691e-02,-8.091517857142857539e-02,-8.091517857142857539e-02
-6.542968750000000000e-02,-6.584821428571428770e-02,-6.584821428571428770e-02,-6.612723214285713691e-02,-6.598772321428571230e-02,-6.556919642857142461e-02,-6.542968750000000000e-02,-6.612723214285713691e-02,-6.584821428571428770e-02,-6.556919642857142461e-02,-6.529017857142857539e-02,-6.570870535714286309e-02,-6.473214285714286309e-02,-6.445312500000000000e-02,-6.515066964285713691e-02,-6.473214285714286309e-02,-6.529017857142857539e-02,-6.668526785714286309e-02,-6.696428571428571230e-02,-6.696428571428571230e-02,-6.654575892857142461e-02,-6.612723214285713691e-02,-6.724330357142857539e-02,-6.654575892857142461e-02,-6.696428571428571230e-02,-6.654575892857142461e-02,-6.626674107142857539e-02,-6.612723214285713691e-02,-6.598772321428571230e-02,-6.612723214285713691e-02,-6.626674107142857539e-02,-6.556919642857142461e-02,-6.612723214285713691e-02,-6.612723214285713691e-02,-6.612723214285713691e-02,-6.626674107142857539e-02,-6.556919642857142461e-02,-6.640625000000000000e-02,-6.584821428571428770e-02,-6.487165178571428770e-02,-6.556919642857142461e-02,-6.529017857142857539e-02
-1.422991071428571404e-02,-1.367187500000000000e-02,-1.422991071428571404e-02,-1.409040178571428596e-02,-1.367187500000000000e-02,-1.395089285714285789e-02,-1.283482142857142808e-02,-1.381138392857142808e-02,-1.450892857142857192e-02,-1.409040178571428596e-02,-1.325334821428571404e-02,-1.367187500000000000e-02,-1.325334821428571404e-02,-1.311383928571428596e-02,-1.353236607142857192e-02,-1.269531250000000000e-02,-1.325334821428571404e-02,-1.506696428571428596e-02,-1.436941964285714211e-02,-1.422991071428571404e-02,-1.422991071428571404e-02,-1.422991071428571404e-02,-1.436941964285714211e-02,-1.339285714285714211e-02,-1.395089285714285789e-02,-1.422991071428571404e-02,-1.478794642857142808e-02,-1.450892857142857192e-02,-1.339285714285714211e-02,-1.367187500000000000e-02,-1.381138392857142808e-02,-1.325334821428571404e-02,-1.339285714285714211e-02,-1.422991071428571404e-02,-1.450892857142857192e-02,-1.367187500000000000e-02,-1.339285714285714211e-02,-1.283482142857142808e-02,-1.367187500000000000e-02,-1.255580357142857192e-02,-1.325334821428571404e-02,-1.088169642857142808e-02
-2.176339285714285615e-02,-2.134486607142857192e-02,-2.204241071428571577e-02,-2.064732142857142808e-02,-2.134486607142857192e-02,-2.022879464285714385e-02,-2.106584821428571577e-02,-2.162388392857142808e-02,-2.176339285714285615e-02,-2.120535714285714385e-02,-2.106584821428571577e-02,-2.106584821428571577e-02,-2.064732142857142808e-02,-2.078683035714285615e-02,-2.106584821428571577e-02,-2.176339285714285615e-02,-2.078683035714285615e-02,-2.148437500000000000e-02,-2.148437500000000000e-02,-2.120535714285714385e-02,-2.078683035714285615e-02,-1.967075892857142808e-02,-2.176339285714285615e-02,-2.134486607142857192e-02,-2.148437500000000000e-02,-2.064732142857142808e-02,-1.994977678571428423e-02,-2.050781250000000000e-02,-2.092633928571428423e-02,-2.134486607142857192e-02,-2.148437500000000000e-02,-2.134486607142857192e-02,-2.162388392857142808e-02,-2.134486607142857192e-02,-2.162388392857142808e-02,-2.148437500000000000e-02,-2.092633928571428423e-02,-2.134486607142857192e-02,-2.162388392857142808e-02,-2.120535714285714385e-02,-2.106584821428571577e-02,-2.134486607142857192e-02
-1.421595982142857262e-01,-1.402064732142857262e-01,-1.396484375000000000e-01,-1.399274553571428492e-01,-1.400669642857142738e-01,-1.392299107142857262e-01,-1.392299107142857262e-01,-1.392299107142857262e-01,-1.399274553571428492e-01,-1.385323660714285754e-01,-1.392299107142857262e-01,-1.392299107142857262e-01,-1.382533482142857262e-01,-1.382533482142857262e-01,-1.382533482142857262e-01,-1.393694196428571508e-01,-1.388113839285714246e-01,-1.421595982142857262e-01,-1.414620535714285754e-01,-1.411830357142857262e-01,-1.409040178571428492e-01,-1.410435267857142738e-01,-1.411830357142857262e-01,-1.411830357142857262e-01,-1.417410714285714246e-01,-1.416015625000000000e-01,-1.393694196428571508e-01,-1.407645089285714246e-01,-1.403459821428571508e-01,-1.406250000000000000e-01,-1.404854910714285754e-01,-1.406250000000000000e-01,-1.411830357142857262e-01,-1.402064732142857262e-01,-1.403459821428571508e-01,-1.400669642857142738e-01,-1.406250000000000000e-01,-1.396484375000000000e-01,-1.396484375000000000e-01,-1.395089285714285754e-01,-1.403459821428571508e-01,-1.400669642857142738e-01
-6.947544642857142461e-02,-6.877790178571428770e-02,-6.933593750000000000e-02,-6.835937500000000000e-02,-6.919642857142857539e-02,-6.863839285714286309e-02,-6.835937500000000000e-02,-6.905691964285713691e-02,-6.891741071428571230e-02,-6.919642857142857539e-02,-6.794084821428571230e-02,-6.877790178571428770e-02,-6.752232142857142461e-02,-6.877790178571428770e-02,-6.780133928571428770e-02,-6.835937500000000000e-02,-6.835937500000000000e-02,-7.073102678571428770e-02,-7.031250000000000000e-02,-6.933593750000000000e-02,-7.031250000000000000e-02,-6.905691964285713691e-02,-6.947544642857142461e-02,-6.947544642857142461e-02,-6.975446428571428770e-02,-6.877790178571428770e-02,-6.933593750000000000e-02,-6.947544642857142461e-02,-6.961495535714286309e-02,-6.961495535714286309e-02,-6.863839285714286309e-02,-6.947544642857142461e-02,-6.863839285714286309e-02,-6.933593750000000000e-02,-6.849888392857142461e-02,-6.961495535714286309e-02,-6.835937500000000000e-02,-6.905691964285713691e-02,-6.821986607142857539e-02,-6.821986607142857539e-02,-6.891741071428571230e-02,-6.794084821428571230e-02
-2.008928571428571577e-02,-1.925223214285714385e-02,-2.008928571428571577e-02,-1.981026785714285615e-02,-1.925223214285714385e-02,-1.953125000000000000e-02,-1.855468750000000000e-02,-1.994977678571428423e-02,-2.064732142857142808e-02,-1.967075892857142808e-02,-1.883370535714285615e-02,-1.953125000000000000e-02,-1.855468750000000000e-02,-1.897321428571428423e-02,-1.883370535714285615e-02,-1.869419642857142808e-02,-1.911272321428571577e-02,-2.064732142857142808e-02,-2.008928571428571577e-02,-2.022879464285714385e-02,-2.008928571428571577e-02,-1.981026785714285615e-02,-2.036830357142857192e-02,-1.925223214285714385e-02,-1.994977678571428423e-02,-2.008928571428571577e-02,-2.036830357142857192e-02,-2.050781250000000000e-02,-2.036830357142857192e-02,-2.008928571428571577e-02,-1.911272321428571577e-02,-2.008928571428571577e-02,-1.757812500000000000e-02,-1.925223214285714385e-02,-1.994977678571428423e-02,-2.036830357142857192e-02,-1.841517857142857192e-02,-1.925223214285714385e-02,-1.911272321428571577e-02,-1.827566964285714385e-02,-1.869419642857142808e-02,-1.799665178571428423e-02
-2.734375000000000000e-02,-2.664620535714285615e-02,-2.622767857142857192e-02,-2.566964285714285615e-02,-2.678571428571428423e-02,-2.608816964285714385e-02,-2.580915178571428423e-02,-2.636718750000000000e-02,-2.706473214285714385e-02,-2.650669642857142808e-02,-2.608816964285714385e-02,-2.622767857142857192e-02,-2.553013392857142808e-02,-2.636718750000000000e-02,-2.539062500000000000e-02,-2.678571428571428423e-02,-2.650669642857142808e-02,-2.720424107142857192e-02,-2.608816964285714385e-02,-2.608816964285714385e-02,-2.594866071428571577e-02,-2.594866071428571577e-02,-2.650669642857142808e-02,-2.608816964285714385e-02,-2.720424107142857192e-02,-2.580915178571428423e-02,-2.525111607142857192e-02,-2.594866071428571577e-02,-2.580915178571428423e-02,-2.622767857142857192e-02,-2.678571428571428423e-02,-2.636718750000000000e-02,-2.692522321428571577e-02,-2.622767857142857192e-02,-2.608816964285714385e-02,-2.622767857142857192e-02,-2.678571428571428423e-02,-2.594866071428571577e-02,-2.539062500000000000e-02,-2.594866071428571577e-02,-2.692522321428571577e-02,-2.608816964285714385e-02
-1.356026785714285754e-01,-1.344866071428571508e-01,-1.335100446428571508e-01,-1.330915178571428492e-01,-1.337890625000000000e-01,-1.328125000000000000e-01,-1.329520089285714246e-01,-1.323939732142857262e-01,-1.328125000000000000e-01,-1.323939732142857262e-01,-1.332310267857142738e-01,-1.326729910714285754e-01,-1.316964285714285754e-01,-1.323939732142857262e-01,-1.316964285714285754e-01,-1.332310267857142738e-01,-1.328125000000000000e-01,-1.368582589285714246e-01,-1.365792410714285754e-01,-1.363002232142857262e-01,-1.353236607142857262e-01,-1.349051339285714246e-01,-1.351841517857142738e-01,-1.350446428571428492e-01,-1.356026785714285754e-01,-1.351841517857142738e-01,-1.328125000000000000e-01,-1.339285714285714246e-01,-1.335100446428571508e-01,-1.347656250000000000e-01,-1.333705357142857262e-01,-1.340680803571428492e-01,-1.349051339285714246e-01,-1.332310267857142738e-01,-1.329520089285714246e-01,-1.329520089285714246e-01,-1.336495535714285754e-01,-1.332310267857142738e-01,-1.337890625000000000e-01,-1.326729910714285754e-01,-1.332310267857142738e-01,-1.337890625000000000e-01
-2.734375000000000000e-02,-2.622767857142857192e-02,-2.734375000000000000e-02,-2.580915178571428423e-02,-2.692522321428571577e-02,-2.720424107142857192e-02,-2.594866071428571577e-02,-2.664620535714285615e-02,-2.720424107142857192e-02,-2.720424107142857192e-02,-2.636718750000000000e-02,-2.678571428571428423e-02,-2.636718750000000000e-02,-2.650669642857142808e-02,-2.650669642857142808e-02,-2.664620535714285615e-02,-2.636718750000000000e-02,-2.859933035714285615e-02,-2.845982142857142808e-02,-2.762276785714285615e-02,-2.887834821428571577e-02,-2.762276785714285615e-02,-2.901785714285714385e-02,-2.832031250000000000e-02,-2.845982142857142808e-02,-2.706473214285714385e-02,-2.720424107142857192e-02,-2.790178571428571577e-02,-2.692522321428571577e-02,-2.762276785714285615e-02,-2.678571428571428423e-02,-2.720424107142857192e-02,-2.664620535714285615e-02,-2.692522321428571577e-02,-2.692522321428571577e-02,-2.678571428571428423e-02,-2.650669642857142808e-02,-2.622767857142857192e-02,-2.608816964285714385e-02,-2.636718750000000000e-02,-2.636718750000000000e-02,-2.580915178571428423e-02
2.915736607142857192e-02,2.957589285714285615e-02,2.887834821428571577e-02,2.873883928571428423e-02,2.943638392857142808e-02,2.957589285714285615e-02,2.901785714285714385e-02,2.887834821428571577e-02,2.859933035714285615e-02,2.818080357142857192e-02,2.887834821428571577e-02,2.887834821428571577e-02,2.957589285714285615e-02,2.971540178571428423e-02,2.859933035714285615e-02,2.957589285714285615e-02,2.971540178571428423e-02,2.929687500000000000e-02,2.859933035714285615e-02,2.873883928571428423e-02,2.873883928571428423e-02,2.915736607142857192e-02,2.832031250000000000e-02,2.929687500000000000e-02,2.901785714285714385e-02,2.887834821428571577e-02,2.845982142857142808e-02,2.887834821428571577e-02,2.887834821428571577e-02,2.832031250000000000e-02,2.957589285714285615e-02,2.943638392857142808e-02,3.111049107142857192e-02,2.915736607142857192e-02,2.943638392857142808e-02,2.985491071428571577e-02,3.083147321428571577e-02,2.957589285714285615e-02,2.957589285714285615e-02,3.013392857142857192e-02,2.957589285714285615e-02,3.013392857142857192e-02
1.939174107142857192e-02,2.022879464285714385e-02,2.064732142857142808e-02,2.092633928571428423e-02,1.994977678571428423e-02,2.106584821428571577e-02,2.092633928571428423e-02,2.064732142857142808e-02,2.106584821428571577e-02,2.050781250000000000e-02,2.036830357142857192e-02,2.106584821428571577e-02,2.022879464285714385e-02,2.134486607142857192e-02,2.106584821428571577e-02,1.994977678571428423e-02,2.050781250000000000e-02,2.050781250000000000e-02,2.064732142857142808e-02,2.106584821428571577e-02,2.050781250000000000e-02,2.106584821428571577e-02,2.036830357142857192e-02,2.134486607142857192e-02,2.092633928571428423e-02,2.078683035714285615e-02,2.190290178571428423e-02,2.162388392857142808e-02,2.134486607142857192e-02,2.050781250000000000e-02,2.134486607142857192e-02,2.092633928571428423e-02,2.008928571428571577e-02,2.036830357142857192e-02,2.050781250000000000e-02,2.106584821428571577e-02,2.050781250000000000e-02,2.148437500000000000e-02,2.078683035714285615e-02,2.092633928571428423e-02,2.036830357142857192e-02,2.036830357142857192e-02
-6.194196428571428770e-02,-6.152343750000000000e-02,-6.082589285714285615e-02,-6.026785714285714385e-02,-6.180245535714285615e-02,-5.984933035714285615e-02,-6.124441964285714385e-02,-6.124441964285714385e-02,-6.040736607142856845e-02,-6.040736607142856845e-02,-6.068638392857143155e-02,-6.110491071428571230e-02,-5.984933035714285615e-02,-6.054687500000000000e-02,-6.068638392857143155e-02,-6.250000000000000000e-02,-6.082589285714285615e-02,-6.180245535714285615e-02,-6.250000000000000000e-02,-6.194196428571428770e-02,-6.082589285714285615e-02,-6.110491071428571230e-02,-6.180245535714285615e-02,-6.082589285714285615e-02,-6.236049107142856845e-02,-6.138392857142856845e-02,-5.998883928571428770e-02,-6.026785714285714385e-02,-6.082589285714285615e-02,-6.110491071428571230e-02,-6.138392857142856845e-02,-6.110491071428571230e-02,-6.250000000000000000e-02,-6.096540178571428770e-02,-6.040736607142856845e-02,-6.012834821428571230e-02,-6.082589285714285615e-02,-6.124441964285714385e-02,-6.110491071428571230e-02,-6.166294642857143155e-02,-6.110491071428571230e-02,-6.319754464285713691e-02
3.194754464285714385e-02,3.208705357142856845e-02,3.236607142857143155e-02,3.236607142857143155e-02,3.236607142857143155e-02,3.208705357142856845e-02,3.320312500000000000e-02,3.222656250000000000e-02,3.152901785714285615e-02,3.222656250000000000e-02,3.236607142857143155e-02,3.194754464285714385e-02,3.180803571428571230e-02,3.236607142857143155e-02,3.236607142857143155e-02,3.208705357142856845e-02,3.278459821428571230e-02,3.334263392857143155e-02,3.250558035714285615e-02,3.362165178571428770e-02,3.250558035714285615e-02,3.334263392857143155e-02,3.306361607142856845e-02,3.362165178571428770e-02,3.264508928571428770e-02,3.306361607142856845e-02,3.334263392857143155e-02,3.362165178571428770e-02,3.390066964285714385e-02,3.236607142857143155e-02,3.250558035714285615e-02,3.292410714285714385e-02,3.320312500000000000e-02,3.306361607142856845e-02,3.292410714285714385e-02,3.292410714285714385e-02,3.306361607142856845e-02,3.334263392857143155e-02,3.236607142857143155e-02,3.278459821428571230e-02,3.264508928571428770e-02,3.320312500000000000e-02
7.924107142857142461e-02,7.854352678571428770e-02,7.826450892857142461e-02,7.840401785714286309e-02,7.882254464285713691e-02,7.854352678571428770e-02,7.812500000000000000e-02,7.784598214285713691e-02,7.742745535714286309e-02,7.631138392857142461e-02,7.882254464285713691e-02,7.770647321428571230e-02,7.798549107142857539e-02,7.770647321428571230e-02,7.756696428571428770e-02,7.840401785714286309e-02,7.798549107142857539e-02,8.007812500000000000e-02,7.910156250000000000e-02,7.952008928571428770e-02,7.882254464285713691e-02,7.896205357142857539e-02,7.826450892857142461e-02,7.952008928571428770e-02,7.910156250000000000e-02,7.896205357142857539e-02,7.826450892857142461e-02,7.882254464285713691e-02,7.868303571428571230e-02,7.756696428571428770e-02,7.882254464285713691e-02,7.868303571428571230e-02,8.077566964285713691e-02,7.784598214285713691e-02,7.896205357142857539e-02,7.910156250000000000e-02,7.993861607142857539e-02,7.826450892857142461e-02,7.896205357142857539e-02,7.882254464285713691e-02,7.868303571428571230e-02,7.965959821428571230e-02
5.803571428571428770e-02,5.859375000000000000e-02,5.929129464285714385e-02,5.970982142857143155e-02,5.887276785714285615e-02,5.957031250000000000e-02,5.970982142857143155e-02,5.929129464285714385e-02,5.957031250000000000e-02,5.943080357142856845e-02,5.929129464285714385e-02,5.915178571428571230e-02,5.901227678571428770e-02,5.943080357142856845e-02,5.873325892857143155e-02,5.803571428571428770e-02,5.915178571428571230e-02,6.054687500000000000e-02,5.984933035714285615e-02,6.082589285714285615e-02,6.054687500000000000e-02,6.068638392857143155e-02,6.012834821428571230e-02,6.068638392857143155e-02,5.970982142857143155e-02,6.012834821428571230e-02,6.054687500000000000e-02,6.068638392857143155e-02,6.124441964285714385e-02,5.929129464285714385e-02,5.998883928571428770e-02,5.970982142857143155e-02,5.943080357142856845e-02,5.984933035714285615e-02,5.998883928571428770e-02,5.970982142857143155e-02,5.998883928571428770e-02,5.929129464285714385e-02,5.943080357142856845e-02,5.943080357142856845e-02,5.929129464285714385e-02,5.887276785714285615e-02
-1.660156250000000000e-02,-1.688058035714285615e-02,-1.604352678571428423e-02,-1.548549107142857192e-02,-1.646205357142857192e-02,-1.492745535714285789e-02,-1.590401785714285615e-02,-1.632254464285714385e-02,-1.576450892857142808e-02,-1.492745535714285789e-02,-1.604352678571428423e-02,-1.604352678571428423e-02,-1.548549107142857192e-02,-1.618303571428571577e-02,-1.576450892857142808e-02,-1.771763392857142808e-02,-1.618303571428571577e-02,-1.604352678571428423e-02,-1.618303571428571577e-02,-1.562500000000000000e-02,-1.534598214285714211e-02,-1.492745535714285789e-02,-1.604352678571428423e-02,-1.520647321428571404e-02,-1.562500000000000000e-02,-1.576450892857142808e-02,-1.409040178571428596e-02,-1.464843750000000000e-02,-1.436941964285714211e-02,-1.618303571428571577e-02,-1.520647321428571404e-02,-1.548549107142857192e-02,-1.646205357142857192e-02,-1.590401785714285615e-02,-1.548549107142857192e-02,-1.464843750000000000e-02,-1.632254464285714385e-02,-1.604352678571428423e-02,-1.562500000000000000e-02,-1.590401785714285615e-02,-1.646205357142857192e-02,-1.743861607142857192e-02
6.877790178571428770e-02,6.821986607142857539e-02,6.849888392857142461e-02,6.808035714285713691e-02,6.835937500000000000e-02,6.905691964285713691e-02,6.877790178571428770e-02,6.863839285714286309e-02,6.808035714285713691e-02,6.849888392857142461e-02,6.835937500000000000e-02,6.821986607142857539e-02,6.835937500000000000e-02,6.794084821428571230e-02,6.794084821428571230e-02,6.780133928571428770e-02,6.821986607142857539e-02,6.989397321428571230e-02,6.989397321428571230e-02,7.031250000000000000e-02,6.975446428571428770e-02,6.961495535714286309e-02,6.961495535714286309e-02,7.017299107142857539e-02,6.905691964285713691e-02,6.919642857142857539e-02,6.975446428571428770e-02,6.933593750000000000e-02,7.003348214285713691e-02,6.849888392857142461e-02,6.891741071428571230e-02,6.933593750000000000e-02,6.947544642857142461e-02,6.877790178571428770e-02,6.919642857142857539e-02,6.905691964285713691e-02,6.933593750000000000e-02,6.877790178571428770e-02,6.877790178571428770e-02,6.877790178571428770e-02,6.891741071428571230e-02,6.961495535714286309e-02
1.109095982142857123e-01,1.090959821428571369e-01,1.086774553571428631e-01,1.092354910714285754e-01,1.096540178571428631e-01,1.092354910714285754e-01,1.095145089285714246e-01,1.086774553571428631e-01,1.082589285714285754e-01,1.078404017857142877e-01,1.092354910714285754e-01,1.086774553571428631e-01,1.086774553571428631e-01,1.081194196428571369e-01,1.085379464285714246e-01,1.086774553571428631e-01,1.096540178571428631e-01,1.118861607142857123e-01,1.111886160714285754e-01,1.109095982142857123e-01,1.104910714285714246e-01,1.103515625000000000e-01,1.102120535714285754e-01,1.111886160714285754e-01,1.103515625000000000e-01,1.103515625000000000e-01,1.099330357142857123e-01,1.103515625000000000e-01,1.111886160714285754e-01,1.089564732142857123e-01,1.106305803571428631e-01,1.104910714285714246e-01,1.114676339285714246e-01,1.090959821428571369e-01,1.104910714285714246e-01,1.100725446428571369e-01,1.100725446428571369e-01,1.096540178571428631e-01,1.100725446428571369e-01,1.104910714285714246e-01,1.104910714285714246e-01,1.113281250000000000e-01
8.370535714285713691e-02,8.342633928571428770e-02,8.370535714285713691e-02,8.342633928571428770e-02,8.300781250000000000e-02,8.384486607142857539e-02,8.384486607142857539e-02,8.356584821428571230e-02,8.370535714285713691e-02,8.314732142857142461e-02,8.314732142857142461e-02,8.272879464285713691e-02,8.328683035714286309e-02,8.272879464285713691e-02,8.258928571428571230e-02,8.217075892857142461e-02,8.272879464285713691e-02,8.537946428571428770e-02,8.440290178571428770e-02,8.482142857142857539e-02,8.551897321428571230e-02,8.579799107142857539e-02,8.468191964285713691e-02,8.551897321428571230e-02,8.482142857142857539e-02,8.482142857142857539e-02,8.565848214285713691e-02,8.482142857142857539e-02,8.537946428571428770e-02,8.342633928571428770e-02,8.412388392857142461e-02,8.398437500000000000e-02,8.384486607142857539e-02,8.412388392857142461e-02,8.454241071428571230e-02,8.398437500000000000e-02,8.398437500000000000e-02,8.454241071428571230e-02,8.342633928571428770e-02,8.384486607142857539e-02,8.384486607142857539e-02,8.286830357142857539e-02
-1.436941964285714211e-02,-1.311383928571428596e-02,-1.409040178571428596e-02,-1.353236607142857192e-02,-1.422991071428571404e-02,-1.297433035714285789e-02,-1.381138392857142808e-02,-1.422991071428571404e-02,-1.381138392857142808e-02,-1.367187500000000000e-02,-1.381138392857142808e-02,-1.283482142857142808e-02,-1.297433035714285789e-02,-1.381138392857142808e-02,-1.339285714285714211e-02,-1.464843750000000000e-02,-1.367187500000000000e-02,-1.381138392857142808e-02,-1.353236607142857192e-02,-1.297433035714285789e-02,-1.171875000000000000e-02,-1.283482142857142808e-02,-1.325334821428571404e-02,-1.297433035714285789e-02,-1.213727678571428596e-02,-1.297433035714285789e-02,-1.199776785714285789e-02,-1.213727678571428596e-02,-1.199776785714285789e-02,-1.367187500000000000e-02,-1.255580357142857192e-02,-1.297433035714285789e-02,-1.436941964285714211e-02,-1.367187500000000000e-02,-1.297433035714285789e-02,-1.339285714285714211e-02,-1.381138392857142808e-02,-1.353236607142857192e-02,-1.325334821428571404e-02,-1.409040178571428596e-02,-1.395089285714285789e-02,-1.422991071428571404e-02
6.766183035714286309e-02,6.696428571428571230e-02,6.612723214285713691e-02,6.696428571428571230e-02,6.654575892857142461e-02,6.682477678571428770e-02,6.696428571428571230e-02,6.570870535714286309e-02,6.584821428571428770e-02,6.640625000000000000e-02,6.640625000000000000e-02,6.626674107142857539e-02,6.696428571428571230e-02,6.626674107142857539e-02,6.612723214285713691e-02,6.696428571428571230e-02,6.710379464285713691e-02,6.877790178571428770e-02,6.835937500000000000e-02,6.849888392857142461e-02,6.877790178571428770e-02,6.794084821428571230e-02,6.780133928571428770e-02,6.877790178571428770e-02,6.808035714285713691e-02,6.766183035714286309e-02,6.808035714285713691e-02,6.808035714285713691e-02,6.766183035714286309e-02,6.584821428571428770e-02,6.724330357142857539e-02,6.752232142857142461e-02,6.877790178571428770e-02,6.654575892857142461e-02,6.738281250000000000e-02,6.752232142857142461e-02,6.738281250000000000e-02,6.654575892857142461e-02,6.738281250000000000e-02,6.766183035714286309e-02,6.780133928571428770e-02,6.766183035714286309e-02
1.083984375000000000e-01,1.077008928571428631e-01,1.077008928571428631e-01,1.074218750000000000e-01,1.081194196428571369e-01,1.081194196428571369e-01,1.075613839285714246e-01,1.064453125000000000e-01,1.070033482142857123e-01,1.070033482142857123e-01,1.081194196428571369e-01,1.079799107142857123e-01,1.074218750000000000e-01,1.077008928571428631e-01,1.074218750000000000e-01,1.072823660714285754e-01,1.077008928571428631e-01,1.099330357142857123e-01,1.102120535714285754e-01,1.096540178571428631e-01,1.096540178571428631e-01,1.090959821428571369e-01,1.095145089285714246e-01,1.093750000000000000e-01,1.090959821428571369e-01,1.089564732142857123e-01,1.086774553571428631e-01,1.090959821428571369e-01,1.088169642857142877e-01,1.070033482142857123e-01,1.082589285714285754e-01,1.089564732142857123e-01,1.102120535714285754e-01,1.074218750000000000e-01,1.086774553571428631e-01,1.083984375000000000e-01,1.085379464285714246e-01,1.068638392857142877e-01,1.081194196428571369e-01,1.082589285714285754e-01,1.088169642857142877e-01,1.096540178571428631e-01
8.217075892857142461e-02,8.119419642857142461e-02,8.161272321428571230e-02,8.189174107142857539e-02,8.175223214285713691e-02,8.189174107142857539e-02,8.161272321428571230e-02,8.063616071428571230e-02,8.091517857142857539e-02,8.063616071428571230e-02,8.105468750000000000e-02,8.077566964285713691e-02,8.147321428571428770e-02,8.105468750000000000e-02,8.119419642857142461e-02,8.035714285714286309e-02,8.105468750000000000e-02,8.342633928571428770e-02,8.314732142857142461e-02,8.328683035714286309e-02,8.426339285714286309e-02,8.328683035714286309e-02,8.342633928571428770e-02,8.328683035714286309e-02,8.314732142857142461e-02,8.286830357142857539e-02,8.370535714285713691e-02,8.370535714285713691e-02,8.300781250000000000e-02,8.147321428571428770e-02,8.244977678571428770e-02,8.217075892857142461e-02,8.203125000000000000e-02,8.175223214285713691e-02,8.231026785714286309e-02,8.217075892857142461e-02,8.189174107142857539e-02,8.189174107142857539e-02,8.147321428571428770e-02,8.077566964285713691e-02,8.147321428571428770e-02,8.105468750000000000e-02
-3.976004464285714385e-02,-3.822544642857143155e-02,-3.864397321428571230e-02,-3.836495535714285615e-02,-3.934151785714285615e-02,-3.864397321428571230e-02,-3.850446428571428770e-02,-3.906250000000000000e-02,-3.822544642857143155e-02,-3.850446428571428770e-02,-3.836495535714285615e-02,-3.724888392857143155e-02,-3.794642857142856845e-02,-3.850446428571428770e-02,-3.794642857142856845e-02,-3.948102678571428770e-02,-3.850446428571428770e-02,-3.878348214285714385e-02,-3.836495535714285615e-02,-3.906250000000000000e-02,-3.780691964285714385e-02,-3.766741071428571230e-02,-3.850446428571428770e-02,-3.836495535714285615e-02,-3.752790178571428770e-02,-3.850446428571428770e-02,-3.738839285714285615e-02,-3.641183035714285615e-02,-3.696986607142856845e-02,-3.892299107142856845e-02,-3.850446428571428770e-02,-3.836495535714285615e-02,-3.934151785714285615e-02,-3.822544642857143155e-02,-3.836495535714285615e-02,-3.836495535714285615e-02,-3.906250000000000000e-02,-3.822544642857143155e-02,-3.864397321428571230e-02,-3.850446428571428770e-02,-3.850446428571428770e-02,-3.920200892857143155e-02
4.617745535714285615e-02,4.547991071428571230e-02,4.561941964285714385e-02,4.617745535714285615e-02,4.589843750000000000e-02,4.589843750000000000e-02,4.603794642857143155e-02,4.436383928571428770e-02,4.561941964285714385e-02,4.464285714285714385e-02,4.617745535714285615e-02,4.561941964285714385e-02,4.547991071428571230e-02,4.534040178571428770e-02,4.547991071428571230e-02,4.520089285714285615e-02,4.617745535714285615e-02,4.771205357142856845e-02,4.687500000000000000e-02,4.659598214285714385e-02,4.687500000000000000e-02,4.771205357142856845e-02,4.673549107142856845e-02,4.729352678571428770e-02,4.645647321428571230e-02,4.659598214285714385e-02,4.617745535714285615e-02,4.729352678571428770e-02,4.757254464285714385e-02,4.492187500000000000e-02,4.589843750000000000e-02,4.645647321428571230e-02,4.673549107142856845e-02,4.561941964285714385e-02,4.603794642857143155e-02,4.673549107142856845e-02,4.659598214285714385e-02,4.506138392857143155e-02,4.561941964285714385e-02,4.547991071428571230e-02,4.617745535714285615e-02,4.603794642857143155e-02
8.956473214285713691e-02,8.816964285714286309e-02,8.844866071428571230e-02,8.830915178571428770e-02,8.942522321428571230e-02,8.914620535714286309e-02,8.970424107142857539e-02,8.775111607142857539e-02,8.816964285714286309e-02,8.747209821428571230e-02,8.914620535714286309e-02,8.886718750000000000e-02,8.886718750000000000e-02,8.914620535714286309e-02,8.858816964285713691e-02,8.900669642857142461e-02,8.928571428571428770e-02,9.137834821428571230e-02,9.109933035714286309e-02,9.040178571428571230e-02,9.012276785714286309e-02,9.026227678571428770e-02,9.040178571428571230e-02,9.109933035714286309e-02,9.012276785714286309e-02,8.984375000000000000e-02,8.914620535714286309e-02,9.026227678571428770e-02,9.054129464285713691e-02,8.886718750000000000e-02,8.928571428571428770e-02,9.012276785714286309e-02,9.082031250000000000e-02,8.858816964285713691e-02,8.998325892857142461e-02,8.900669642857142461e-02,8.984375000000000000e-02,8.830915178571428770e-02,8.886718750000000000e-02,8.942522321428571230e-02,8.998325892857142461e-02,9.068080357142857539e-02
6.682477678571428770e-02,6.724330357142857539e-02,6.584821428571428770e-02,6.696428571428571230e-02,6.612723214285713691e-02,6.612723214285713691e-02,6.682477678571428770e-02,6.473214285714286309e-02,6.556919642857142461e-02,6.584821428571428770e-02,6.612723214285713691e-02,6.626674107142857539e-02,6.598772321428571230e-02,6.584821428571428770e-02,6.598772321428571230e-02,6.473214285714286309e-02,6.515066964285713691e-02,6.877790178571428770e-02,6.766183035714286309e-02,6.752232142857142461e-02,6.877790178571428770e-02,6.849888392857142461e-02,6.766183035714286309e-02,6.835937500000000000e-02,6.766183035714286309e-02,6.766183035714286309e-02,6.780133928571428770e-02,6.835937500000000000e-02,6.738281250000000000e-02,6.570870535714286309e-02,6.710379464285713691e-02,6.710379464285713691e-02,6.654575892857142461e-02,6.598772321428571230e-02,6.724330357142857539e-02,6.654575892857142461e-02,6.626674107142857539e-02,6.640625000000000000e-02,6.682477678571428770e-02,6.640625000000000000e-02,6.598772321428571230e-02,6.598772321428571230e-02
9.347098214285714038e-03,1.060267857142857192e-02,1.116071428571428596e-02,1.102120535714285789e-02,9.905133928571428076e-03,1.116071428571428596e-02,1.060267857142857192e-02,1.060267857142857192e-02,1.060267857142857192e-02,1.171875000000000000e-02,1.088169642857142808e-02,1.143973214285714211e-02,1.088169642857142808e-02,1.088169642857142808e-02,1.046316964285714211e-02,9.765625000000000000e-03,1.046316964285714211e-02,1.199776785714285789e-02,1.185825892857142808e-02,1.241629464285714211e-02,1.283482142857142808e-02,1.255580357142857192e-02,1.213727678571428596e-02,1.241629464285714211e-02,1.157924107142857192e-02,1.171875000000000000e-02,1.339285714285714211e-02,1.213727678571428596e-02,1.199776785714285789e-02,1.102120535714285789e-02,1.171875000000000000e-02,1.130022321428571404e-02,1.046316964285714211e-02,1.157924107142857192e-02,1.199776785714285789e-02,1.088169642857142808e-02,1.060267857142857192e-02,1.046316964285714211e-02,1.074218750000000000e-02,1.102120535714285789e-02,1.004464285714285789e-02,9.626116071428571924e-03
9.179687500000000000e-02,9.165736607142857539e-02,9.137834821428571230e-02,9.235491071428571230e-02,9.137834821428571230e-02,9.179687500000000000e-02,9.207589285714286309e-02,9.068080357142857539e-02,9.123883928571428770e-02,9.012276785714286309e-02,9.151785714285713691e-02,9.109933035714286309e-02,9.165736607142857539e-02,9.137834821428571230e-02,9.095982142857142461e-02,9.095982142857142461e-02,9.123883928571428770e-02,9.430803571428571230e-02,9.333147321428571230e-02,9.361049107142857539e-02,9.347098214285713691e-02,9.319196428571428770e-02,9.319196428571428770e-02,9.402901785714286309e-02,9.319196428571428770e-02,9.333147321428571230e-02,9.291294642857142461e-02,9.361049107142857539e-02,9.291294642857142461e-02,9.193638392857142461e-02,9.277343750000000000e-02,9.291294642857142461e-02,9.305245535714286309e-02,9.179687500000000000e-02,9.291294642857142461e-02,9.193638392857142461e-02,9.207589285714286309e-02,9.165736607142857539e-02,9.179687500000000000e-02,9.221540178571428770e-02,9.207589285714286309e-02,9.221540178571428770e-02
1.293247767857142738e-01,1.289062500000000000e-01,1.282087053571428492e-01,1.290457589285714246e-01,1.293247767857142738e-01,1.290457589285714246e-01,1.290457589285714246e-01,1.282087053571428492e-01,1.280691964285714246e-01,1.270926339285714246e-01,1.282087053571428492e-01,1.283482142857142738e-01,1.287667410714285754e-01,1.291852678571428492e-01,1.279296875000000000e-01,1.282087053571428492e-01,1.290457589285714246e-01,1.325334821428571508e-01,1.314174107142857262e-01,1.305803571428571508e-01,1.303013392857142738e-01,1.304408482142857262e-01,1.300223214285714246e-01,1.311383928571428492e-01,1.298828125000000000e-01,1.304408482142857262e-01,1.297433035714285754e-01,1.296037946428571508e-01,1.296037946428571508e-01,1.290457589285714246e-01,1.298828125000000000e-01,1.298828125000000000e-01,1.309988839285714246e-01,1.282087053571428492e-01,1.293247767857142738e-01,1.294642857142857262e-01,1.291852678571428492e-01,1.284877232142857262e-01,1.290457589285714246e-01,1.297433035714285754e-01,1.300223214285714246e-01,1.305803571428571508e-01
9.751674107142857539e-02,9.765625000000000000e-02,9.737723214285713691e-02,9.835379464285713691e-02,9.695870535714286309e-02,9.751674107142857539e-02,9.709821428571428770e-02,9.681919642857142461e-02,9.695870535714286309e-02,9.709821428571428770e-02,9.779575892857142461e-02,9.737723214285713691e-02,9.751674107142857539e-02,9.709821428571428770e-02,9.612165178571428770e-02,9.654017857142857539e-02,9.681919642857142461e-02,9.988839285714286309e-02,9.905133928571428770e-02,9.946986607142857539e-02,9.974888392857142461e-02,9.933035714285713691e-02,9.905133928571428770e-02,9.974888392857142461e-02,9.905133928571428770e-02,9.919084821428571230e-02,9.960937500000000000e-02,9.988839285714286309e-02,9.933035714285713691e-02,9.751674107142857539e-02,9.807477678571428770e-02,9.835379464285713691e-02,9.765625000000000000e-02,9.765625000000000000e-02,9.835379464285713691e-02,9.835379464285713691e-02,9.737723214285713691e-02,9.779575892857142461e-02,9.765625000000000000e-02,9.765625000000000000e-02,9.723772321428571230e-02,9.751674107142857539e-02
1.032366071428571404e-02,9.905133928571428076e-03,1.046316964285714211e-02,1.102120535714285789e-02,1.032366071428571404e-02,1.074218750000000000e-02,1.116071428571428596e-02,1.060267857142857192e-02,1.046316964285714211e-02,1.032366071428571404e-02,1.116071428571428596e-02,1.088169642857142808e-02,1.143973214285714211e-02,1.074218750000000000e-02,1.102120535714285789e-02,1.032366071428571404e-02,1.130022321428571404e-02,1.143973214285714211e-02,1.130022321428571404e-02,1.130022321428571404e-02,1.143973214285714211e-02,1.116071428571428596e-02,1.074218750000000000e-02,1.171875000000000000e-02,1.143973214285714211e-02,1.130022321428571404e-02,1.116071428571428596e-02,1.199776785714285789e-02,1.157924107142857192e-02,9.626116071428571924e-03,1.116071428571428596e-02,1.060267857142857192e-02,1.088169642857142808e-02,1.046316964285714211e-02,1.102120535714285789e-02,1.088169642857142808e-02,1.074218750000000000e-02,1.116071428571428596e-02,1.088169642857142808e-02,1.143973214285714211e-02,1.130022321428571404e-02,1.102120535714285789e-02
3.097098214285714385e-02,3.083147321428571577e-02,3.097098214285714385e-02,3.166852678571428770e-02,3.097098214285714385e-02,3.166852678571428770e-02,3.180803571428571230e-02,3.111049107142857192e-02,3.194754464285714385e-02,3.083147321428571577e-02,3.180803571428571230e-02,3.180803571428571230e-02,3.180803571428571230e-02,3.152901785714285615e-02,3.138950892857143155e-02,3.125000000000000000e-02,3.236607142857143155e-02,3.152901785714285615e-02,3.222656250000000000e-02,3.236607142857143155e-02,3.180803571428571230e-02,3.138950892857143155e-02,3.111049107142857192e-02,3.180803571428571230e-02,3.166852678571428770e-02,3.125000000000000000e-02,3.166852678571428770e-02,3.250558035714285615e-02,3.250558035714285615e-02,3.069196428571428423e-02,3.166852678571428770e-02,3.208705357142856845e-02,3.292410714285714385e-02,3.069196428571428423e-02,3.166852678571428770e-02,3.138950892857143155e-02,3.152901785714285615e-02,3.125000000000000000e-02,3.222656250000000000e-02,3.236607142857143155e-02,3.222656250000000000e-02,3.306361607142856845e-02
6.403459821428571230e-02,6.333705357142857539e-02,6.277901785714286309e-02,6.403459821428571230e-02,6.375558035714286309e-02,6.347656250000000000e-02,6.445312500000000000e-02,6.291852678571428770e-02,6.403459821428571230e-02,6.222098214285714385e-02,6.375558035714286309e-02,6.375558035714286309e-02,6.459263392857142461e-02,6.487165178571428770e-02,6.431361607142857539e-02,6.375558035714286309e-02,6.473214285714286309e-02,6.487165178571428770e-02,6.487165178571428770e-02,6.431361607142857539e-02,6.445312500000000000e-02,6.347656250000000000e-02,6.319754464285713691e-02,6.487165178571428770e-02,6.389508928571428770e-02,6.389508928571428770e-02,6.333705357142857539e-02,6.459263392857142461e-02,6.445312500000000000e-02,6.319754464285713691e-02,6.445312500000000000e-02,6.403459821428571230e-02,6.584821428571428770e-02,6.263950892857142461e-02,6.431361607142857539e-02,6.403459821428571230e-02,6.473214285714286309e-02,6.333705357142857539e-02,6.445312500000000000e-02,6.459263392857142461e-02,6.501116071428571230e-02,6.598772321428571230e-02
3.376116071428571230e-02,3.459821428571428770e-02,3.487723214285714385e-02,3.557477678571428770e-02,3.459821428571428770e-02,3.515625000000000000e-02,3.529575892857143155e-02,3.501674107142856845e-02,3.571428571428571230e-02,3.445870535714285615e-02,3.515625000000000000e-02,3.571428571428571230e-02,3.515625000000000000e-02,3.487723214285714385e-02,3.501674107142856845e-02,3.473772321428571230e-02,3.487723214285714385e-02,3.557477678571428770e-02,3.571428571428571230e-02,3.585379464285714385e-02,3.613281250000000000e-02,3.627232142857143155e-02,3.473772321428571230e-02,3.613281250000000000e-02,3.543526785714285615e-02,3.557477678571428770e-02,3.585379464285714385e-02,3.669084821428571230e-02,3.599330357142856845e-02,3.445870535714285615e-02,3.557477678571428770e-02,3.543526785714285615e-02,3.459821428571428770e-02,3.487723214285714385e-02,3.571428571428571230e-02,3.487723214285714385e-02,3.445870535714285615e-02,3.515625000000000000e-02,3.515625000000000000e-02,3.529575892857143155e-02,3.501674107142856845e-02,3.571428571428571230e-02
-5.817522321428571230e-02,-5.705915178571428770e-02,-5.747767857142856845e-02,-5.678013392857143155e-02,-5.747767857142856845e-02,-5.664062500000000000e-02,-5.650111607142856845e-02,-5.664062500000000000e-02,-5.678013392857143155e-02,-5.636160714285714385e-02,-5.566406250000000000e-02,-5.594308035714285615e-02,-5.650111607142856845e-02,-5.552455357142856845e-02,-5.650111607142856845e-02,-5.664062500000000000e-02,-5.594308035714285615e-02,-5.789620535714285615e-02,-5.761718750000000000e-02,-5.775669642857143155e-02,-5.678013392857143155e-02,-5.664062500000000000e-02,-5.747767857142856845e-02,-5.761718750000000000e-02,-5.719866071428571230e-02,-5.761718750000000000e-02,-5.636160714285714385e-02,-5.622209821428571230e-02,-5.678013392857143155e-02,-5.803571428571428770e-02,-5.691964285714285615e-02,-5.733816964285714385e-02,-5.775669642857143155e-02,-5.678013392857143155e-02,-5.664062500000000000e-02,-5.664062500000000000e-02,-5.719866071428571230e-02,-5.664062500000000000e-02,-5.650111607142856845e-02,-5.664062500000000000e-02,-5.650111607142856845e-02,-5.691964285714285615e-02
-4.324776785714285962e-03,-3.906250000000000000e-03,-2.929687500000000000e-03,-2.929687500000000000e-03,-3.487723214285714472e-03,-3.487723214285714472e-03,-3.069196428571428509e-03,-2.929687500000000000e-03,-2.790178571428571491e-03,-3.487723214285714472e-03,-2.232142857142857019e-03,-2.371651785714285528e-03,-2.371651785714285528e-03,-1.953125000000000000e-03,-2.232142857142857019e-03,-3.208705357142857019e-03,-1.534598214285714255e-03,-3.348214285714285528e-03,-3.069196428571428509e-03,-3.208705357142857019e-03,-2.790178571428571491e-03,-3.487723214285714472e-03,-3.627232142857142981e-03,-3.069196428571428509e-03,-3.208705357142857019e-03,-3.348214285714285528e-03,-2.511160714285714472e-03,-2.092633928571428509e-03,-2.790178571428571491e-03,-4.185267857142857019e-03,-2.929687500000000000e-03,-2.929687500000000000e-03,-2.650669642857142981e-03,-3.487723214285714472e-03,-3.348214285714285528e-03,-2.511160714285714472e-03,-3.069196428571428509e-03,-2.371651785714285528e-03,-2.232142857142857019e-03,-2.092633928571428509e-03,-2.092633928571428509e-03,-1.534598214285714255e-03
3.320312500000000000e-02,3.264508928571428770e-02,3.180803571428571230e-02,3.320312500000000000e-02,3.264508928571428770e-02,3.292410714285714385e-02,3.278459821428571230e-02,3.166852678571428770e-02,3.194754464285714385e-02,3.152901785714285615e-02,3.348214285714285615e-02,3.376116071428571230e-02,3.431919642857143155e-02,3.417968750000000000e-02,3.334263392857143155e-02,3.348214285714285615e-02,3.334263392857143155e-02,3.250558035714285615e-02,3.250558035714285615e-02,3.250558035714285615e-02,3.320312500000000000e-02,3.236607142857143155e-02,3.194754464285714385e-02,3.334263392857143155e-02,3.264508928571428770e-02,3.292410714285714385e-02,3.264508928571428770e-02,3.292410714285714385e-02,3.278459821428571230e-02,3.166852678571428770e-02,3.264508928571428770e-02,3.306361607142856845e-02,3.459821428571428770e-02,3.166852678571428770e-02,3.208705357142856845e-02,3.292410714285714385e-02,3.348214285714285615e-02,3.250558035714285615e-02,3.390066964285714385e-02,3.362165178571428770e-02,3.404017857142856845e-02,3.431919642857143155e-02
1.060267857142857192e-02,1.185825892857142808e-02,1.185825892857142808e-02,1.185825892857142808e-02,1.213727678571428596e-02,1.297433035714285789e-02,1.283482142857142808e-02,1.283482142857142808e-02,1.241629464285714211e-02,1.241629464285714211e-02,1.241629464285714211e-02,1.269531250000000000e-02,1.283482142857142808e-02,1.297433035714285789e-02,1.241629464285714211e-02,1.185825892857142808e-02,1.283482142857142808e-02,1.213727678571428596e-02,1.171875000000000000e-02,1.199776785714285789e-02,1.241629464285714211e-02,1.255580357142857192e-02,1.199776785714285789e-02,1.255580357142857192e-02,1.199776785714285789e-02,1.171875000000000000e-02,1.199776785714285789e-02,1.339285714285714211e-02,1.311383928571428596e-02,1.171875000000000000e-02,1.199776785714285789e-02,1.199776785714285789e-02,1.130022321428571404e-02,1.241629464285714211e-02,1.227678571428571404e-02,1.269531250000000000e-02,1.185825892857142808e-02,1.283482142857142808e-02,1.269531250000000000e-02,1.241629464285714211e-02,1.199776785714285789e-02,1.255580357142857192e-02
-9.584263392857142461e-02,-9.472656250000000000e-02,-9.444754464285713691e-02,-9.430803571428571230e-02,-9.500558035714286309e-02,-9.388950892857142461e-02,-9.388950892857142461e-02,-9.416852678571428770e-02,-9.402901785714286309e-02,-9.319196428571428770e-02,-9.263392857142857539e-02,-9.319196428571428770e-02,-9.263392857142857539e-02,-9.249441964285713691e-02,-9.305245535714286309e-02,-9.402901785714286309e-02,-9.207589285714286309e-02,-9.723772321428571230e-02,-9.654017857142857539e-02,-9.570312500000000000e-02,-9.486607142857142461e-02,-9.528459821428571230e-02,-9.584263392857142461e-02,-9.514508928571428770e-02,-9.626116071428571230e-02,-9.514508928571428770e-02,-9.514508928571428770e-02,-9.402901785714286309e-02,-9.472656250000000000e-02,-9.598214285714286309e-02,-9.472656250000000000e-02,-9.500558035714286309e-02,-9.570312500000000000e-02,-9.416852678571428770e-02,-9.458705357142857539e-02,-9.361049107142857539e-02,-9.444754464285713691e-02,-9.388950892857142461e-02,-9.416852678571428770e-02,-9.361049107142857539e-02,-9.472656250000000000e-02,-9.486607142857142461e-02
-1.255580357142857236e-03,-4.185267857142856911e-04,-2.790178571428571274e-04,-6.975446428571428726e-04,-6.975446428571428726e-04,-4.185267857142856911e-04,4.185267857142856911e-04,2.790178571428571274e-04,0.000000000000000000e+00,-2.790178571428571274e-04,-1.395089285714285637e-04,2.790178571428571274e-04,1.116071428571428509e-03,9.765625000000000000e-04,8.370535714285713821e-04,2.790178571428571274e-04,1.116071428571428509e-03,-6.975446428571428726e-04,-1.534598214285714255e-03,-6.975446428571428726e-04,-6.975446428571428726e-04,-8.370535714285713821e-04,-1.116071428571428509e-03,-4.185267857142856911e-04,-9.765625000000000000e-04,-1.116071428571428509e-03,-4.185267857142856911e-04,-6.975446428571428726e-04,-1.395089285714285637e-04,-1.116071428571428509e-03,-6.975446428571428726e-04,-4.185267857142856911e-04,0.000000000000000000e+00,-4.185267857142856911e-04,-1.395089285714285637e-04,-1.395089285714285637e-04,2.790178571428571274e-04,-4.185267857142856911e-04,-1.395089285714285637e-04,8.370535714285713821e-04,6.975446428571428726e-04,1.395089285714285637e-04
4.631696428571428770e-02,4.575892857142856845e-02,4.534040178571428770e-02,4.561941964285714385e-02,4.603794642857143155e-02,4.575892857142856845e-02,4.575892857142856845e-02,4.464285714285714385e-02,4.547991071428571230e-02,4.436383928571428770e-02,4.561941964285714385e-02,4.575892857142856845e-02,4.673549107142856845e-02,4.617745535714285615e-02,4.617745535714285615e-02,4.603794642857143155e-02,4.617745535714285615e-02,4.617745535714285615e-02,4.561941964285714385e-02,4.603794642857143155e-02,4.547991071428571230e-02,4.492187500000000000e-02,4.492187500000000000e-02,4.575892857142856845e-02,4.520089285714285615e-02,4.631696428571428770e-02,4.561941964285714385e-02,4.575892857142856845e-02,4.561941964285714385e-02,4.492187500000000000e-02,4.492187500000000000e-02,4.589843750000000000e-02,4.715401785714285615e-02,4.506138392857143155e-02,4.603794642857143155e-02,4.589843750000000000e-02,4.603794642857143155e-02,4.561941964285714385e-02,4.673549107142856845e-02,4.631696428571428770e-02,4.631696428571428770e-02,4.715401785714285615e-02
3.055245535714285615e-02,3.027343750000000000e-02,3.055245535714285615e-02,3.069196428571428423e-02,3.069196428571428423e-02,3.138950892857143155e-02,3.097098214285714385e-02,3.138950892857143155e-02,3.097098214285714385e-02,3.138950892857143155e-02,3.152901785714285615e-02,3.055245535714285615e-02,3.125000000000000000e-02,3.166852678571428770e-02,3.125000000000000000e-02,3.111049107142857192e-02,3.166852678571428770e-02,3.152901785714285615e-02,3.138950892857143155e-02,3.138950892857143155e-02,3.166852678571428770e-02,3.166852678571428770e-02,3.111049107142857192e-02,3.208705357142856845e-02,3.097098214285714385e-02,3.152901785714285615e-02,3.152901785714285615e-02,3.138950892857143155e-02,3.097098214285714385e-02,3.097098214285714385e-02,3.111049107142857192e-02,3.069196428571428423e-02,3.083147321428571577e-02,3.069196428571428423e-02,3.152901785714285615e-02,3.166852678571428770e-02,3.069196428571428423e-02,3.083147321428571577e-02,3.083147321428571577e-02,3.194754464285714385e-02,3.097098214285714385e-02,3.083147321428571577e-02
-7.338169642857142461e-02,-7.268415178571428770e-02,-7.268415178571428770e-02,-7.324218750000000000e-02,-7.366071428571428770e-02,-7.310267857142857539e-02,-7.254464285714286309e-02,-7.212611607142857539e-02,-7.240513392857142461e-02,-7.226562500000000000e-02,-7.296316964285713691e-02,-7.212611607142857539e-02,-7.338169642857142461e-02,-7.324218750000000000e-02,-7.296316964285713691e-02,-7.226562500000000000e-02,-7.268415178571428770e-02,-7.519531250000000000e-02,-7.477678571428571230e-02,-7.435825892857142461e-02,-7.366071428571428770e-02,-7.435825892857142461e-02,-7.421875000000000000e-02,-7.519531250000000000e-02,-7.463727678571428770e-02,-7.407924107142857539e-02,-7.421875000000000000e-02,-7.407924107142857539e-02,-7.338169642857142461e-02,-7.310267857142857539e-02,-7.324218750000000000e-02,-7.407924107142857539e-02,-7.519531250000000000e-02,-7.226562500000000000e-02,-7.338169642857142461e-02,-7.338169642857142461e-02,-7.407924107142857539e-02,-7.366071428571428770e-02,-7.407924107142857539e-02,-7.324218750000000000e-02,-7.421875000000000000e-02,-7.505580357142857539e-02
1.799665178571428423e-02,1.743861607142857192e-02,1.757812500000000000e-02,1.702008928571428423e-02,1.688058035714285615e-02,1.757812500000000000e-02,1.729910714285714385e-02,1.743861607142857192e-02,1.743861607142857192e-02,1.688058035714285615e-02,1.674107142857142808e-02,1.674107142857142808e-02,1.702008928571428423e-02,1.688058035714285615e-02,1.771763392857142808e-02,1.743861607142857192e-02,1.715959821428571577e-02,1.743861607142857192e-02,1.729910714285714385e-02,1.702008928571428423e-02,1.729910714285714385e-02,1.632254464285714385e-02,1.729910714285714385e-02,1.757812500000000000e-02,1.674107142857142808e-02,1.702008928571428423e-02,1.618303571428571577e-02,1.618303571428571577e-02,1.618303571428571577e-02,1.743861607142857192e-02,1.729910714285714385e-02,1.715959821428571577e-02,1.729910714285714385e-02,1.757812500000000000e-02,1.688058035714285615e-02,1.688058035714285615e-02,1.743861607142857192e-02,1.688058035714285615e-02,1.632254464285714385e-02,1.729910714285714385e-02,1.743861607142857192e-02,1.660156250000000000e-02
6.180245535714285615e-02,6.222098214285714385e-02,6.236049107142856845e-02,6.152343750000000000e-02,6.236049107142856845e-02,6.194196428571428770e-02,6.138392857142856845e-02,6.222098214285714385e-02,6.208147321428571230e-02,6.082589285714285615e-02,6.180245535714285615e-02,6.208147321428571230e-02,6.152343750000000000e-02,6.166294642857143155e-02,6.152343750000000000e-02,6.291852678571428770e-02,6.152343750000000000e-02,6.250000000000000000e-02,6.236049107142856845e-02,6.250000000000000000e-02,6.194196428571428770e-02,6.222098214285714385e-02,6.166294642857143155e-02,6.194196428571428770e-02,6.180245535714285615e-02,6.194196428571428770e-02,6.110491071428571230e-02,6.110491071428571230e-02,6.194196428571428770e-02,6.305803571428571230e-02,6.124441964285714385e-02,6.263950892857142461e-02,6.291852678571428770e-02,6.236049107142856845e-02,6.236049107142856845e-02,6.152343750000000000e-02,6.222098214285714385e-02,6.152343750000000000e-02,6.208147321428571230e-02,6.222098214285714385e-02,6.250000000000000000e-02,6.277901785714286309e-02
4.408482142857143155e-02,4.394531250000000000e-02,4.366629464285714385e-02,4.394531250000000000e-02,4.436383928571428770e-02,4.394531250000000000e-02,4.464285714285714385e-02,4.422433035714285615e-02,4.394531250000000000e-02,4.408482142857143155e-02,4.310825892857143155e-02,4.324776785714285615e-02,4.380580357142856845e-02,4.324776785714285615e-02,4.352678571428571230e-02,4.296875000000000000e-02,4.310825892857143155e-02,4.492187500000000000e-02,4.464285714285714385e-02,4.436383928571428770e-02,4.464285714285714385e-02,4.450334821428571230e-02,4.464285714285714385e-02,4.478236607142856845e-02,4.408482142857143155e-02,4.464285714285714385e-02,4.436383928571428770e-02,4.422433035714285615e-02,4.408482142857143155e-02,4.478236607142856845e-02,4.464285714285714385e-02,4.394531250000000000e-02,4.352678571428571230e-02,4.394531250000000000e-02,4.394531250000000000e-02,4.394531250000000000e-02,4.324776785714285615e-02,4.380580357142856845e-02,4.310825892857143155e-02,4.394531250000000000e-02,4.324776785714285615e-02,4.282924107142856845e-02
-7.435825892857142461e-02,-7.407924107142857539e-02,-7.338169642857142461e-02,-7.631138392857142461e-02,-7.491629464285713691e-02,-7.686941964285713691e-02,-7.547433035714286309e-02,-7.268415178571428770e-02,-7.449776785714286309e-02,-7.421875000000000000e-02,-7.686941964285713691e-02,-7.659040178571428770e-02,-7.840401785714286309e-02,-7.728794642857142461e-02,-7.603236607142857539e-02,-7.324218750000000000e-02,-7.645089285714286309e-02,-7.728794642857142461e-02,-7.840401785714286309e-02,-7.686941964285713691e-02,-7.854352678571428770e-02,-7.840401785714286309e-02,-7.589285714285713691e-02,-7.784598214285713691e-02,-7.659040178571428770e-02,-7.714843750000000000e-02,-7.910156250000000000e-02,-7.924107142857142461e-02,-7.812500000000000000e-02,-7.296316964285713691e-02,-7.686941964285713691e-02,-7.700892857142857539e-02,-7.993861607142857539e-02,-7.393973214285713691e-02,-7.770647321428571230e-02,-7.742745535714286309e-02,-7.742745535714286309e-02,-7.519531250000000000e-02,-7.756696428571428770e-02,-7.784598214285713691e-02,-7.784598214285713691e-02,-7.924107142857142461e-02
1.729910714285714385e-02,1.548549107142857192e-02,1.646205357142857192e-02,1.395089285714285789e-02,1.562500000000000000e-02,1.325334821428571404e-02,1.395089285714285789e-02,1.590401785714285615e-02,1.492745535714285789e-02,1.409040178571428596e-02,1.339285714285714211e-02,1.339285714285714211e-02,1.199776785714285789e-02,1.311383928571428596e-02,1.367187500000000000e-02,1.618303571428571577e-02,1.325334821428571404e-02,1.464843750000000000e-02,1.381138392857142808e-02,1.422991071428571404e-02,1.241629464285714211e-02,1.227678571428571404e-02,1.450892857142857192e-02,1.283482142857142808e-02,1.395089285714285789e-02,1.409040178571428596e-02,1.130022321428571404e-02,1.102120535714285789e-02,1.157924107142857192e-02,1.688058035714285615e-02,1.409040178571428596e-02,1.367187500000000000e-02,1.227678571428571404e-02,1.478794642857142808e-02,1.311383928571428596e-02,1.422991071428571404e-02,1.353236607142857192e-02,1.436941964285714211e-02,1.381138392857142808e-02,1.269531250000000000e-02,1.381138392857142808e-02,1.255580357142857192e-02
6.319754464285713691e-02,6.263950892857142461e-02,6.222098214285714385e-02,5.998883928571428770e-02,6.236049107142856845e-02,5.957031250000000000e-02,6.096540178571428770e-02,6.263950892857142461e-02,6.152343750000000000e-02,6.026785714285714385e-02,6.012834821428571230e-02,6.026785714285714385e-02,5.929129464285714385e-02,5.901227678571428770e-02,6.054687500000000000e-02,6.263950892857142461e-02,6.026785714285714385e-02,6.110491071428571230e-02,6.124441964285714385e-02,6.124441964285714385e-02,5.887276785714285615e-02,5.943080357142856845e-02,6.180245535714285615e-02,5.998883928571428770e-02,6.166294642857143155e-02,6.054687500000000000e-02,5.915178571428571230e-02,5.845424107142856845e-02,5.929129464285714385e-02,6.333705357142857539e-02,6.040736607142856845e-02,6.068638392857143155e-02,6.110491071428571230e-02,6.082589285714285615e-02,5.957031250000000000e-02,6.054687500000000000e-02,6.068638392857143155e-02,6.110491071428571230e-02,6.054687500000000000e-02,6.012834821428571230e-02,6.040736607142856845e-02,6.026785714285714385e-02
4.422433035714285615e-02,4.408482142857143155e-02,4.394531250000000000e-02,4.296875000000000000e-02,4.436383928571428770e-02,4.268973214285714385e-02,4.324776785714285615e-02,4.394531250000000000e-02,4.324776785714285615e-02,4.310825892857143155e-02,4.255022321428571230e-02,4.185267857142856845e-02,4.171316964285714385e-02,4.171316964285714385e-02,4.213169642857143155e-02,4.352678571428571230e-02,4.199218750000000000e-02,4.366629464285714385e-02,4.324776785714285615e-02,4.366629464285714385e-02,4.268973214285714385e-02,4.268973214285714385e-02,4.408482142857143155e-02,4.213169642857143155e-02,4.366629464285714385e-02,4.366629464285714385e-02,4.213169642857143155e-02,4.199218750000000000e-02,4.157366071428571230e-02,4.478236607142856845e-02,4.310825892857143155e-02,4.268973214285714385e-02,4.157366071428571230e-02,4.394531250000000000e-02,4.171316964285714385e-02,4.282924107142856845e-02,4.255022321428571230e-02,4.338727678571428770e-02,4.227120535714285615e-02,4.171316964285714385e-02,4.213169642857143155e-02,4.101562500000000000e-02
-1.192801339285714246e-01,-1.198381696428571369e-01,-1.183035714285714246e-01,-1.219308035714285754e-01,-1.194196428571428631e-01,-1.217912946428571369e-01,-1.202566964285714246e-01,-1.176060267857142877e-01,-1.196986607142857123e-01,-1.191406250000000000e-01,-1.213727678571428631e-01,-1.215122767857142877e-01,-1.223493303571428631e-01,-1.216517857142857123e-01,-1.205357142857142877e-01,-1.174665178571428631e-01,-1.206752232142857123e-01,-1.238839285714285754e-01,-1.243024553571428631e-01,-1.236049107142857123e-01,-1.256975446428571508e-01,-1.248604910714285754e-01,-1.217912946428571369e-01,-1.240234375000000000e-01,-1.224888392857142877e-01,-1.230468750000000000e-01,-1.247209821428571369e-01,-1.259765625000000000e-01,-1.238839285714285754e-01,-1.188616071428571369e-01,-1.229073660714285754e-01,-1.220703125000000000e-01,-1.234654017857142877e-01,-1.198381696428571369e-01,-1.223493303571428631e-01,-1.220703125000000000e-01,-1.224888392857142877e-01,-1.199776785714285754e-01,-1.216517857142857123e-01,-1.219308035714285754e-01,-1.212332589285714246e-01,-1.231863839285714246e-01
-9.319196428571428770e-02,-9.375000000000000000e-02,-9.430803571428571230e-02,-9.612165178571428770e-02,-9.430803571428571230e-02,-9.667968750000000000e-02,-9.528459821428571230e-02,-9.347098214285713691e-02,-9.444754464285713691e-02,-9.500558035714286309e-02,-9.528459821428571230e-02,-9.556361607142857539e-02,-9.654017857142857539e-02,-9.654017857142857539e-02,-9.500558035714286309e-02,-9.221540178571428770e-02,-9.528459821428571230e-02,-9.821428571428571230e-02,-9.849330357142857539e-02,-9.681919642857142461e-02,-9.919084821428571230e-02,-9.877232142857142461e-02,-9.654017857142857539e-02,-9.877232142857142461e-02,-9.695870535714286309e-02,-9.626116071428571230e-02,-9.877232142857142461e-02,-1.001674107142857123e-01,-9.835379464285713691e-02,-9.402901785714286309e-02,-9.640066964285713691e-02,-9.626116071428571230e-02,-9.807477678571428770e-02,-9.500558035714286309e-02,-9.640066964285713691e-02,-9.626116071428571230e-02,-9.667968750000000000e-02,-9.486607142857142461e-02,-9.598214285714286309e-02,-9.681919642857142461e-02,-9.584263392857142461e-02,-9.751674107142857539e-02
-4.352678571428571230e-02,-4.394531250000000000e-02,-4.408482142857143155e-02,-4.603794642857143155e-02,-4.338727678571428770e-02,-4.631696428571428770e-02,-4.520089285714285615e-02,-4.324776785714285615e-02,-4.436383928571428770e-02,-4.520089285714285615e-02,-4.561941964285714385e-02,-4.520089285714285615e-02,-4.561941964285714385e-02,-4.561941964285714385e-02,-4.436383928571428770e-02,-4.241071428571428770e-02,-4.464285714285714385e-02,-4.631696428571428770e-02,-4.673549107142856845e-02,-4.589843750000000000e-02,-4.729352678571428770e-02,-4.743303571428571230e-02,-4.575892857142856845e-02,-4.645647321428571230e-02,-4.589843750000000000e-02,-4.575892857142856845e-02,-4.771205357142856845e-02,-4.813058035714285615e-02,-4.659598214285714385e-02,-4.422433035714285615e-02,-4.547991071428571230e-02,-4.575892857142856845e-02,-4.575892857142856845e-02,-4.478236607142856845e-02,-4.589843750000000000e-02,-4.547991071428571230e-02,-4.506138392857143155e-02,-4.506138392857143155e-02,-4.520089285714285615e-02,-4.561941964285714385e-02,-4.450334821428571230e-02,-4.506138392857143155e-02
-4.743303571428571230e-02,-4.771205357142856845e-02,-4.785156250000000000e-02,-4.840959821428571230e-02,-4.771205357142856845e-02,-4.854910714285714385e-02,-4.799107142857143155e-02,-4.645647321428571230e-02,-4.757254464285714385e-02,-4.701450892857143155e-02,-4.799107142857143155e-02,-4.882812500000000000e-02,-4.910714285714285615e-02,-4.840959821428571230e-02,-4.799107142857143155e-02,-4.715401785714285615e-02,-4.743303571428571230e-02,-4.924665178571428770e-02,-4.868861607142856845e-02,-4.882812500000000000e-02,-4.952566964285714385e-02,-4.994419642857143155e-02,-4.840959821428571230e-02,-4.952566964285714385e-02,-4.882812500000000000e-02,-4.827008928571428770e-02,-4.994419642857143155e-02,-4.994419642857143155e-02,-4.924665178571428770e-02,-4.715401785714285615e-02,-4.868861607142856845e-02,-4.868861607142856845e-02,-4.938616071428571230e-02,-4.771205357142856845e-02,-4.896763392857143155e-02,-4.910714285714285615e-02,-4.924665178571428770e-02,-4.771205357142856845e-02,-4.840959821428571230e-02,-4.840959821428571230e-02,-4.910714285714285615e-02,-4.910714285714285615e-02
-2.388392857142857262e-01,-2.377232142857142738e-01,-2.373046875000000000e-01,-2.400948660714285754e-01,-2.375837053571428492e-01,-2.403738839285714246e-01,-2.389787946428571508e-01,-2.361886160714285754e-01,-2.370256696428571508e-01,-2.374441964285714246e-01,-2.388392857142857262e-01,-2.395368303571428492e-01,-2.398158482142857262e-01,-2.380022321428571508e-01,-2.373046875000000000e-01,-2.347935267857142738e-01,-2.370256696428571508e-01,-2.445591517857142738e-01,-2.437220982142857262e-01,-2.433035714285714246e-01,-2.449776785714285754e-01,-2.444196428571428492e-01,-2.412109375000000000e-01,-2.438616071428571508e-01,-2.421875000000000000e-01,-2.419084821428571508e-01,-2.434430803571428492e-01,-2.446986607142857262e-01,-2.433035714285714246e-01,-2.384207589285714246e-01,-2.407924107142857262e-01,-2.414899553571428492e-01,-2.423270089285714246e-01,-2.384207589285714246e-01,-2.407924107142857262e-01,-2.403738839285714246e-01,-2.402343750000000000e-01,-2.384207589285714246e-01,-2.400948660714285754e-01,-2.393973214285714246e-01,-2.389787946428571508e-01,-2.405133928571428492e-01
-1.745256696428571508e-01,-1.739676339285714246e-01,-1.739676339285714246e-01,-1.755022321428571508e-01,-1.743861607142857262e-01,-1.763392857142857262e-01,-1.755022321428571508e-01,-1.731305803571428492e-01,-1.735491071428571508e-01,-1.736886160714285754e-01,-1.745256696428571508e-01,-1.745256696428571508e-01,-1.761997767857142738e-01,-1.745256696428571508e-01,-1.738281250000000000e-01,-1.714564732142857262e-01,-1.742466517857142738e-01,-1.795479910714285754e-01,-1.788504464285714246e-01,-1.778738839285714246e-01,-1.801060267857142738e-01,-1.789899553571428492e-01,-1.763392857142857262e-01,-1.785714285714285754e-01,-1.764787946428571508e-01,-1.770368303571428492e-01,-1.787109375000000000e-01,-1.794084821428571508e-01,-1.780133928571428492e-01,-1.749441964285714246e-01,-1.766183035714285754e-01,-1.768973214285714246e-01,-1.774553571428571508e-01,-1.743861607142857262e-01,-1.760602678571428492e-01,-1.760602678571428492e-01,-1.763392857142857262e-01,-1.741071428571428492e-01,-1.755022321428571508e-01,-1.755022321428571508e-01,-1.752232142857142738e-01,-1.756417410714285754e-01
-1.039341517857142877e-01,-1.040736607142857123e-01,-1.046316964285714246e-01,-1.054687500000000000e-01,-1.032366071428571369e-01,-1.056082589285714246e-01,-1.053292410714285754e-01,-1.040736607142857123e-01,-1.039341517857142877e-01,-1.050502232142857123e-01,-1.047712053571428631e-01,-1.040736607142857123e-01,-1.056082589285714246e-01,-1.040736607142857123e-01,-1.037946428571428631e-01,-1.017020089285714246e-01,-1.040736607142857123e-01,-1.074218750000000000e-01,-1.078404017857142877e-01,-1.071428571428571369e-01,-1.079799107142857123e-01,-1.072823660714285754e-01,-1.063058035714285754e-01,-1.071428571428571369e-01,-1.057477678571428631e-01,-1.063058035714285754e-01,-1.067243303571428631e-01,-1.072823660714285754e-01,-1.070033482142857123e-01,-1.046316964285714246e-01,-1.051897321428571369e-01,-1.063058035714285754e-01,-1.056082589285714246e-01,-1.049107142857142877e-01,-1.047712053571428631e-01,-1.044921875000000000e-01,-1.044921875000000000e-01,-1.042131696428571369e-01,-1.049107142857142877e-01,-1.044921875000000000e-01,-1.050502232142857123e-01,-1.044921875000000000e-01
-9.123883928571428770e-02,-9.109933035714286309e-02,-9.109933035714286309e-02,-9.165736607142857539e-02,-9.109933035714286309e-02,-9.137834821428571230e-02,-9.123883928571428770e-02,-8.984375000000000000e-02,-9.095982142857142461e-02,-9.012276785714286309e-02,-9.137834821428571230e-02,-9.137834821428571230e-02,-9.193638392857142461e-02,-9.151785714285713691e-02,-9.109933035714286309e-02,-8.998325892857142461e-02,-9.095982142857142461e-02,-9.249441964285713691e-02,-9.277343750000000000e-02,-9.207589285714286309e-02,-9.319196428571428770e-02,-9.277343750000000000e-02,-9.040178571428571230e-02,-9.235491071428571230e-02,-9.193638392857142461e-02,-9.151785714285713691e-02,-9.263392857142857539e-02,-9.221540178571428770e-02,-9.249441964285713691e-02,-9.095982142857142461e-02,-9.165736607142857539e-02,-9.109933035714286309e-02,-9.305245535714286309e-02,-9.068080357142857539e-02,-9.221540178571428770e-02,-9.207589285714286309e-02,-9.179687500000000000e-02,-9.068080357142857539e-02,-9.179687500000000000e-02,-9.095982142857142461e-02,-9.137834821428571230e-02,-9.207589285714286309e-02
-2.308872767857142738e-01,-2.317243303571428492e-01,-2.308872767857142738e-01,-2.317243303571428492e-01,-2.311662946428571508e-01,-2.320033482142857262e-01,-2.318638392857142738e-01,-2.297712053571428492e-01,-2.304687500000000000e-01,-2.310267857142857262e-01,-2.311662946428571508e-01,-2.320033482142857262e-01,-2.325613839285714246e-01,-2.307477678571428492e-01,-2.307477678571428492e-01,-2.287946428571428492e-01,-2.307477678571428492e-01,-2.353515625000000000e-01,-2.356305803571428492e-01,-2.354910714285714246e-01,-2.353515625000000000e-01,-2.357700892857142738e-01,-2.339564732142857262e-01,-2.346540178571428492e-01,-2.342354910714285754e-01,-2.336774553571428492e-01,-2.345145089285714246e-01,-2.350725446428571508e-01,-2.346540178571428492e-01,-2.320033482142857262e-01,-2.328404017857142738e-01,-2.324218750000000000e-01,-2.349330357142857262e-01,-2.318638392857142738e-01,-2.320033482142857262e-01,-2.328404017857142738e-01,-2.329799107142857262e-01,-2.311662946428571508e-01,-2.327008928571428492e-01,-2.317243303571428492e-01,-2.322823660714285754e-01,-2.340959821428571508e-01
-1.477399553571428492e-01,-1.474609375000000000e-01,-1.469029017857142738e-01,-1.481584821428571508e-01,-1.466238839285714246e-01,-1.481584821428571508e-01,-1.474609375000000000e-01,-1.456473214285714246e-01,-1.455078125000000000e-01,-1.466238839285714246e-01,-1.471819196428571508e-01,-1.464843750000000000e-01,-1.478794642857142738e-01,-1.460658482142857262e-01,-1.464843750000000000e-01,-1.449497767857142738e-01,-1.462053571428571508e-01,-1.496930803571428492e-01,-1.502511160714285754e-01,-1.489955357142857262e-01,-1.506696428571428492e-01,-1.506696428571428492e-01,-1.487165178571428492e-01,-1.495535714285714246e-01,-1.482979910714285754e-01,-1.496930803571428492e-01,-1.495535714285714246e-01,-1.492745535714285754e-01,-1.488560267857142738e-01,-1.473214285714285754e-01,-1.484375000000000000e-01,-1.478794642857142738e-01,-1.484375000000000000e-01,-1.469029017857142738e-01,-1.480189732142857262e-01,-1.478794642857142738e-01,-1.480189732142857262e-01,-1.462053571428571508e-01,-1.477399553571428492e-01,-1.471819196428571508e-01,-1.470424107142857262e-01,-1.467633928571428492e-01
-7.924107142857142461e-02,-7.896205357142857539e-02,-7.868303571428571230e-02,-7.965959821428571230e-02,-7.840401785714286309e-02,-8.049665178571428770e-02,-8.035714285714286309e-02,-7.952008928571428770e-02,-7.924107142857142461e-02,-7.979910714285713691e-02,-7.854352678571428770e-02,-7.924107142857142461e-02,-8.021763392857142461e-02,-7.924107142857142461e-02,-7.965959821428571230e-02,-7.770647321428571230e-02,-7.868303571428571230e-02,-8.105468750000000000e-02,-8.105468750000000000e-02,-7.993861607142857539e-02,-8.175223214285713691e-02,-8.077566964285713691e-02,-8.147321428571428770e-02,-8.091517857142857539e-02,-8.035714285714286309e-02,-8.091517857142857539e-02,-8.049665178571428770e-02,-8.133370535714286309e-02,-8.049665178571428770e-02,-7.993861607142857539e-02,-8.007812500000000000e-02,-8.021763392857142461e-02,-7.952008928571428770e-02,-7.952008928571428770e-02,-7.965959821428571230e-02,-7.938058035714286309e-02,-7.910156250000000000e-02,-7.896205357142857539e-02,-7.938058035714286309e-02,-7.993861607142857539e-02,-7.882254464285713691e-02,-7.896205357142857539e-02
-7.226562500000000000e-02,-7.198660714285713691e-02,-7.128906250000000000e-02,-7.240513392857142461e-02,-7.226562500000000000e-02,-7.226562500000000000e-02,-7.212611607142857539e-02,-7.156808035714286309e-02,-7.254464285714286309e-02,-7.142857142857142461e-02,-7.254464285714286309e-02,-7.282366071428571230e-02,-7.254464285714286309e-02,-7.240513392857142461e-02,-7.198660714285713691e-02,-7.156808035714286309e-02,-7.240513392857142461e-02,-7.268415178571428770e-02,-7.268415178571428770e-02,-7.268415178571428770e-02,-7.296316964285713691e-02,-7.310267857142857539e-02,-7.184709821428571230e-02,-7.268415178571428770e-02,-7.268415178571428770e-02,-7.254464285714286309e-02,-7.254464285714286309e-02,-7.282366071428571230e-02,-7.254464285714286309e-02,-7.170758928571428770e-02,-7.226562500000000000e-02,-7.212611607142857539e-02,-7.296316964285713691e-02,-7.226562500000000000e-02,-7.240513392857142461e-02,-7.282366071428571230e-02,-7.240513392857142461e-02,-7.128906250000000000e-02,-7.268415178571428770e-02,-7.212611607142857539e-02,-7.240513392857142461e-02,-7.296316964285713691e-02
-1.660156250000000000e-01,-1.671316964285714246e-01,-1.671316964285714246e-01,-1.660156250000000000e-01,-1.671316964285714246e-01,-1.668526785714285754e-01,-1.661551339285714246e-01,-1.655970982142857262e-01,-1.654575892857142738e-01,-1.650390625000000000e-01,-1.655970982142857262e-01,-1.665736607142857262e-01,-1.665736607142857262e-01,-1.661551339285714246e-01,-1.651785714285714246e-01,-1.646205357142857262e-01,-1.654575892857142738e-01,-1.697823660714285754e-01,-1.686662946428571508e-01,-1.689453125000000000e-01,-1.682477678571428492e-01,-1.681082589285714246e-01,-1.676897321428571508e-01,-1.676897321428571508e-01,-1.681082589285714246e-01,-1.674107142857142738e-01,-1.676897321428571508e-01,-1.674107142857142738e-01,-1.674107142857142738e-01,-1.668526785714285754e-01,-1.671316964285714246e-01,-1.672712053571428492e-01,-1.679687500000000000e-01,-1.674107142857142738e-01,-1.660156250000000000e-01,-1.667131696428571508e-01,-1.671316964285714246e-01,-1.662946428571428492e-01,-1.661551339285714246e-01,-1.662946428571428492e-01,-1.665736607142857262e-01,-1.668526785714285754e-01
-9.458705357142857539e-02,-9.402901785714286309e-02,-9.319196428571428770e-02,-9.416852678571428770e-02,-9.333147321428571230e-02,-9.347098214285713691e-02,-9.305245535714286309e-02,-9.375000000000000000e-02,-9.333147321428571230e-02,-9.277343750000000000e-02,-9.291294642857142461e-02,-9.263392857142857539e-02,-9.277343750000000000e-02,-9.277343750000000000e-02,-9.263392857142857539e-02,-9.249441964285713691e-02,-9.277343750000000000e-02,-9.528459821428571230e-02,-9.514508928571428770e-02,-9.486607142857142461e-02,-9.528459821428571230e-02,-9.528459821428571230e-02,-9.472656250000000000e-02,-9.472656250000000000e-02,-9.458705357142857539e-02,-9.528459821428571230e-02,-9.472656250000000000e-02,-9.500558035714286309e-02,-9.430803571428571230e-02,-9.458705357142857539e-02,-9.430803571428571230e-02,-9.416852678571428770e-02,-9.347098214285713691e-02,-9.416852678571428770e-02,-9.347098214285713691e-02,-9.361049107142857539e-02,-9.416852678571428770e-02,-9.235491071428571230e-02,-9.305245535714286309e-02,-9.319196428571428770e-02,-9.333147321428571230e-02,-9.277343750000000000e-02
-3.864397321428571230e-02,-3.864397321428571230e-02,-3.822544642857143155e-02,-3.850446428571428770e-02,-3.808593750000000000e-02,-3.794642857142856845e-02,-3.822544642857143155e-02,-3.906250000000000000e-02,-3.808593750000000000e-02,-3.836495535714285615e-02,-3.641183035714285615e-02,-3.808593750000000000e-02,-3.752790178571428770e-02,-3.724888392857143155e-02,-3.766741071428571230e-02,-3.752790178571428770e-02,-3.669084821428571230e-02,-3.892299107142856845e-02,-3.920200892857143155e-02,-3.794642857142856845e-02,-3.892299107142856845e-02,-3.850446428571428770e-02,-3.989955357142856845e-02,-3.906250000000000000e-02,-3.836495535714285615e-02,-3.948102678571428770e-02,-3.780691964285714385e-02,-3.906250000000000000e-02,-3.822544642857143155e-02,-3.878348214285714385e-02,-3.850446428571428770e-02,-3.808593750000000000e-02,-3.738839285714285615e-02,-3.878348214285714385e-02,-3.766741071428571230e-02,-3.794642857142856845e-02,-3.641183035714285615e-02,-3.808593750000000000e-02,-3.752790178571428770e-02,-3.808593750000000000e-02,-3.738839285714285615e-02,-3.641183035714285615e-02
-4.003906250000000000e-02,-4.045758928571428770e-02,-4.031808035714285615e-02,-3.976004464285714385e-02,-4.003906250000000000e-02,-3.934151785714285615e-02,-3.920200892857143155e-02,-3.906250000000000000e-02,-4.017857142857143155e-02,-3.976004464285714385e-02,-4.031808035714285615e-02,-3.976004464285714385e-02,-3.976004464285714385e-02,-3.934151785714285615e-02,-3.976004464285714385e-02,-3.934151785714285615e-02,-3.962053571428571230e-02,-4.003906250000000000e-02,-3.962053571428571230e-02,-4.059709821428571230e-02,-3.948102678571428770e-02,-3.989955357142856845e-02,-3.906250000000000000e-02,-3.892299107142856845e-02,-4.017857142857143155e-02,-3.948102678571428770e-02,-3.920200892857143155e-02,-3.892299107142856845e-02,-3.989955357142856845e-02,-3.962053571428571230e-02,-3.962053571428571230e-02,-4.003906250000000000e-02,-3.934151785714285615e-02,-4.017857142857143155e-02,-3.906250000000000000e-02,-3.920200892857143155e-02,-4.003906250000000000e-02,-3.906250000000000000e-02,-3.962053571428571230e-02,-3.920200892857143155e-02,-3.948102678571428770e-02,-4.003906250000000000e-02
-1.922433035714285754e-01,-1.918247767857142738e-01,-1.909877232142857262e-01,-1.904296875000000000e-01,-1.916852678571428492e-01,-1.905691964285714246e-01,-1.898716517857142738e-01,-1.904296875000000000e-01,-1.907087053571428492e-01,-1.901506696428571508e-01,-1.901506696428571508e-01,-1.891741071428571508e-01,-1.905691964285714246e-01,-1.905691964285714246e-01,-1.898716517857142738e-01,-1.900111607142857262e-01,-1.895926339285714246e-01,-1.947544642857142738e-01,-1.929408482142857262e-01,-1.934988839285714246e-01,-1.922433035714285754e-01,-1.918247767857142738e-01,-1.919642857142857262e-01,-1.914062500000000000e-01,-1.922433035714285754e-01,-1.915457589285714246e-01,-1.918247767857142738e-01,-1.912667410714285754e-01,-1.909877232142857262e-01,-1.918247767857142738e-01,-1.912667410714285754e-01,-1.919642857142857262e-01,-1.923828125000000000e-01,-1.914062500000000000e-01,-1.907087053571428492e-01,-1.914062500000000000e-01,-1.915457589285714246e-01,-1.911272321428571508e-01,-1.904296875000000000e-01,-1.901506696428571508e-01,-1.912667410714285754e-01,-1.909877232142857262e-01
-7.742745535714286309e-02,-7.742745535714286309e-02,-7.672991071428571230e-02,-7.728794642857142461e-02,-7.728794642857142461e-02,-7.686941964285713691e-02,-7.672991071428571230e-02,-7.756696428571428770e-02,-7.700892857142857539e-02,-7.700892857142857539e-02,-7.672991071428571230e-02,-7.672991071428571230e-02,-7.617187500000000000e-02,-7.645089285714286309e-02,-7.631138392857142461e-02,-7.672991071428571230e-02,-7.645089285714286309e-02,-7.812500000000000000e-02,-7.686941964285713691e-02,-7.728794642857142461e-02,-7.631138392857142461e-02,-7.645089285714286309e-02,-7.672991071428571230e-02,-7.645089285714286309e-02,-7.672991071428571230e-02,-7.659040178571428770e-02,-7.672991071428571230e-02,-7.631138392857142461e-02,-7.672991071428571230e-02,-7.798549107142857539e-02,-7.686941964285713691e-02,-7.700892857142857539e-02,-7.617187500000000000e-02,-7.700892857142857539e-02,-7.631138392857142461e-02,-7.589285714285713691e-02,-7.645089285714286309e-02,-7.631138392857142461e-02,-7.631138392857142461e-02,-7.631138392857142461e-02,-7.672991071428571230e-02,-7.659040178571428770e-02
-1.116071428571428596e-02,-1.088169642857142808e-02,-1.074218750000000000e-02,-1.032366071428571404e-02,-1.088169642857142808e-02,-1.046316964285714211e-02,-9.905133928571428076e-03,-1.185825892857142808e-02,-1.060267857142857192e-02,-1.032366071428571404e-02,-9.765625000000000000e-03,-9.486607142857142114e-03,-9.905133928571428076e-03,-9.905133928571428076e-03,-1.046316964285714211e-02,-1.046316964285714211e-02,-9.905133928571428076e-03,-1.018415178571428596e-02,-1.032366071428571404e-02,-9.347098214285714038e-03,-9.765625000000000000e-03,-9.207589285714285962e-03,-1.102120535714285789e-02,-1.004464285714285789e-02,-9.765625000000000000e-03,-1.060267857142857192e-02,-9.905133928571428076e-03,-9.486607142857142114e-03,-1.018415178571428596e-02,-1.116071428571428596e-02,-1.032366071428571404e-02,-9.207589285714285962e-03,-9.068080357142857886e-03,-1.102120535714285789e-02,-1.004464285714285789e-02,-9.626116071428571924e-03,-9.626116071428571924e-03,-1.032366071428571404e-02,-1.004464285714285789e-02,-1.074218750000000000e-02,-9.626116071428571924e-03,-8.510044642857142114e-03
-8.649553571428571924e-03,-9.068080357142857886e-03,-8.928571428571428076e-03,-8.091517857142857886e-03,-8.649553571428571924e-03,-8.091517857142857886e-03,-8.649553571428571924e-03,-9.486607142857142114e-03,-8.649553571428571924e-03,-9.347098214285714038e-03,-8.928571428571428076e-03,-8.928571428571428076e-03,-8.510044642857142114e-03,-8.370535714285714038e-03,-8.091517857142857886e-03,-9.626116071428571924e-03,-8.789062500000000000e-03,-7.812500000000000000e-03,-8.091517857142857886e-03,-8.510044642857142114e-03,-7.254464285714285962e-03,-7.672991071428571057e-03,-7.254464285714285962e-03,-6.696428571428571057e-03,-7.952008928571428076e-03,-7.952008928571428076e-03,-7.114955357142857019e-03,-7.114955357142857019e-03,-7.812500000000000000e-03,-8.789062500000000000e-03,-8.649553571428571924e-03,-8.510044642857142114e-03,-9.068080357142857886e-03,-8.649553571428571924e-03,-8.370535714285714038e-03,-8.231026785714285962e-03,-8.510044642857142114e-03,-9.068080357142857886e-03,-8.510044642857142114e-03,-8.510044642857142114e-03,-8.789062500000000000e-03,-9.207589285714285962e-03
-7.254464285714286309e-02,-7.254464285714286309e-02,-7.198660714285713691e-02,-7.114955357142857539e-02,-7.170758928571428770e-02,-7.142857142857142461e-02,-7.156808035714286309e-02,-7.198660714285713691e-02,-7.142857142857142461e-02,-7.114955357142857539e-02,-7.184709821428571230e-02,-7.142857142857142461e-02,-7.212611607142857539e-02,-7.142857142857142461e-02,-7.142857142857142461e-02,-7.170758928571428770e-02,-7.142857142857142461e-02,-7.268415178571428770e-02,-7.142857142857142461e-02,-7.254464285714286309e-02,-7.087053571428571230e-02,-7.073102678571428770e-02,-7.059151785714286309e-02,-7.059151785714286309e-02,-7.156808035714286309e-02,-7.156808035714286309e-02,-7.156808035714286309e-02,-7.045200892857142461e-02,-7.045200892857142461e-02,-7.170758928571428770e-02,-7.156808035714286309e-02,-7.156808035714286309e-02,-7.212611607142857539e-02,-7.198660714285713691e-02,-7.184709821428571230e-02,-7.156808035714286309e-02,-7.184709821428571230e-02,-7.128906250000000000e-02,-7.170758928571428770e-02,-7.114955357142857539e-02,-7.226562500000000000e-02,-7.142857142857142461e-02
2.399553571428571577e-02,2.385602678571428423e-02,2.357700892857142808e-02,2.413504464285714385e-02,2.357700892857142808e-02,2.413504464285714385e-02,2.357700892857142808e-02,2.301897321428571577e-02,2.357700892857142808e-02,2.343750000000000000e-02,2.413504464285714385e-02,2.413504464285714385e-02,2.343750000000000000e-02,2.385602678571428423e-02,2.343750000000000000e-02,2.357700892857142808e-02,2.371651785714285615e-02,2.525111607142857192e-02,2.566964285714285615e-02,2.511160714285714385e-02,2.539062500000000000e-02,2.553013392857142808e-02,2.525111607142857192e-02,2.497209821428571577e-02,2.511160714285714385e-02,2.497209821428571577e-02,2.511160714285714385e-02,2.525111607142857192e-02,2.483258928571428423e-02,2.413504464285714385e-02,2.413504464285714385e-02,2.497209821428571577e-02,2.483258928571428423e-02,2.343750000000000000e-02,2.413504464285714385e-02,2.469308035714285615e-02,2.469308035714285615e-02,2.399553571428571577e-02,2.427455357142857192e-02,2.441406250000000000e-02,2.413504464285714385e-02,2.427455357142857192e-02
7.142857142857142461e-02,7.254464285714286309e-02,7.212611607142857539e-02,7.170758928571428770e-02,7.226562500000000000e-02,7.282366071428571230e-02,7.254464285714286309e-02,7.142857142857142461e-02,7.142857142857142461e-02,7.170758928571428770e-02,7.240513392857142461e-02,7.254464285714286309e-02,7.212611607142857539e-02,7.212611607142857539e-02,7.212611607142857539e-02,7.128906250000000000e-02,7.198660714285713691e-02,7.324218750000000000e-02,7.393973214285713691e-02,7.491629464285713691e-02,7.407924107142857539e-02,7.380022321428571230e-02,7.310267857142857539e-02,7.338169642857142461e-02,7.310267857142857539e-02,7.324218750000000000e-02,7.366071428571428770e-02,7.407924107142857539e-02,7.310267857142857539e-02,7.226562500000000000e-02,7.268415178571428770e-02,7.352120535714286309e-02,7.380022321428571230e-02,7.212611607142857539e-02,7.338169642857142461e-02,7.324218750000000000e-02,7.338169642857142461e-02,7.184709821428571230e-02,7.212611607142857539e-02,7.212611607142857539e-02,7.324218750000000000e-02,7.393973214285713691e-02
5.594308035714285615e-02,5.468750000000000000e-02,5.496651785714285615e-02,5.580357142857143155e-02,5.454799107142856845e-02,5.552455357142856845e-02,5.538504464285714385e-02,5.510602678571428770e-02,5.496651785714285615e-02,5.412946428571428770e-02,5.510602678571428770e-02,5.468750000000000000e-02,5.524553571428571230e-02,5.468750000000000000e-02,5.468750000000000000e-02,5.343191964285714385e-02,5.440848214285714385e-02,5.678013392857143155e-02,5.719866071428571230e-02,5.594308035714285615e-02,5.747767857142856845e-02,5.789620535714285615e-02,5.691964285714285615e-02,5.761718750000000000e-02,5.678013392857143155e-02,5.664062500000000000e-02,5.650111607142856845e-02,5.691964285714285615e-02,5.636160714285714385e-02,5.538504464285714385e-02,5.552455357142856845e-02,5.566406250000000000e-02,5.566406250000000000e-02,5.510602678571428770e-02,5.594308035714285615e-02,5.608258928571428770e-02,5.580357142857143155e-02,5.496651785714285615e-02,5.538504464285714385e-02,5.510602678571428770e-02,5.482700892857143155e-02,5.552455357142856845e-02
-3.683035714285714385e-02,-3.696986607142856845e-02,-3.683035714285714385e-02,-3.585379464285714385e-02,-3.627232142857143155e-02,-3.613281250000000000e-02,-3.557477678571428770e-02,-3.627232142857143155e-02,-3.641183035714285615e-02,-3.641183035714285615e-02,-3.710937500000000000e-02,-3.571428571428571230e-02,-3.669084821428571230e-02,-3.641183035714285615e-02,-3.655133928571428770e-02,-3.655133928571428770e-02,-3.585379464285714385e-02,-3.543526785714285615e-02,-3.515625000000000000e-02,-3.613281250000000000e-02,-3.487723214285714385e-02,-3.459821428571428770e-02,-3.515625000000000000e-02,-3.417968750000000000e-02,-3.557477678571428770e-02,-3.543526785714285615e-02,-3.543526785714285615e-02,-3.501674107142856845e-02,-3.557477678571428770e-02,-3.627232142857143155e-02,-3.501674107142856845e-02,-3.599330357142856845e-02,-3.613281250000000000e-02,-3.599330357142856845e-02,-3.655133928571428770e-02,-3.613281250000000000e-02,-3.683035714285714385e-02,-3.613281250000000000e-02,-3.599330357142856845e-02,-3.557477678571428770e-02,-3.655133928571428770e-02,-3.669084821428571230e-02
4.938616071428571230e-02,5.008370535714285615e-02,4.882812500000000000e-02,5.022321428571428770e-02,4.924665178571428770e-02,4.980468750000000000e-02,4.994419642857143155e-02,4.882812500000000000e-02,4.938616071428571230e-02,4.868861607142856845e-02,5.036272321428571230e-02,4.980468750000000000e-02,5.008370535714285615e-02,4.952566964285714385e-02,4.882812500000000000e-02,4.882812500000000000e-02,4.952566964285714385e-02,5.231584821428571230e-02,5.189732142857143155e-02,5.189732142857143155e-02,5.147879464285714385e-02,5.147879464285714385e-02,5.036272321428571230e-02,5.092075892857143155e-02,5.106026785714285615e-02,5.078125000000000000e-02,5.133928571428571230e-02,5.147879464285714385e-02,5.119977678571428770e-02,4.980468750000000000e-02,5.008370535714285615e-02,5.022321428571428770e-02,5.106026785714285615e-02,4.924665178571428770e-02,5.050223214285714385e-02,5.092075892857143155e-02,5.050223214285714385e-02,4.910714285714285615e-02,4.980468750000000000e-02,4.980468750000000000e-02,5.022321428571428770e-02,5.050223214285714385e-02
9.486607142857142461e-02,9.528459821428571230e-02,9.528459821428571230e-02,9.542410714285713691e-02,9.542410714285713691e-02,9.626116071428571230e-02,9.556361607142857539e-02,9.486607142857142461e-02,9.556361607142857539e-02,9.388950892857142461e-02,9.584263392857142461e-02,9.500558035714286309e-02,9.528459821428571230e-02,9.612165178571428770e-02,9.444754464285713691e-02,9.361049107142857539e-02,9.570312500000000000e-02,9.807477678571428770e-02,9.709821428571428770e-02,9.793526785714286309e-02,9.737723214285713691e-02,9.737723214285713691e-02,9.626116071428571230e-02,9.723772321428571230e-02,9.598214285714286309e-02,9.667968750000000000e-02,9.737723214285713691e-02,9.765625000000000000e-02,9.695870535714286309e-02,9.556361607142857539e-02,9.667968750000000000e-02,9.640066964285713691e-02,9.723772321428571230e-02,9.528459821428571230e-02,9.654017857142857539e-02,9.640066964285713691e-02,9.654017857142857539e-02,9.514508928571428770e-02,9.584263392857142461e-02,9.598214285714286309e-02,9.640066964285713691e-02,9.654017857142857539e-02
7.310267857142857539e-02,7.254464285714286309e-02,7.226562500000000000e-02,7.393973214285713691e-02,7.254464285714286309e-02,7.310267857142857539e-02,7.324218750000000000e-02,7.226562500000000000e-02,7.254464285714286309e-02,7.254464285714286309e-02,7.254464285714286309e-02,7.310267857142857539e-02,7.254464285714286309e-02,7.254464285714286309e-02,7.240513392857142461e-02,7.212611607142857539e-02,7.212611607142857539e-02,7.477678571428571230e-02,7.505580357142857539e-02,7.421875000000000000e-02,7.575334821428571230e-02,7.505580357142857539e-02,7.463727678571428770e-02,7.533482142857142461e-02,7.407924107142857539e-02,7.533482142857142461e-02,7.435825892857142461e-02,7.449776785714286309e-02,7.463727678571428770e-02,7.310267857142857539e-02,7.366071428571428770e-02,7.338169642857142461e-02,7.380022321428571230e-02,7.282366071428571230e-02,7.310267857142857539e-02,7.296316964285713691e-02,7.310267857142857539e-02,7.212611607142857539e-02,7.324218750000000000e-02,7.352120535714286309e-02,7.212611607142857539e-02,7.296316964285713691e-02
1.088169642857142808e-02,1.018415178571428596e-02,9.905133928571428076e-03,1.143973214285714211e-02,1.074218750000000000e-02,1.088169642857142808e-02,1.102120535714285789e-02,1.102120535714285789e-02,1.116071428571428596e-02,1.046316964285714211e-02,1.004464285714285789e-02,1.060267857142857192e-02,1.088169642857142808e-02,1.060267857142857192e-02,1.004464285714285789e-02,1.046316964285714211e-02,1.102120535714285789e-02,1.227678571428571404e-02,1.255580357142857192e-02,1.102120535714285789e-02,1.311383928571428596e-02,1.241629464285714211e-02,1.241629464285714211e-02,1.311383928571428596e-02,1.171875000000000000e-02,1.199776785714285789e-02,1.199776785714285789e-02,1.255580357142857192e-02,1.241629464285714211e-02,1.046316964285714211e-02,1.213727678571428596e-02,1.102120535714285789e-02,1.074218750000000000e-02,1.116071428571428596e-02,1.074218750000000000e-02,1.116071428571428596e-02,1.088169642857142808e-02,1.102120535714285789e-02,1.102120535714285789e-02,1.157924107142857192e-02,1.018415178571428596e-02,9.905133928571428076e-03
9.207589285714286309e-02,9.179687500000000000e-02,9.193638392857142461e-02,9.235491071428571230e-02,9.151785714285713691e-02,9.263392857142857539e-02,9.207589285714286309e-02,9.165736607142857539e-02,9.207589285714286309e-02,9.095982142857142461e-02,9.235491071428571230e-02,9.179687500000000000e-02,9.235491071428571230e-02,9.235491071428571230e-02,9.165736607142857539e-02,9.040178571428571230e-02,9.179687500000000000e-02,9.430803571428571230e-02,9.388950892857142461e-02,9.472656250000000000e-02,9.444754464285713691e-02,9.388950892857142461e-02,9.305245535714286309e-02,9.402901785714286309e-02,9.402901785714286309e-02,9.347098214285713691e-02,9.361049107142857539e-02,9.416852678571428770e-02,9.375000000000000000e-02,9.207589285714286309e-02,9.305245535714286309e-02,9.235491071428571230e-02,9.347098214285713691e-02,9.179687500000000000e-02,9.305245535714286309e-02,9.249441964285713691e-02,9.305245535714286309e-02,9.221540178571428770e-02,9.291294642857142461e-02,9.221540178571428770e-02,9.249441964285713691e-02,9.305245535714286309e-02
1.289062500000000000e-01,1.291852678571428492e-01,1.291852678571428492e-01,1.293247767857142738e-01,1.290457589285714246e-01,1.300223214285714246e-01,1.289062500000000000e-01,1.284877232142857262e-01,1.290457589285714246e-01,1.280691964285714246e-01,1.293247767857142738e-01,1.286272321428571508e-01,1.296037946428571508e-01,1.298828125000000000e-01,1.282087053571428492e-01,1.275111607142857262e-01,1.293247767857142738e-01,1.326729910714285754e-01,1.316964285714285754e-01,1.321149553571428492e-01,1.316964285714285754e-01,1.309988839285714246e-01,1.296037946428571508e-01,1.312779017857142738e-01,1.301618303571428492e-01,1.307198660714285754e-01,1.307198660714285754e-01,1.312779017857142738e-01,1.311383928571428492e-01,1.296037946428571508e-01,1.301618303571428492e-01,1.303013392857142738e-01,1.314174107142857262e-01,1.296037946428571508e-01,1.307198660714285754e-01,1.301618303571428492e-01,1.303013392857142738e-01,1.294642857142857262e-01,1.300223214285714246e-01,1.291852678571428492e-01,1.304408482142857262e-01,1.305803571428571508e-01
9.919084821428571230e-02,9.877232142857142461e-02,9.905133928571428770e-02,9.974888392857142461e-02,9.946986607142857539e-02,9.905133928571428770e-02,1.001674107142857123e-01,9.877232142857142461e-02,9.960937500000000000e-02,9.891183035714286309e-02,9.849330357142857539e-02,9.960937500000000000e-02,9.891183035714286309e-02,9.877232142857142461e-02,9.849330357142857539e-02,9.793526785714286309e-02,9.849330357142857539e-02,1.019810267857142877e-01,1.014229910714285754e-01,1.011439732142857123e-01,1.012834821428571369e-01,1.017020089285714246e-01,1.008649553571428631e-01,1.011439732142857123e-01,1.005859375000000000e-01,1.004464285714285754e-01,1.007254464285714246e-01,1.010044642857142877e-01,1.014229910714285754e-01,1.000279017857142877e-01,9.974888392857142461e-02,1.000279017857142877e-01,9.960937500000000000e-02,9.974888392857142461e-02,9.960937500000000000e-02,9.960937500000000000e-02,9.960937500000000000e-02,9.974888392857142461e-02,9.960937500000000000e-02,9.933035714285713691e-02,9.891183035714286309e-02,9.974888392857142461e-02
3.013392857142857192e-02,2.957589285714285615e-02,2.929687500000000000e-02,3.055245535714285615e-02,2.985491071428571577e-02,2.999441964285714385e-02,2.971540178571428423e-02,2.971540178571428423e-02,2.985491071428571577e-02,2.971540178571428423e-02,2.971540178571428423e-02,3.041294642857142808e-02,2.971540178571428423e-02,3.027343750000000000e-02,2.971540178571428423e-02,2.901785714285714385e-02,2.957589285714285615e-02,3.180803571428571230e-02,3.138950892857143155e-02,3.111049107142857192e-02,3.222656250000000000e-02,3.236607142857143155e-02,3.166852678571428770e-02,3.125000000000000000e-02,3.069196428571428423e-02,3.180803571428571230e-02,3.041294642857142808e-02,3.111049107142857192e-02,3.097098214285714385e-02,2.985491071428571577e-02,3.097098214285714385e-02,3.041294642857142808e-02,3.041294642857142808e-02,2.999441964285714385e-02,2.999441964285714385e-02,3.055245535714285615e-02,2.985491071428571577e-02,3.055245535714285615e-02,3.069196428571428423e-02,3.041294642857142808e-02,2.929687500000000000e-02,2.985491071428571577e-02
1.070033482142857123e-01,1.067243303571428631e-01,1.072823660714285754e-01,1.070033482142857123e-01,1.070033482142857123e-01,1.074218750000000000e-01,1.068638392857142877e-01,1.065848214285714246e-01,1.065848214285714246e-01,1.065848214285714246e-01,1.065848214285714246e-01,1.065848214285714246e-01,1.072823660714285754e-01,1.071428571428571369e-01,1.068638392857142877e-01,1.053292410714285754e-01,1.065848214285714246e-01,1.092354910714285754e-01,1.090959821428571369e-01,1.089564732142857123e-01,1.092354910714285754e-01,1.082589285714285754e-01,1.078404017857142877e-01,1.083984375000000000e-01,1.083984375000000000e-01,1.081194196428571369e-01,1.086774553571428631e-01,1.089564732142857123e-01,1.090959821428571369e-01,1.067243303571428631e-01,1.077008928571428631e-01,1.079799107142857123e-01,1.082589285714285754e-01,1.077008928571428631e-01,1.075613839285714246e-01,1.075613839285714246e-01,1.075613839285714246e-01,1.071428571428571369e-01,1.070033482142857123e-01,1.074218750000000000e-01,1.071428571428571369e-01,1.078404017857142877e-01
1.411830357142857262e-01,1.417410714285714246e-01,1.406250000000000000e-01,1.414620535714285754e-01,1.404854910714285754e-01,1.417410714285714246e-01,1.407645089285714246e-01,1.402064732142857262e-01,1.409040178571428492e-01,1.403459821428571508e-01,1.420200892857142738e-01,1.406250000000000000e-01,1.418805803571428492e-01,1.418805803571428492e-01,1.407645089285714246e-01,1.388113839285714246e-01,1.406250000000000000e-01,1.445312500000000000e-01,1.432756696428571508e-01,1.438337053571428492e-01,1.438337053571428492e-01,1.424386160714285754e-01,1.420200892857142738e-01,1.428571428571428492e-01,1.429966517857142738e-01,1.425781250000000000e-01,1.431361607142857262e-01,1.435546875000000000e-01,1.427176339285714246e-01,1.410435267857142738e-01,1.429966517857142738e-01,1.422991071428571508e-01,1.436941964285714246e-01,1.417410714285714246e-01,1.429966517857142738e-01,1.422991071428571508e-01,1.427176339285714246e-01,1.414620535714285754e-01,1.416015625000000000e-01,1.409040178571428492e-01,1.420200892857142738e-01,1.417410714285714246e-01
1.079799107142857123e-01,1.074218750000000000e-01,1.079799107142857123e-01,1.082589285714285754e-01,1.079799107142857123e-01,1.085379464285714246e-01,1.082589285714285754e-01,1.078404017857142877e-01,1.071428571428571369e-01,1.079799107142857123e-01,1.077008928571428631e-01,1.081194196428571369e-01,1.078404017857142877e-01,1.072823660714285754e-01,1.075613839285714246e-01,1.070033482142857123e-01,1.081194196428571369e-01,1.110491071428571369e-01,1.100725446428571369e-01,1.100725446428571369e-01,1.106305803571428631e-01,1.102120535714285754e-01,1.093750000000000000e-01,1.104910714285714246e-01,1.096540178571428631e-01,1.092354910714285754e-01,1.090959821428571369e-01,1.095145089285714246e-01,1.095145089285714246e-01,1.081194196428571369e-01,1.089564732142857123e-01,1.090959821428571369e-01,1.086774553571428631e-01,1.086774553571428631e-01,1.082589285714285754e-01,1.086774553571428631e-01,1.085379464285714246e-01,1.083984375000000000e-01,1.082589285714285754e-01,1.086774553571428631e-01,1.075613839285714246e-01,1.082589285714285754e-01
6.794084821428571230e-02,6.668526785714286309e-02,6.710379464285713691e-02,6.794084821428571230e-02,6.766183035714286309e-02,6.766183035714286309e-02,6.780133928571428770e-02,6.766183035714286309e-02,6.682477678571428770e-02,6.766183035714286309e-02,6.724330357142857539e-02,6.724330357142857539e-02,6.724330357142857539e-02,6.710379464285713691e-02,6.696428571428571230e-02,6.696428571428571230e-02,6.668526785714286309e-02,6.933593750000000000e-02,6.919642857142857539e-02,6.835937500000000000e-02,6.975446428571428770e-02,6.961495535714286309e-02,6.947544642857142461e-02,6.905691964285713691e-02,6.849888392857142461e-02,6.947544642857142461e-02,6.849888392857142461e-02,6.891741071428571230e-02,6.849888392857142461e-02,6.766183035714286309e-02,6.821986607142857539e-02,6.821986607142857539e-02,6.724330357142857539e-02,6.752232142857142461e-02,6.738281250000000000e-02,6.724330357142857539e-02,6.696428571428571230e-02,6.724330357142857539e-02,6.808035714285713691e-02,6.794084821428571230e-02,6.668526785714286309e-02,6.724330357142857539e-02
1.407645089285714246e-01,1.403459821428571508e-01,1.402064732142857262e-01,1.399274553571428492e-01,1.397879464285714246e-01,1.409040178571428492e-01,1.403459821428571508e-01,1.392299107142857262e-01,1.392299107142857262e-01,1.392299107142857262e-01,1.402064732142857262e-01,1.400669642857142738e-01,1.403459821428571508e-01,1.400669642857142738e-01,1.396484375000000000e-01,1.379743303571428492e-01,1.396484375000000000e-01,1.434151785714285754e-01,1.428571428571428492e-01,1.424386160714285754e-01,1.427176339285714246e-01,1.422991071428571508e-01,1.417410714285714246e-01,1.421595982142857262e-01,1.422991071428571508e-01,1.413225446428571508e-01,1.424386160714285754e-01,1.422991071428571508e-01,1.421595982142857262e-01,1.406250000000000000e-01,1.409040178571428492e-01,1.413225446428571508e-01,1.417410714285714246e-01,1.404854910714285754e-01,1.407645089285714246e-01,1.407645089285714246e-01,1.407645089285714246e-01,1.402064732142857262e-01,1.404854910714285754e-01,1.406250000000000000e-01,1.406250000000000000e-01,1.407645089285714246e-01
1.752232142857142738e-01,1.760602678571428492e-01,1.752232142857142738e-01,1.757812500000000000e-01,1.745256696428571508e-01,1.759207589285714246e-01,1.745256696428571508e-01,1.739676339285714246e-01,1.743861607142857262e-01,1.741071428571428492e-01,1.755022321428571508e-01,1.748046875000000000e-01,1.759207589285714246e-01,1.750837053571428492e-01,1.745256696428571508e-01,1.725725446428571508e-01,1.741071428571428492e-01,1.791294642857142738e-01,1.778738839285714246e-01,1.778738839285714246e-01,1.781529017857142738e-01,1.770368303571428492e-01,1.756417410714285754e-01,1.777343750000000000e-01,1.767578125000000000e-01,1.773158482142857262e-01,1.777343750000000000e-01,1.773158482142857262e-01,1.770368303571428492e-01,1.752232142857142738e-01,1.761997767857142738e-01,1.766183035714285754e-01,1.777343750000000000e-01,1.759207589285714246e-01,1.764787946428571508e-01,1.759207589285714246e-01,1.766183035714285754e-01,1.748046875000000000e-01,1.755022321428571508e-01,1.750837053571428492e-01,1.757812500000000000e-01,1.757812500000000000e-01
1.357421875000000000e-01,1.350446428571428492e-01,1.347656250000000000e-01,1.353236607142857262e-01,1.351841517857142738e-01,1.351841517857142738e-01,1.353236607142857262e-01,1.343470982142857262e-01,1.343470982142857262e-01,1.347656250000000000e-01,1.346261160714285754e-01,1.349051339285714246e-01,1.353236607142857262e-01,1.350446428571428492e-01,1.343470982142857262e-01,1.333705357142857262e-01,1.339285714285714246e-01,1.382533482142857262e-01,1.369977678571428492e-01,1.376953125000000000e-01,1.381138392857142738e-01,1.381138392857142738e-01,1.374162946428571508e-01,1.375558035714285754e-01,1.369977678571428492e-01,1.369977678571428492e-01,1.369977678571428492e-01,1.374162946428571508e-01,1.372767857142857262e-01,1.356026785714285754e-01,1.363002232142857262e-01,1.358816964285714246e-01,1.357421875000000000e-01,1.353236607142857262e-01,1.354631696428571508e-01,1.357421875000000000e-01,1.350446428571428492e-01,1.353236607142857262e-01,1.353236607142857262e-01,1.363002232142857262e-01,1.349051339285714246e-01,1.347656250000000000e-01
5.245535714285714385e-02,5.161830357142856845e-02,5.203683035714285615e-02,5.245535714285714385e-02,5.245535714285714385e-02,5.287388392857143155e-02,5.259486607142856845e-02,5.189732142857143155e-02,5.203683035714285615e-02,5.231584821428571230e-02,5.259486607142856845e-02,5.273437500000000000e-02,5.301339285714285615e-02,5.287388392857143155e-02,5.245535714285714385e-02,5.203683035714285615e-02,5.273437500000000000e-02,5.329241071428571230e-02,5.315290178571428770e-02,5.287388392857143155e-02,5.315290178571428770e-02,5.287388392857143155e-02,5.287388392857143155e-02,5.287388392857143155e-02,5.259486607142856845e-02,5.329241071428571230e-02,5.315290178571428770e-02,5.371093750000000000e-02,5.329241071428571230e-02,5.245535714285714385e-02,5.301339285714285615e-02,5.343191964285714385e-02,5.259486607142856845e-02,5.287388392857143155e-02,5.231584821428571230e-02,5.231584821428571230e-02,5.203683035714285615e-02,5.245535714285714385e-02,5.231584821428571230e-02,5.287388392857143155e-02,5.231584821428571230e-02,5.287388392857143155e-02
6.808035714285713691e-02,6.835937500000000000e-02,6.808035714285713691e-02,6.821986607142857539e-02,6.821986607142857539e-02,6.905691964285713691e-02,6.849888392857142461e-02,6.821986607142857539e-02,6.835937500000000000e-02,6.766183035714286309e-02,6.835937500000000000e-02,6.821986607142857539e-02,6.891741071428571230e-02,6.891741071428571230e-02,6.877790178571428770e-02,6.780133928571428770e-02,6.808035714285713691e-02,6.933593750000000000e-02,6.919642857142857539e-02,6.849888392857142461e-02,6.947544642857142461e-02,6.877790178571428770e-02,6.835937500000000000e-02,6.905691964285713691e-02,6.863839285714286309e-02,6.877790178571428770e-02,6.919642857142857539e-02,6.905691964285713691e-02,6.877790178571428770e-02,6.821986607142857539e-02,6.905691964285713691e-02,6.891741071428571230e-02,6.919642857142857539e-02,6.849888392857142461e-02,6.891741071428571230e-02,6.877790178571428770e-02,6.849888392857142461e-02,6.821986607142857539e-02,6.891741071428571230e-02,6.905691964285713691e-02,6.919642857142857539e-02,6.933593750000000000e-02
9.779575892857142461e-02,9.849330357142857539e-02,9.807477678571428770e-02,9.891183035714286309e-02,9.793526785714286309e-02,9.877232142857142461e-02,9.807477678571428770e-02,9.723772321428571230e-02,9.835379464285713691e-02,9.709821428571428770e-02,9.905133928571428770e-02,9.835379464285713691e-02,9.905133928571428770e-02,9.905133928571428770e-02,9.905133928571428770e-02,9.709821428571428770e-02,9.807477678571428770e-02,9.960937500000000000e-02,9.849330357142857539e-02,9.919084821428571230e-02,9.863281250000000000e-02,9.905133928571428770e-02,9.737723214285713691e-02,9.974888392857142461e-02,9.905133928571428770e-02,9.835379464285713691e-02,9.905133928571428770e-02,9.919084821428571230e-02,1.000279017857142877e-01,9.807477678571428770e-02,9.849330357142857539e-02,9.919084821428571230e-02,9.988839285714286309e-02,9.835379464285713691e-02,9.960937500000000000e-02,9.891183035714286309e-02,9.933035714285713691e-02,9.863281250000000000e-02,9.863281250000000000e-02,9.877232142857142461e-02,9.946986607142857539e-02,9.988839285714286309e-02
6.333705357142857539e-02,6.403459821428571230e-02,6.417410714285713691e-02,6.459263392857142461e-02,6.445312500000000000e-02,6.417410714285713691e-02,6.403459821428571230e-02,6.347656250000000000e-02,6.361607142857142461e-02,6.375558035714286309e-02,6.431361607142857539e-02,6.375558035714286309e-02,6.459263392857142461e-02,6.459263392857142461e-02,6.347656250000000000e-02,6.389508928571428770e-02,6.403459821428571230e-02,6.473214285714286309e-02,6.459263392857142461e-02,6.431361607142857539e-02,6.473214285714286309e-02,6.556919642857142461e-02,6.459263392857142461e-02,6.487165178571428770e-02,6.459263392857142461e-02,6.487165178571428770e-02,6.501116071428571230e-02,6.487165178571428770e-02,6.459263392857142461e-02,6.389508928571428770e-02,6.431361607142857539e-02,6.445312500000000000e-02,6.389508928571428770e-02,6.431361607142857539e-02,6.403459821428571230e-02,6.473214285714286309e-02,6.375558035714286309e-02,6.459263392857142461e-02,6.417410714285713691e-02,6.445312500000000000e-02,6.347656250000000000e-02,6.459263392857142461e-02
-7.575334821428571230e-02,-7.547433035714286309e-02,-7.449776785714286309e-02,-7.407924107142857539e-02,-7.435825892857142461e-02,-7.533482142857142461e-02,-7.296316964285713691e-02,-7.366071428571428770e-02,-7.491629464285713691e-02,-7.282366071428571230e-02,-7.407924107142857539e-02,-7.324218750000000000e-02,-7.366071428571428770e-02,-7.324218750000000000e-02,-7.407924107142857539e-02,-7.296316964285713691e-02,-7.393973214285713691e-02,-7.645089285714286309e-02,-7.589285714285713691e-02,-7.617187500000000000e-02,-7.505580357142857539e-02,-7.477678571428571230e-02,-7.435825892857142461e-02,-7.477678571428571230e-02,-7.589285714285713691e-02,-7.463727678571428770e-02,-7.491629464285713691e-02,-7.463727678571428770e-02,-7.421875000000000000e-02,-7.533482142857142461e-02,-7.505580357142857539e-02,-7.449776785714286309e-02,-7.547433035714286309e-02,-7.491629464285713691e-02,-7.547433035714286309e-02,-7.519531250000000000e-02,-7.533482142857142461e-02,-7.366071428571428770e-02,-7.463727678571428770e-02,-7.296316964285713691e-02,-7.463727678571428770e-02,-7.324218750000000000e-02
1.311383928571428596e-02,1.283482142857142808e-02,1.283482142857142808e-02,1.381138392857142808e-02,1.297433035714285789e-02,1.283482142857142808e-02,1.339285714285714211e-02,1.241629464285714211e-02,1.297433035714285789e-02,1.255580357142857192e-02,1.325334821428571404e-02,1.339285714285714211e-02,1.395089285714285789e-02,1.339285714285714211e-02,1.311383928571428596e-02,1.283482142857142808e-02,1.297433035714285789e-02,1.339285714285714211e-02,1.283482142857142808e-02,1.269531250000000000e-02,1.339285714285714211e-02,1.339285714285714211e-02,1.171875000000000000e-02,1.283482142857142808e-02,1.269531250000000000e-02,1.339285714285714211e-02,1.381138392857142808e-02,1.395089285714285789e-02,1.339285714285714211e-02,1.269531250000000000e-02,1.311383928571428596e-02,1.325334821428571404e-02,1.367187500000000000e-02,1.255580357142857192e-02,1.311383928571428596e-02,1.269531250000000000e-02,1.339285714285714211e-02,1.269531250000000000e-02,1.325334821428571404e-02,1.353236607142857192e-02,1.367187500000000000e-02,1.367187500000000000e-02
5.970982142857143155e-02,6.026785714285714385e-02,5.929129464285714385e-02,6.026785714285714385e-02,5.984933035714285615e-02,6.040736607142856845e-02,6.026785714285714385e-02,5.970982142857143155e-02,6.012834821428571230e-02,5.929129464285714385e-02,5.970982142857143155e-02,6.054687500000000000e-02,6.068638392857143155e-02,6.054687500000000000e-02,6.110491071428571230e-02,5.901227678571428770e-02,6.012834821428571230e-02,6.096540178571428770e-02,6.054687500000000000e-02,6.082589285714285615e-02,6.082589285714285615e-02,6.068638392857143155e-02,5.901227678571428770e-02,6.082589285714285615e-02,6.054687500000000000e-02,5.984933035714285615e-02,6.110491071428571230e-02,6.124441964285714385e-02,6.124441964285714385e-02,5.957031250000000000e-02,6.054687500000000000e-02,6.082589285714285615e-02,6.152343750000000000e-02,6.054687500000000000e-02,6.026785714285714385e-02,6.040736607142856845e-02,6.082589285714285615e-02,6.040736607142856845e-02,6.026785714285714385e-02,6.026785714285714385e-02,6.082589285714285615e-02,6.152343750000000000e-02
4.157366071428571230e-02,4.157366071428571230e-02,4.115513392857143155e-02,4.213169642857143155e-02,4.143415178571428770e-02,4.199218750000000000e-02,4.199218750000000000e-02,4.129464285714285615e-02,4.073660714285714385e-02,4.185267857142856845e-02,4.227120535714285615e-02,4.185267857142856845e-02,4.157366071428571230e-02,4.199218750000000000e-02,4.157366071428571230e-02,4.227120535714285615e-02,4.185267857142856845e-02,4.255022321428571230e-02,4.310825892857143155e-02,4.268973214285714385e-02,4.268973214285714385e-02,4.380580357142856845e-02,4.255022321428571230e-02,4.324776785714285615e-02,4.213169642857143155e-02,4.338727678571428770e-02,4.282924107142856845e-02,4.241071428571428770e-02,4.213169642857143155e-02,4.185267857142856845e-02,4.255022321428571230e-02,4.185267857142856845e-02,4.185267857142856845e-02,4.199218750000000000e-02,4.129464285714285615e-02,4.143415178571428770e-02,4.227120535714285615e-02,4.255022321428571230e-02,4.199218750000000000e-02,4.171316964285714385e-02,4.143415178571428770e-02,4.185267857142856845e-02
-9.347098214285714038e-03,-1.004464285714285789e-02,-9.207589285714285962e-03,-8.928571428571428076e-03,-9.765625000000000000e-03,-9.626116071428571924e-03,-8.649553571428571924e-03,-8.649553571428571924e-03,-1.018415178571428596e-02,-8.510044642857142114e-03,-9.347098214285714038e-03,-9.068080357142857886e-03,-9.347098214285714038e-03,-1.004464285714285789e-02,-1.018415178571428596e-02,-9.068080357142857886e-03,-9.626116071428571924e-03,-9.068080357142857886e-03,-8.928571428571428076e-03,-9.486607142857142114e-03,-8.370535714285714038e-03,-7.672991071428571057e-03,-8.091517857142857886e-03,-8.231026785714285962e-03,-9.626116071428571924e-03,-8.510044642857142114e-03,-8.789062500000000000e-03,-8.928571428571428076e-03,-8.928571428571428076e-03,-9.626116071428571924e-03,-8.789062500000000000e-03,-9.765625000000000000e-03,-1.004464285714285789e-02,-9.765625000000000000e-03,-9.905133928571428076e-03,-9.905133928571428076e-03,-9.765625000000000000e-03,-9.486607142857142114e-03,-9.068080357142857886e-03,-8.928571428571428076e-03,-9.905133928571428076e-03,-9.347098214285714038e-03
7.449776785714286309e-02,7.407924107142857539e-02,7.366071428571428770e-02,7.463727678571428770e-02,7.380022321428571230e-02,7.463727678571428770e-02,7.393973214285713691e-02,7.268415178571428770e-02,7.352120535714286309e-02,7.338169642857142461e-02,7.380022321428571230e-02,7.352120535714286309e-02,7.449776785714286309e-02,7.366071428571428770e-02,7.352120535714286309e-02,7.282366071428571230e-02,7.352120535714286309e-02,7.561383928571428770e-02,7.533482142857142461e-02,7.519531250000000000e-02,7.547433035714286309e-02,7.547433035714286309e-02,7.435825892857142461e-02,7.491629464285713691e-02,7.491629464285713691e-02,7.505580357142857539e-02,7.589285714285713691e-02,7.463727678571428770e-02,7.505580357142857539e-02,7.393973214285713691e-02,7.407924107142857539e-02,7.435825892857142461e-02,7.449776785714286309e-02,7.380022321428571230e-02,7.421875000000000000e-02,7.407924107142857539e-02,7.435825892857142461e-02,7.324218750000000000e-02,7.435825892857142461e-02,7.449776785714286309e-02,7.407924107142857539e-02,7.505580357142857539e-02
1.124441964285714246e-01,1.128627232142857123e-01,1.121651785714285754e-01,1.123046875000000000e-01,1.124441964285714246e-01,1.131417410714285754e-01,1.118861607142857123e-01,1.121651785714285754e-01,1.114676339285714246e-01,1.114676339285714246e-01,1.123046875000000000e-01,1.121651785714285754e-01,1.130022321428571369e-01,1.123046875000000000e-01,1.134207589285714246e-01,1.110491071428571369e-01,1.121651785714285754e-01,1.145368303571428631e-01,1.136997767857142877e-01,1.145368303571428631e-01,1.138392857142857123e-01,1.139787946428571369e-01,1.120256696428571369e-01,1.143973214285714246e-01,1.142578125000000000e-01,1.131417410714285754e-01,1.139787946428571369e-01,1.134207589285714246e-01,1.142578125000000000e-01,1.125837053571428631e-01,1.134207589285714246e-01,1.132812500000000000e-01,1.145368303571428631e-01,1.131417410714285754e-01,1.132812500000000000e-01,1.132812500000000000e-01,1.136997767857142877e-01,1.125837053571428631e-01,1.132812500000000000e-01,1.135602678571428631e-01,1.136997767857142877e-01,1.131417410714285754e-01
8.356584821428571230e-02,8.314732142857142461e-02,8.300781250000000000e-02,8.426339285714286309e-02,8.342633928571428770e-02,8.314732142857142461e-02,8.370535714285713691e-02,8.244977678571428770e-02,8.231026785714286309e-02,8.356584821428571230e-02,8.286830357142857539e-02,8.342633928571428770e-02,8.328683035714286309e-02,8.314732142857142461e-02,8.217075892857142461e-02,8.314732142857142461e-02,8.300781250000000000e-02,8.482142857142857539e-02,8.496093750000000000e-02,8.523995535714286309e-02,8.482142857142857539e-02,8.482142857142857539e-02,8.440290178571428770e-02,8.510044642857142461e-02,8.440290178571428770e-02,8.510044642857142461e-02,8.510044642857142461e-02,8.426339285714286309e-02,8.426339285714286309e-02,8.384486607142857539e-02,8.412388392857142461e-02,8.342633928571428770e-02,8.384486607142857539e-02,8.328683035714286309e-02,8.342633928571428770e-02,8.314732142857142461e-02,8.412388392857142461e-02,8.328683035714286309e-02,8.398437500000000000e-02,8.356584821428571230e-02,8.314732142857142461e-02,8.384486607142857539e-02
-2.441406250000000000e-02,-2.385602678571428423e-02,-2.399553571428571577e-02,-2.301897321428571577e-02,-2.315848214285714385e-02,-2.343750000000000000e-02,-2.273995535714285615e-02,-2.343750000000000000e-02,-2.413504464285714385e-02,-2.329799107142857192e-02,-2.273995535714285615e-02,-2.246093750000000000e-02,-2.218191964285714385e-02,-2.218191964285714385e-02,-2.287946428571428423e-02,-2.246093750000000000e-02,-2.287946428571428423e-02,-2.343750000000000000e-02,-2.413504464285714385e-02,-2.427455357142857192e-02,-2.315848214285714385e-02,-2.260044642857142808e-02,-2.315848214285714385e-02,-2.301897321428571577e-02,-2.441406250000000000e-02,-2.287946428571428423e-02,-2.315848214285714385e-02,-2.343750000000000000e-02,-2.301897321428571577e-02,-2.385602678571428423e-02,-2.329799107142857192e-02,-2.343750000000000000e-02,-2.371651785714285615e-02,-2.385602678571428423e-02,-2.315848214285714385e-02,-2.260044642857142808e-02,-2.260044642857142808e-02,-2.329799107142857192e-02,-2.287946428571428423e-02,-2.273995535714285615e-02,-2.287946428571428423e-02,-2.273995535714285615e-02
-6.138392857142857019e-03,-4.882812500000000000e-03,-4.743303571428571057e-03,-4.743303571428571057e-03,-5.161830357142857019e-03,-3.906250000000000000e-03,-4.743303571428571057e-03,-4.743303571428571057e-03,-5.022321428571428943e-03,-4.185267857142857019e-03,-4.185267857142857019e-03,-4.185267857142857019e-03,-3.906250000000000000e-03,-3.766741071428571491e-03,-4.045758928571428943e-03,-5.301339285714285962e-03,-3.627232142857142981e-03,-5.022321428571428943e-03,-5.719866071428571057e-03,-4.045758928571428943e-03,-5.301339285714285962e-03,-4.324776785714285962e-03,-5.440848214285714038e-03,-4.882812500000000000e-03,-4.464285714285714038e-03,-4.743303571428571057e-03,-4.743303571428571057e-03,-4.743303571428571057e-03,-4.464285714285714038e-03,-4.603794642857142981e-03,-5.022321428571428943e-03,-4.882812500000000000e-03,-4.464285714285714038e-03,-4.743303571428571057e-03,-4.743303571428571057e-03,-4.324776785714285962e-03,-4.464285714285714038e-03,-4.603794642857142981e-03,-3.906250000000000000e-03,-4.464285714285714038e-03,-4.185267857142857019e-03,-3.627232142857142981e-03
2.929687500000000000e-02,3.027343750000000000e-02,2.943638392857142808e-02,3.013392857142857192e-02,3.013392857142857192e-02,3.041294642857142808e-02,2.901785714285714385e-02,2.901785714285714385e-02,3.055245535714285615e-02,2.957589285714285615e-02,2.985491071428571577e-02,2.901785714285714385e-02,3.111049107142857192e-02,3.083147321428571577e-02,3.041294642857142808e-02,2.929687500000000000e-02,3.083147321428571577e-02,2.985491071428571577e-02,2.915736607142857192e-02,3.013392857142857192e-02,2.943638392857142808e-02,2.929687500000000000e-02,2.873883928571428423e-02,2.985491071428571577e-02,2.985491071428571577e-02,2.943638392857142808e-02,3.041294642857142808e-02,3.041294642857142808e-02,3.027343750000000000e-02,2.971540178571428423e-02,3.013392857142857192e-02,3.055245535714285615e-02,3.083147321428571577e-02,2.999441964285714385e-02,3.083147321428571577e-02,3.083147321428571577e-02,3.138950892857143155e-02,3.013392857142857192e-02,2.971540178571428423e-02,3.125000000000000000e-02,3.069196428571428423e-02,3.013392857142857192e-02
6.417410714285714038e-03,7.672991071428571057e-03,7.533482142857142981e-03,7.812500000000000000e-03,7.393973214285714038e-03,7.672991071428571057e-03,7.952008928571428076e-03,7.533482142857142981e-03,7.114955357142857019e-03,7.812500000000000000e-03,8.091517857142857886e-03,7.952008928571428076e-03,7.952008928571428076e-03,8.091517857142857886e-03,7.812500000000000000e-03,7.812500000000000000e-03,8.510044642857142114e-03,8.091517857142857886e-03,7.952008928571428076e-03,8.091517857142857886e-03,7.812500000000000000e-03,8.789062500000000000e-03,7.952008928571428076e-03,8.510044642857142114e-03,7.533482142857142981e-03,8.370535714285714038e-03,8.231026785714285962e-03,8.370535714285714038e-03,8.370535714285714038e-03,7.812500000000000000e-03,8.231026785714285962e-03,7.393973214285714038e-03,7.254464285714285962e-03,7.812500000000000000e-03,7.812500000000000000e-03,7.672991071428571057e-03,8.231026785714285962e-03,8.510044642857142114e-03,8.231026785714285962e-03,8.510044642857142114e-03,7.952008928571428076e-03,7.952008928571428076e-03
-1.245814732142857123e-01,-1.241629464285714246e-01,-1.234654017857142877e-01,-1.233258928571428631e-01,-1.234654017857142877e-01,-1.229073660714285754e-01,-1.226283482142857123e-01,-1.230468750000000000e-01,-1.236049107142857123e-01,-1.222098214285714246e-01,-1.224888392857142877e-01,-1.222098214285714246e-01,-1.217912946428571369e-01,-1.216517857142857123e-01,-1.224888392857142877e-01,-1.215122767857142877e-01,-1.219308035714285754e-01,-1.255580357142857262e-01,-1.250000000000000000e-01,-1.251395089285714246e-01,-1.248604910714285754e-01,-1.241629464285714246e-01,-1.244419642857142877e-01,-1.240234375000000000e-01,-1.248604910714285754e-01,-1.233258928571428631e-01,-1.231863839285714246e-01,-1.241629464285714246e-01,-1.236049107142857123e-01,-1.245814732142857123e-01,-1.233258928571428631e-01,-1.234654017857142877e-01,-1.236049107142857123e-01,-1.236049107142857123e-01,-1.233258928571428631e-01,-1.229073660714285754e-01,-1.233258928571428631e-01,-1.226283482142857123e-01,-1.224888392857142877e-01,-1.224888392857142877e-01,-1.231863839285714246e-01,-1.230468750000000000e-01
-6.640625000000000000e-02,-6.445312500000000000e-02,-6.473214285714286309e-02,-6.473214285714286309e-02,-6.487165178571428770e-02,-6.445312500000000000e-02,-6.459263392857142461e-02,-6.417410714285713691e-02,-6.389508928571428770e-02,-6.389508928571428770e-02,-6.417410714285713691e-02,-6.389508928571428770e-02,-6.375558035714286309e-02,-6.403459821428571230e-02,-6.319754464285713691e-02,-6.389508928571428770e-02,-6.319754464285713691e-02,-6.542968750000000000e-02,-6.626674107142857539e-02,-6.515066964285713691e-02,-6.612723214285713691e-02,-6.501116071428571230e-02,-6.584821428571428770e-02,-6.473214285714286309e-02,-6.529017857142857539e-02,-6.515066964285713691e-02,-6.473214285714286309e-02,-6.487165178571428770e-02,-6.431361607142857539e-02,-6.529017857142857539e-02,-6.487165178571428770e-02,-6.403459821428571230e-02,-6.431361607142857539e-02,-6.487165178571428770e-02,-6.445312500000000000e-02,-6.431361607142857539e-02,-6.375558035714286309e-02,-6.361607142857142461e-02,-6.445312500000000000e-02,-6.403459821428571230e-02,-6.375558035714286309e-02,-6.347656250000000000e-02
-1.646205357142857192e-02,-1.548549107142857192e-02,-1.576450892857142808e-02,-1.506696428571428596e-02,-1.604352678571428423e-02,-1.478794642857142808e-02,-1.590401785714285615e-02,-1.562500000000000000e-02,-1.520647321428571404e-02,-1.576450892857142808e-02,-1.492745535714285789e-02,-1.548549107142857192e-02,-1.450892857142857192e-02,-1.464843750000000000e-02,-1.450892857142857192e-02,-1.548549107142857192e-02,-1.395089285714285789e-02,-1.632254464285714385e-02,-1.785714285714285615e-02,-1.604352678571428423e-02,-1.660156250000000000e-02,-1.660156250000000000e-02,-1.799665178571428423e-02,-1.618303571428571577e-02,-1.646205357142857192e-02,-1.674107142857142808e-02,-1.590401785714285615e-02,-1.548549107142857192e-02,-1.492745535714285789e-02,-1.618303571428571577e-02,-1.534598214285714211e-02,-1.506696428571428596e-02,-1.464843750000000000e-02,-1.618303571428571577e-02,-1.492745535714285789e-02,-1.450892857142857192e-02,-1.450892857142857192e-02,-1.562500000000000000e-02,-1.562500000000000000e-02,-1.478794642857142808e-02,-1.506696428571428596e-02,-1.492745535714285789e-02
-2.553013392857142808e-02,-2.553013392857142808e-02,-2.469308035714285615e-02,-2.553013392857142808e-02,-2.525111607142857192e-02,-2.525111607142857192e-02,-2.385602678571428423e-02,-2.497209821428571577e-02,-2.553013392857142808e-02,-2.483258928571428423e-02,-2.511160714285714385e-02,-2.455357142857142808e-02,-2.497209821428571577e-02,-2.483258928571428423e-02,-2.497209821428571577e-02,-2.497209821428571577e-02,-2.497209821428571577e-02,-2.608816964285714385e-02,-2.511160714285714385e-02,-2.539062500000000000e-02,-2.539062500000000000e-02,-2.497209821428571577e-02,-2.483258928571428423e-02,-2.497209821428571577e-02,-2.580915178571428423e-02,-2.566964285714285615e-02,-2.497209821428571577e-02,-2.525111607142857192e-02,-2.427455357142857192e-02,-2.580915178571428423e-02,-2.497209821428571577e-02,-2.525111607142857192e-02,-2.497209821428571577e-02,-2.511160714285714385e-02,-2.553013392857142808e-02,-2.511160714285714385e-02,-2.483258928571428423e-02,-2.483258928571428423e-02,-2.455357142857142808e-02,-2.455357142857142808e-02,-2.511160714285714385e-02,-2.455357142857142808e-02
-1.227678571428571369e-01,-1.229073660714285754e-01,-1.231863839285714246e-01,-1.226283482142857123e-01,-1.227678571428571369e-01,-1.224888392857142877e-01,-1.217912946428571369e-01,-1.219308035714285754e-01,-1.224888392857142877e-01,-1.209542410714285754e-01,-1.208147321428571369e-01,-1.202566964285714246e-01,-1.210937500000000000e-01,-1.212332589285714246e-01,-1.219308035714285754e-01,-1.203962053571428631e-01,-1.203962053571428631e-01,-1.250000000000000000e-01,-1.245814732142857123e-01,-1.241629464285714246e-01,-1.241629464285714246e-01,-1.236049107142857123e-01,-1.237444196428571369e-01,-1.230468750000000000e-01,-1.245814732142857123e-01,-1.234654017857142877e-01,-1.231863839285714246e-01,-1.240234375000000000e-01,-1.230468750000000000e-01,-1.237444196428571369e-01,-1.236049107142857123e-01,-1.240234375000000000e-01,-1.230468750000000000e-01,-1.234654017857142877e-01,-1.227678571428571369e-01,-1.229073660714285754e-01,-1.226283482142857123e-01,-1.223493303571428631e-01,-1.217912946428571369e-01,-1.223493303571428631e-01,-1.223493303571428631e-01,-1.215122767857142877e-01
-2.204241071428571577e-02,-2.106584821428571577e-02,-2.148437500000000000e-02,-2.148437500000000000e-02,-2.106584821428571577e-02,-2.092633928571428423e-02,-2.078683035714285615e-02,-2.092633928571428423e-02,-2.064732142857142808e-02,-2.008928571428571577e-02,-2.036830357142857192e-02,-2.050781250000000000e-02,-2.050781250000000000e-02,-1.967075892857142808e-02,-1.994977678571428423e-02,-2.050781250000000000e-02,-1.981026785714285615e-02,-2.176339285714285615e-02,-2.246093750000000000e-02,-2.204241071428571577e-02,-2.176339285714285615e-02,-2.190290178571428423e-02,-2.273995535714285615e-02,-2.134486607142857192e-02,-2.176339285714285615e-02,-2.218191964285714385e-02,-2.190290178571428423e-02,-2.190290178571428423e-02,-2.092633928571428423e-02,-2.232142857142857192e-02,-2.134486607142857192e-02,-2.106584821428571577e-02,-2.064732142857142808e-02,-2.176339285714285615e-02,-2.078683035714285615e-02,-2.078683035714285615e-02,-2.092633928571428423e-02,-2.106584821428571577e-02,-2.078683035714285615e-02,-2.036830357142857192e-02,-2.050781250000000000e-02,-2.078683035714285615e-02
2.957589285714285615e-02,2.971540178571428423e-02,2.971540178571428423e-02,3.055245535714285615e-02,2.929687500000000000e-02,3.111049107142857192e-02,3.027343750000000000e-02,2.943638392857142808e-02,3.097098214285714385e-02,3.013392857142857192e-02,3.125000000000000000e-02,3.083147321428571577e-02,3.166852678571428770e-02,3.083147321428571577e-02,3.166852678571428770e-02,2.971540178571428423e-02,3.166852678571428770e-02,2.999441964285714385e-02,2.943638392857142808e-02,3.027343750000000000e-02,3.013392857142857192e-02,2.985491071428571577e-02,2.804129464285714385e-02,2.901785714285714385e-02,2.985491071428571577e-02,2.901785714285714385e-02,2.999441964285714385e-02,3.111049107142857192e-02,3.083147321428571577e-02,2.873883928571428423e-02,2.943638392857142808e-02,3.111049107142857192e-02,3.055245535714285615e-02,2.971540178571428423e-02,3.083147321428571577e-02,3.069196428571428423e-02,3.138950892857143155e-02,3.069196428571428423e-02,3.083147321428571577e-02,3.027343750000000000e-02,3.111049107142857192e-02,3.166852678571428770e-02
1.841517857142857192e-02,1.799665178571428423e-02,1.827566964285714385e-02,1.827566964285714385e-02,1.813616071428571577e-02,1.869419642857142808e-02,1.925223214285714385e-02,1.869419642857142808e-02,1.813616071428571577e-02,1.897321428571428423e-02,1.869419642857142808e-02,1.911272321428571577e-02,1.925223214285714385e-02,1.911272321428571577e-02,1.813616071428571577e-02,1.855468750000000000e-02,1.897321428571428423e-02,1.897321428571428423e-02,1.869419642857142808e-02,1.799665178571428423e-02,1.883370535714285615e-02,1.897321428571428423e-02,1.897321428571428423e-02,1.925223214285714385e-02,1.799665178571428423e-02,1.855468750000000000e-02,1.911272321428571577e-02,1.855468750000000000e-02,1.855468750000000000e-02,1.841517857142857192e-02,1.855468750000000000e-02,1.841517857142857192e-02,1.855468750000000000e-02,1.841517857142857192e-02,1.869419642857142808e-02,1.855468750000000000e-02,1.841517857142857192e-02,1.855468750000000000e-02,1.897321428571428423e-02,1.841517857142857192e-02,1.841517857142857192e-02,1.883370535714285615e-02
-2.636718750000000000e-02,-2.594866071428571577e-02,-2.608816964285714385e-02,-2.594866071428571577e-02,-2.636718750000000000e-02,-2.692522321428571577e-02,-2.511160714285714385e-02,-2.553013392857142808e-02,-2.706473214285714385e-02,-2.553013392857142808e-02,-2.566964285714285615e-02,-2.553013392857142808e-02,-2.664620535714285615e-02,-2.553013392857142808e-02,-2.650669642857142808e-02,-2.497209821428571577e-02,-2.539062500000000000e-02,-2.608816964285714385e-02,-2.594866071428571577e-02,-2.636718750000000000e-02,-2.580915178571428423e-02,-2.511160714285714385e-02,-2.566964285714285615e-02,-2.539062500000000000e-02,-2.650669642857142808e-02,-2.483258928571428423e-02,-2.594866071428571577e-02,-2.580915178571428423e-02,-2.622767857142857192e-02,-2.664620535714285615e-02,-2.678571428571428423e-02,-2.622767857142857192e-02,-2.664620535714285615e-02,-2.650669642857142808e-02,-2.622767857142857192e-02,-2.692522321428571577e-02,-2.664620535714285615e-02,-2.580915178571428423e-02,-2.511160714285714385e-02,-2.678571428571428423e-02,-2.594866071428571577e-02,-2.566964285714285615e-02
6.068638392857143155e-02,6.026785714285714385e-02,6.068638392857143155e-02,6.040736607142856845e-02,6.040736607142856845e-02,6.068638392857143155e-02,6.054687500000000000e-02,5.998883928571428770e-02,6.096540178571428770e-02,6.012834821428571230e-02,6.096540178571428770e-02,6.068638392857143155e-02,6.068638392857143155e-02,6.040736607142856845e-02,6.096540178571428770e-02,6.012834821428571230e-02,6.068638392857143155e-02,6.124441964285714385e-02,6.124441964285714385e-02,6.124441964285714385e-02,6.194196428571428770e-02,6.138392857142856845e-02,6.082589285714285615e-02,6.152343750000000000e-02,6.124441964285714385e-02,6.082589285714285615e-02,6.166294642857143155e-02,6.166294642857143155e-02,6.138392857142856845e-02,5.957031250000000000e-02,6.082589285714285615e-02,6.096540178571428770e-02,6.166294642857143155e-02,5.998883928571428770e-02,6.110491071428571230e-02,6.068638392857143155e-02,6.124441964285714385e-02,6.026785714285714385e-02,6.096540178571428770e-02,6.096540178571428770e-02,6.124441964285714385e-02,6.166294642857143155e-02
1.025390625000000000e-01,1.025390625000000000e-01,1.017020089285714246e-01,1.030970982142857123e-01,1.023995535714285754e-01,1.037946428571428631e-01,1.022600446428571369e-01,1.010044642857142877e-01,1.035156250000000000e-01,1.025390625000000000e-01,1.026785714285714246e-01,1.033761160714285754e-01,1.033761160714285754e-01,1.028180803571428631e-01,1.032366071428571369e-01,1.010044642857142877e-01,1.029575892857142877e-01,1.036551339285714246e-01,1.036551339285714246e-01,1.040736607142857123e-01,1.037946428571428631e-01,1.029575892857142877e-01,1.023995535714285754e-01,1.032366071428571369e-01,1.037946428571428631e-01,1.029575892857142877e-01,1.035156250000000000e-01,1.037946428571428631e-01,1.037946428571428631e-01,1.018415178571428631e-01,1.029575892857142877e-01,1.043526785714285754e-01,1.042131696428571369e-01,1.025390625000000000e-01,1.033761160714285754e-01,1.032366071428571369e-01,1.040736607142857123e-01,1.019810267857142877e-01,1.022600446428571369e-01,1.028180803571428631e-01,1.036551339285714246e-01,1.036551339285714246e-01
7.617187500000000000e-02,7.561383928571428770e-02,7.631138392857142461e-02,7.603236607142857539e-02,7.505580357142857539e-02,7.589285714285713691e-02,7.575334821428571230e-02,7.463727678571428770e-02,7.533482142857142461e-02,7.561383928571428770e-02,7.561383928571428770e-02,7.561383928571428770e-02,7.603236607142857539e-02,7.603236607142857539e-02,7.477678571428571230e-02,7.505580357142857539e-02,7.463727678571428770e-02,7.812500000000000000e-02,7.700892857142857539e-02,7.700892857142857539e-02,7.770647321428571230e-02,7.770647321428571230e-02,7.659040178571428770e-02,7.714843750000000000e-02,7.631138392857142461e-02,7.700892857142857539e-02,7.645089285714286309e-02,7.659040178571428770e-02,7.631138392857142461e-02,7.575334821428571230e-02,7.603236607142857539e-02,7.589285714285713691e-02,7.617187500000000000e-02,7.533482142857142461e-02,7.603236607142857539e-02,7.631138392857142461e-02,7.575334821428571230e-02,7.533482142857142461e-02,7.659040178571428770e-02,7.533482142857142461e-02,7.575334821428571230e-02,7.561383928571428770e-02
-1.018415178571428596e-02,-9.347098214285714038e-03,-1.004464285714285789e-02,-9.347098214285714038e-03,-9.347098214285714038e-03,-8.928571428571428076e-03,-8.649553571428571924e-03,-9.068080357142857886e-03,-9.207589285714285962e-03,-9.347098214285714038e-03,-8.928571428571428076e-03,-8.510044642857142114e-03,-9.347098214285714038e-03,-8.649553571428571924e-03,-9.207589285714285962e-03,-8.928571428571428076e-03,-8.649553571428571924e-03,-9.905133928571428076e-03,-9.905133928571428076e-03,-9.765625000000000000e-03,-9.068080357142857886e-03,-9.207589285714285962e-03,-9.068080357142857886e-03,-9.486607142857142114e-03,-9.486607142857142114e-03,-9.765625000000000000e-03,-9.347098214285714038e-03,-9.207589285714285962e-03,-8.649553571428571924e-03,-9.905133928571428076e-03,-9.765625000000000000e-03,-9.347098214285714038e-03,-9.207589285714285962e-03,-9.626116071428571924e-03,-9.486607142857142114e-03,-8.789062500000000000e-03,-9.486607142857142114e-03,-8.789062500000000000e-03,-9.068080357142857886e-03,-9.207589285714285962e-03,-8.370535714285714038e-03,-8.091517857142857886e-03
1.074218750000000000e-02,1.102120535714285789e-02,1.074218750000000000e-02,1.130022321428571404e-02,1.130022321428571404e-02,1.185825892857142808e-02,1.102120535714285789e-02,1.018415178571428596e-02,1.185825892857142808e-02,1.130022321428571404e-02,1.199776785714285789e-02,1.199776785714285789e-02,1.297433035714285789e-02,1.171875000000000000e-02,1.185825892857142808e-02,1.185825892857142808e-02,1.171875000000000000e-02,1.088169642857142808e-02,1.130022321428571404e-02,1.102120535714285789e-02,1.199776785714285789e-02,1.157924107142857192e-02,1.088169642857142808e-02,1.130022321428571404e-02,1.143973214285714211e-02,1.143973214285714211e-02,1.143973214285714211e-02,1.241629464285714211e-02,1.157924107142857192e-02,1.074218750000000000e-02,1.143973214285714211e-02,1.143973214285714211e-02,1.227678571428571404e-02,1.046316964285714211e-02,1.157924107142857192e-02,1.241629464285714211e-02,1.227678571428571404e-02,1.102120535714285789e-02,1.171875000000000000e-02,1.157924107142857192e-02,1.227678571428571404e-02,1.283482142857142808e-02
4.603794642857143155e-02,4.673549107142856845e-02,4.631696428571428770e-02,4.673549107142856845e-02,4.687500000000000000e-02,4.701450892857143155e-02,4.631696428571428770e-02,4.547991071428571230e-02,4.757254464285714385e-02,4.687500000000000000e-02,4.631696428571428770e-02,4.687500000000000000e-02,4.813058035714285615e-02,4.715401785714285615e-02,4.743303571428571230e-02,4.589843750000000000e-02,4.785156250000000000e-02,4.631696428571428770e-02,4.603794642857143155e-02,4.659598214285714385e-02,4.701450892857143155e-02,4.631696428571428770e-02,4.589843750000000000e-02,4.617745535714285615e-02,4.715401785714285615e-02,4.561941964285714385e-02,4.659598214285714385e-02,4.813058035714285615e-02,4.729352678571428770e-02,4.589843750000000000e-02,4.603794642857143155e-02,4.715401785714285615e-02,4.729352678571428770e-02,4.603794642857143155e-02,4.743303571428571230e-02,4.701450892857143155e-02,4.743303571428571230e-02,4.561941964285714385e-02,4.603794642857143155e-02,4.701450892857143155e-02,4.785156250000000000e-02,4.827008928571428770e-02
2.148437500000000000e-02,2.176339285714285615e-02,2.148437500000000000e-02,2.148437500000000000e-02,2.106584821428571577e-02,2.218191964285714385e-02,2.176339285714285615e-02,2.162388392857142808e-02,2.162388392857142808e-02,2.176339285714285615e-02,2.273995535714285615e-02,2.204241071428571577e-02,2.176339285714285615e-02,2.162388392857142808e-02,2.134486607142857192e-02,2.204241071428571577e-02,2.246093750000000000e-02,2.218191964285714385e-02,2.204241071428571577e-02,2.162388392857142808e-02,2.273995535714285615e-02,2.315848214285714385e-02,2.204241071428571577e-02,2.315848214285714385e-02,2.176339285714285615e-02,2.204241071428571577e-02,2.246093750000000000e-02,2.190290178571428423e-02,2.232142857142857192e-02,2.176339285714285615e-02,2.162388392857142808e-02,2.148437500000000000e-02,2.190290178571428423e-02,2.176339285714285615e-02,2.246093750000000000e-02,2.190290178571428423e-02,2.246093750000000000e-02,2.148437500000000000e-02,2.232142857142857192e-02,2.092633928571428423e-02,2.204241071428571577e-02,2.218191964285714385e-02
-6.877790178571428770e-02,-6.724330357142857539e-02,-6.710379464285713691e-02,-6.738281250000000000e-02,-6.738281250000000000e-02,-6.752232142857142461e-02,-6.654575892857142461e-02,-6.696428571428571230e-02,-6.780133928571428770e-02,-6.682477678571428770e-02,-6.612723214285713691e-02,-6.626674107142857539e-02,-6.752232142857142461e-02,-6.668526785714286309e-02,-6.724330357142857539e-02,-6.598772321428571230e-02,-6.626674107142857539e-02,-6.738281250000000000e-02,-6.794084821428571230e-02,-6.780133928571428770e-02,-6.752232142857142461e-02,-6.696428571428571230e-02,-6.668526785714286309e-02,-6.654575892857142461e-02,-6.794084821428571230e-02,-6.710379464285713691e-02,-6.752232142857142461e-02,-6.640625000000000000e-02,-6.766183035714286309e-02,-6.766183035714286309e-02,-6.752232142857142461e-02,-6.752232142857142461e-02,-6.766183035714286309e-02,-6.780133928571428770e-02,-6.738281250000000000e-02,-6.738281250000000000e-02,-6.752232142857142461e-02,-6.668526785714286309e-02,-6.668526785714286309e-02,-6.654575892857142461e-02,-6.724330357142857539e-02,-6.682477678571428770e-02
2.273995535714285615e-02,2.315848214285714385e-02,2.260044642857142808e-02,2.399553571428571577e-02,2.315848214285714385e-02,2.315848214285714385e-02,2.329799107142857192e-02,2.218191964285714385e-02,2.371651785714285615e-02,2.246093750000000000e-02,2.413504464285714385e-02,2.371651785714285615e-02,2.413504464285714385e-02,2.371651785714285615e-02,2.329799107142857192e-02,2.287946428571428423e-02,2.455357142857142808e-02,2.357700892857142808e-02,2.329799107142857192e-02,2.343750000000000000e-02,2.357700892857142808e-02,2.343750000000000000e-02,2.315848214285714385e-02,2.329799107142857192e-02,2.329799107142857192e-02,2.371651785714285615e-02,2.371651785714285615e-02,2.427455357142857192e-02,2.357700892857142808e-02,2.273995535714285615e-02,2.273995535714285615e-02,2.385602678571428423e-02,2.371651785714285615e-02,2.246093750000000000e-02,2.371651785714285615e-02,2.329799107142857192e-02,2.343750000000000000e-02,2.301897321428571577e-02,2.343750000000000000e-02,2.315848214285714385e-02,2.343750000000000000e-02,2.427455357142857192e-02
6.682477678571428770e-02,6.696428571428571230e-02,6.682477678571428770e-02,6.794084821428571230e-02,6.780133928571428770e-02,6.780133928571428770e-02,6.710379464285713691e-02,6.710379464285713691e-02,6.821986607142857539e-02,6.654575892857142461e-02,6.738281250000000000e-02,6.738281250000000000e-02,6.919642857142857539e-02,6.780133928571428770e-02,6.794084821428571230e-02,6.640625000000000000e-02,6.752232142857142461e-02,6.808035714285713691e-02,6.794084821428571230e-02,6.821986607142857539e-02,6.891741071428571230e-02,6.752232142857142461e-02,6.724330357142857539e-02,6.780133928571428770e-02,6.724330357142857539e-02,6.696428571428571230e-02,6.794084821428571230e-02,6.863839285714286309e-02,6.891741071428571230e-02,6.710379464285713691e-02,6.794084821428571230e-02,6.849888392857142461e-02,6.849888392857142461e-02,6.766183035714286309e-02,6.808035714285713691e-02,6.835937500000000000e-02,6.808035714285713691e-02,6.654575892857142461e-02,6.668526785714286309e-02,6.794084821428571230e-02,6.794084821428571230e-02,6.863839285714286309e-02
4.673549107142856845e-02,4.715401785714285615e-02,4.631696428571428770e-02,4.701450892857143155e-02,4.603794642857143155e-02,4.673549107142856845e-02,4.729352678571428770e-02,4.589843750000000000e-02,4.603794642857143155e-02,4.659598214285714385e-02,4.673549107142856845e-02,4.659598214285714385e-02,4.687500000000000000e-02,4.673549107142856845e-02,4.645647321428571230e-02,4.589843750000000000e-02,4.659598214285714385e-02,4.813058035714285615e-02,4.771205357142856845e-02,4.771205357142856845e-02,4.729352678571428770e-02,4.785156250000000000e-02,4.757254464285714385e-02,4.813058035714285615e-02,4.729352678571428770e-02,4.785156250000000000e-02,4.771205357142856845e-02,4.757254464285714385e-02,4.757254464285714385e-02,4.715401785714285615e-02,4.701450892857143155e-02,4.659598214285714385e-02,4.715401785714285615e-02,4.659598214285714385e-02,4.701450892857143155e-02,4.631696428571428770e-02,4.687500000000000000e-02,4.673549107142856845e-02,4.673549107142856845e-02,4.631696428571428770e-02,4.687500000000000000e-02,4.743303571428571230e-02
-1.534598214285714255e-03,-6.975446428571428726e-04,-8.370535714285713821e-04,-2.790178571428571274e-04,-2.790178571428571274e-04,0.000000000000000000e+00,9.765625000000000000e-04,-2.790178571428571274e-04,-1.395089285714285745e-03,-6.975446428571428726e-04,-1.395089285714285637e-04,-5.580357142857142547e-04,-1.255580357142857236e-03,-5.580357142857142547e-04,-1.395089285714285745e-03,-4.185267857142856911e-04,-9.765625000000000000e-04,1.395089285714285745e-03,4.185267857142856911e-04,4.185267857142856911e-04,5.580357142857142547e-04,9.765625000000000000e-04,1.116071428571428509e-03,8.370535714285713821e-04,-2.790178571428571274e-04,6.975446428571428726e-04,8.370535714285713821e-04,4.185267857142856911e-04,2.790178571428571274e-04,5.580357142857142547e-04,-2.790178571428571274e-04,-5.580357142857142547e-04,-6.975446428571428726e-04,-6.975446428571428726e-04,-1.395089285714285637e-04,-6.975446428571428726e-04,-8.370535714285713821e-04,6.975446428571428726e-04,0.000000000000000000e+00,5.580357142857142547e-04,-5.580357142857142547e-04,-1.395089285714285637e-04
8.077566964285713691e-02,8.091517857142857539e-02,8.063616071428571230e-02,8.231026785714286309e-02,8.063616071428571230e-02,8.119419642857142461e-02,8.077566964285713691e-02,8.007812500000000000e-02,8.105468750000000000e-02,8.077566964285713691e-02,8.077566964285713691e-02,8.035714285714286309e-02,8.105468750000000000e-02,8.119419642857142461e-02,8.105468750000000000e-02,7.993861607142857539e-02,8.063616071428571230e-02,8.300781250000000000e-02,8.300781250000000000e-02,8.272879464285713691e-02,8.286830357142857539e-02,8.203125000000000000e-02,8.147321428571428770e-02,8.203125000000000000e-02,8.175223214285713691e-02,8.189174107142857539e-02,8.231026785714286309e-02,8.314732142857142461e-02,8.203125000000000000e-02,8.077566964285713691e-02,8.203125000000000000e-02,8.189174107142857539e-02,8.175223214285713691e-02,8.091517857142857539e-02,8.189174107142857539e-02,8.105468750000000000e-02,8.161272321428571230e-02,8.091517857142857539e-02,8.119419642857142461e-02,8.105468750000000000e-02,8.147321428571428770e-02,8.189174107142857539e-02
1.199776785714285754e-01,1.191406250000000000e-01,1.185825892857142877e-01,1.196986607142857123e-01,1.188616071428571369e-01,1.201171875000000000e-01,1.180245535714285754e-01,1.177455357142857123e-01,1.198381696428571369e-01,1.180245535714285754e-01,1.188616071428571369e-01,1.188616071428571369e-01,1.201171875000000000e-01,1.191406250000000000e-01,1.194196428571428631e-01,1.178850446428571369e-01,1.188616071428571369e-01,1.215122767857142877e-01,1.209542410714285754e-01,1.209542410714285754e-01,1.216517857142857123e-01,1.205357142857142877e-01,1.191406250000000000e-01,1.199776785714285754e-01,1.199776785714285754e-01,1.202566964285714246e-01,1.203962053571428631e-01,1.212332589285714246e-01,1.199776785714285754e-01,1.187220982142857123e-01,1.199776785714285754e-01,1.199776785714285754e-01,1.209542410714285754e-01,1.191406250000000000e-01,1.192801339285714246e-01,1.199776785714285754e-01,1.202566964285714246e-01,1.183035714285714246e-01,1.184430803571428631e-01,1.190011160714285754e-01,1.198381696428571369e-01,1.201171875000000000e-01
8.789062500000000000e-02,8.733258928571428770e-02,8.733258928571428770e-02,8.803013392857142461e-02,8.803013392857142461e-02,8.775111607142857539e-02,8.858816964285713691e-02,8.761160714285713691e-02,8.761160714285713691e-02,8.761160714285713691e-02,8.803013392857142461e-02,8.747209821428571230e-02,8.691406250000000000e-02,8.747209821428571230e-02,8.733258928571428770e-02,8.677455357142857539e-02,8.761160714285713691e-02,9.040178571428571230e-02,8.984375000000000000e-02,8.928571428571428770e-02,8.942522321428571230e-02,8.956473214285713691e-02,8.886718750000000000e-02,8.998325892857142461e-02,8.886718750000000000e-02,8.886718750000000000e-02,8.928571428571428770e-02,8.928571428571428770e-02,8.942522321428571230e-02,8.844866071428571230e-02,8.803013392857142461e-02,8.858816964285713691e-02,8.886718750000000000e-02,8.775111607142857539e-02,8.830915178571428770e-02,8.789062500000000000e-02,8.789062500000000000e-02,8.816964285714286309e-02,8.830915178571428770e-02,8.803013392857142461e-02,8.789062500000000000e-02,8.816964285714286309e-02
-1.130022321428571404e-02,-1.171875000000000000e-02,-1.130022321428571404e-02,-1.032366071428571404e-02,-1.088169642857142808e-02,-1.032366071428571404e-02,-1.060267857142857192e-02,-1.060267857142857192e-02,-1.088169642857142808e-02,-1.116071428571428596e-02,-1.032366071428571404e-02,-1.088169642857142808e-02,-9.905133928571428076e-03,-1.032366071428571404e-02,-1.018415178571428596e-02,-1.060267857142857192e-02,-1.060267857142857192e-02,-1.130022321428571404e-02,-1.102120535714285789e-02,-1.102120535714285789e-02,-1.088169642857142808e-02,-1.088169642857142808e-02,-1.143973214285714211e-02,-1.074218750000000000e-02,-1.143973214285714211e-02,-1.060267857142857192e-02,-1.018415178571428596e-02,-1.046316964285714211e-02,-1.032366071428571404e-02,-1.171875000000000000e-02,-1.032366071428571404e-02,-1.088169642857142808e-02,-1.074218750000000000e-02,-1.102120535714285789e-02,-1.046316964285714211e-02,-1.004464285714285789e-02,-1.074218750000000000e-02,-1.046316964285714211e-02,-1.018415178571428596e-02,-1.046316964285714211e-02,-1.060267857142857192e-02,-1.102120535714285789e-02
7.254464285714285962e-03,7.393973214285714038e-03,7.533482142857142981e-03,7.393973214285714038e-03,7.393973214285714038e-03,8.510044642857142114e-03,7.952008928571428076e-03,7.672991071428571057e-03,8.649553571428571924e-03,7.533482142857142981e-03,8.091517857142857886e-03,8.091517857142857886e-03,8.510044642857142114e-03,8.370535714285714038e-03,8.231026785714285962e-03,6.835937500000000000e-03,8.510044642857142114e-03,6.835937500000000000e-03,7.114955357142857019e-03,7.393973214285714038e-03,7.254464285714285962e-03,7.672991071428571057e-03,6.975446428571428943e-03,8.091517857142857886e-03,7.952008928571428076e-03,7.533482142857142981e-03,7.812500000000000000e-03,9.068080357142857886e-03,8.510044642857142114e-03,6.835937500000000000e-03,7.952008928571428076e-03,7.672991071428571057e-03,8.091517857142857886e-03,7.533482142857142981e-03,7.812500000000000000e-03,8.091517857142857886e-03,8.231026785714285962e-03,8.231026785714285962e-03,8.231026785714285962e-03,8.370535714285714038e-03,8.370535714285714038e-03,8.928571428571428076e-03
4.087611607142856845e-02,4.101562500000000000e-02,4.003906250000000000e-02,4.087611607142856845e-02,3.976004464285714385e-02,4.143415178571428770e-02,4.031808035714285615e-02,3.976004464285714385e-02,4.213169642857143155e-02,4.101562500000000000e-02,4.129464285714285615e-02,4.101562500000000000e-02,4.241071428571428770e-02,4.185267857142856845e-02,4.227120535714285615e-02,3.976004464285714385e-02,4.143415178571428770e-02,4.087611607142856845e-02,4.031808035714285615e-02,4.101562500000000000e-02,4.143415178571428770e-02,4.003906250000000000e-02,3.920200892857143155e-02,3.989955357142856845e-02,4.073660714285714385e-02,4.087611607142856845e-02,4.101562500000000000e-02,4.199218750000000000e-02,4.129464285714285615e-02,3.976004464285714385e-02,4.101562500000000000e-02,4.087611607142856845e-02,4.171316964285714385e-02,4.045758928571428770e-02,4.129464285714285615e-02,4.157366071428571230e-02,4.199218750000000000e-02,4.073660714285714385e-02,4.059709821428571230e-02,4.129464285714285615e-02,4.115513392857143155e-02,4.185267857142856845e-02
1.520647321428571404e-02,1.506696428571428596e-02,1.590401785714285615e-02,1.590401785714285615e-02,1.660156250000000000e-02,1.604352678571428423e-02,1.688058035714285615e-02,1.660156250000000000e-02,1.618303571428571577e-02,1.646205357142857192e-02,1.632254464285714385e-02,1.674107142857142808e-02,1.562500000000000000e-02,1.702008928571428423e-02,1.604352678571428423e-02,1.618303571428571577e-02,1.618303571428571577e-02,1.674107142857142808e-02,1.688058035714285615e-02,1.702008928571428423e-02,1.702008928571428423e-02,1.674107142857142808e-02,1.632254464285714385e-02,1.771763392857142808e-02,1.646205357142857192e-02,1.618303571428571577e-02,1.646205357142857192e-02,1.674107142857142808e-02,1.688058035714285615e-02,1.632254464285714385e-02,1.674107142857142808e-02,1.646205357142857192e-02,1.646205357142857192e-02,1.674107142857142808e-02,1.590401785714285615e-02,1.646205357142857192e-02,1.604352678571428423e-02,1.674107142857142808e-02,1.646205357142857192e-02,1.688058035714285615e-02,1.604352678571428423e-02,1.674107142857142808e-02
-1.116071428571428631e-01,-1.114676339285714246e-01,-1.109095982142857123e-01,-1.109095982142857123e-01,-1.111886160714285754e-01,-1.103515625000000000e-01,-1.093750000000000000e-01,-1.109095982142857123e-01,-1.117466517857142877e-01,-1.100725446428571369e-01,-1.092354910714285754e-01,-1.102120535714285754e-01,-1.104910714285714246e-01,-1.099330357142857123e-01,-1.110491071428571369e-01,-1.097935267857142877e-01,-1.096540178571428631e-01,-1.125837053571428631e-01,-1.118861607142857123e-01,-1.124441964285714246e-01,-1.117466517857142877e-01,-1.114676339285714246e-01,-1.117466517857142877e-01,-1.103515625000000000e-01,-1.121651785714285754e-01,-1.114676339285714246e-01,-1.107700892857142877e-01,-1.114676339285714246e-01,-1.118861607142857123e-01,-1.111886160714285754e-01,-1.113281250000000000e-01,-1.116071428571428631e-01,-1.111886160714285754e-01,-1.114676339285714246e-01,-1.116071428571428631e-01,-1.110491071428571369e-01,-1.114676339285714246e-01,-1.103515625000000000e-01,-1.100725446428571369e-01,-1.103515625000000000e-01,-1.107700892857142877e-01,-1.107700892857142877e-01
-1.702008928571428423e-02,-1.702008928571428423e-02,-1.715959821428571577e-02,-1.715959821428571577e-02,-1.688058035714285615e-02,-1.548549107142857192e-02,-1.604352678571428423e-02,-1.688058035714285615e-02,-1.604352678571428423e-02,-1.660156250000000000e-02,-1.674107142857142808e-02,-1.688058035714285615e-02,-1.604352678571428423e-02,-1.590401785714285615e-02,-1.576450892857142808e-02,-1.715959821428571577e-02,-1.604352678571428423e-02,-1.632254464285714385e-02,-1.660156250000000000e-02,-1.660156250000000000e-02,-1.632254464285714385e-02,-1.674107142857142808e-02,-1.632254464285714385e-02,-1.674107142857142808e-02,-1.688058035714285615e-02,-1.715959821428571577e-02,-1.674107142857142808e-02,-1.618303571428571577e-02,-1.674107142857142808e-02,-1.688058035714285615e-02,-1.646205357142857192e-02,-1.590401785714285615e-02,-1.646205357142857192e-02,-1.660156250000000000e-02,-1.618303571428571577e-02,-1.632254464285714385e-02,-1.646205357142857192e-02,-1.674107142857142808e-02,-1.632254464285714385e-02,-1.576450892857142808e-02,-1.604352678571428423e-02,-1.618303571428571577e-02
3.487723214285714385e-02,3.529575892857143155e-02,3.417968750000000000e-02,3.571428571428571230e-02,3.445870535714285615e-02,3.585379464285714385e-02,3.487723214285714385e-02,3.362165178571428770e-02,3.599330357142856845e-02,3.487723214285714385e-02,3.501674107142856845e-02,3.543526785714285615e-02,3.627232142857143155e-02,3.655133928571428770e-02,3.627232142857143155e-02,3.445870535714285615e-02,3.557477678571428770e-02,3.585379464285714385e-02,3.515625000000000000e-02,3.599330357142856845e-02,3.627232142857143155e-02,3.543526785714285615e-02,3.459821428571428770e-02,3.501674107142856845e-02,3.557477678571428770e-02,3.599330357142856845e-02,3.529575892857143155e-02,3.599330357142856845e-02,3.543526785714285615e-02,3.445870535714285615e-02,3.501674107142856845e-02,3.585379464285714385e-02,3.599330357142856845e-02,3.487723214285714385e-02,3.627232142857143155e-02,3.599330357142856845e-02,3.571428571428571230e-02,3.543526785714285615e-02,3.473772321428571230e-02,3.515625000000000000e-02,3.571428571428571230e-02,3.557477678571428770e-02
2.120535714285714385e-02,2.078683035714285615e-02,2.106584821428571577e-02,2.050781250000000000e-02,2.134486607142857192e-02,2.134486607142857192e-02,2.218191964285714385e-02,2.148437500000000000e-02,2.078683035714285615e-02,2.120535714285714385e-02,2.190290178571428423e-02,2.078683035714285615e-02,2.134486607142857192e-02,2.176339285714285615e-02,2.050781250000000000e-02,2.106584821428571577e-02,2.050781250000000000e-02,2.218191964285714385e-02,2.176339285714285615e-02,2.176339285714285615e-02,2.204241071428571577e-02,2.190290178571428423e-02,2.246093750000000000e-02,2.246093750000000000e-02,2.176339285714285615e-02,2.204241071428571577e-02,2.218191964285714385e-02,2.190290178571428423e-02,2.162388392857142808e-02,2.134486607142857192e-02,2.148437500000000000e-02,2.078683035714285615e-02,2.176339285714285615e-02,2.162388392857142808e-02,2.134486607142857192e-02,2.148437500000000000e-02,2.162388392857142808e-02,2.120535714285714385e-02,2.120535714285714385e-02,2.218191964285714385e-02,2.078683035714285615e-02,2.148437500000000000e-02
-4.938616071428571230e-02,-4.840959821428571230e-02,-4.896763392857143155e-02,-4.882812500000000000e-02,-4.896763392857143155e-02,-4.854910714285714385e-02,-4.813058035714285615e-02,-4.799107142857143155e-02,-5.008370535714285615e-02,-4.868861607142856845e-02,-4.840959821428571230e-02,-4.813058035714285615e-02,-4.952566964285714385e-02,-4.882812500000000000e-02,-4.980468750000000000e-02,-4.827008928571428770e-02,-4.827008928571428770e-02,-4.882812500000000000e-02,-4.799107142857143155e-02,-4.882812500000000000e-02,-4.882812500000000000e-02,-4.785156250000000000e-02,-4.854910714285714385e-02,-4.771205357142856845e-02,-4.896763392857143155e-02,-4.813058035714285615e-02,-4.868861607142856845e-02,-4.952566964285714385e-02,-4.882812500000000000e-02,-4.854910714285714385e-02,-4.924665178571428770e-02,-4.966517857142856845e-02,-4.910714285714285615e-02,-4.924665178571428770e-02,-4.910714285714285615e-02,-4.896763392857143155e-02,-4.840959821428571230e-02,-4.896763392857143155e-02,-4.854910714285714385e-02,-4.840959821428571230e-02,-4.966517857142856845e-02,-4.882812500000000000e-02
3.962053571428571230e-02,3.962053571428571230e-02,3.920200892857143155e-02,3.948102678571428770e-02,3.906250000000000000e-02,3.989955357142856845e-02,3.948102678571428770e-02,3.906250000000000000e-02,3.948102678571428770e-02,3.892299107142856845e-02,3.906250000000000000e-02,3.878348214285714385e-02,3.962053571428571230e-02,3.962053571428571230e-02,3.962053571428571230e-02,3.850446428571428770e-02,3.878348214285714385e-02,4.101562500000000000e-02,4.059709821428571230e-02,4.045758928571428770e-02,4.101562500000000000e-02,3.989955357142856845e-02,4.003906250000000000e-02,3.989955357142856845e-02,3.976004464285714385e-02,4.031808035714285615e-02,4.003906250000000000e-02,4.073660714285714385e-02,3.976004464285714385e-02,3.934151785714285615e-02,4.017857142857143155e-02,4.003906250000000000e-02,3.989955357142856845e-02,3.906250000000000000e-02,3.989955357142856845e-02,3.920200892857143155e-02,3.976004464285714385e-02,3.948102678571428770e-02,3.948102678571428770e-02,3.962053571428571230e-02,3.976004464285714385e-02,3.920200892857143155e-02
8.105468750000000000e-02,8.203125000000000000e-02,8.133370535714286309e-02,8.231026785714286309e-02,8.105468750000000000e-02,8.244977678571428770e-02,8.189174107142857539e-02,8.091517857142857539e-02,8.286830357142857539e-02,8.217075892857142461e-02,8.161272321428571230e-02,8.161272321428571230e-02,8.244977678571428770e-02,8.217075892857142461e-02,8.272879464285713691e-02,8.021763392857142461e-02,8.105468750000000000e-02,8.370535714285713691e-02,8.217075892857142461e-02,8.314732142857142461e-02,8.342633928571428770e-02,8.258928571428571230e-02,8.217075892857142461e-02,8.161272321428571230e-02,8.272879464285713691e-02,8.286830357142857539e-02,8.272879464285713691e-02,8.342633928571428770e-02,8.370535714285713691e-02,8.161272321428571230e-02,8.244977678571428770e-02,8.342633928571428770e-02,8.286830357142857539e-02,8.244977678571428770e-02,8.272879464285713691e-02,8.217075892857142461e-02,8.217075892857142461e-02,8.203125000000000000e-02,8.133370535714286309e-02,8.147321428571428770e-02,8.203125000000000000e-02,8.286830357142857539e-02
5.803571428571428770e-02,5.761718750000000000e-02,5.845424107142856845e-02,5.817522321428571230e-02,5.831473214285714385e-02,5.775669642857143155e-02,5.873325892857143155e-02,5.775669642857143155e-02,5.733816964285714385e-02,5.831473214285714385e-02,5.803571428571428770e-02,5.733816964285714385e-02,5.817522321428571230e-02,5.775669642857143155e-02,5.664062500000000000e-02,5.719866071428571230e-02,5.747767857142856845e-02,5.984933035714285615e-02,5.970982142857143155e-02,5.901227678571428770e-02,5.957031250000000000e-02,5.970982142857143155e-02,5.915178571428571230e-02,6.012834821428571230e-02,5.887276785714285615e-02,5.901227678571428770e-02,5.970982142857143155e-02,5.859375000000000000e-02,5.873325892857143155e-02,5.887276785714285615e-02,5.873325892857143155e-02,5.859375000000000000e-02,5.915178571428571230e-02,5.803571428571428770e-02,5.859375000000000000e-02,5.859375000000000000e-02,5.803571428571428770e-02,5.817522321428571230e-02,5.817522321428571230e-02,5.845424107142856845e-02,5.775669642857143155e-02,5.845424107142856845e-02
-5.119977678571428770e-02,-5.092075892857143155e-02,-4.994419642857143155e-02,-4.980468750000000000e-02,-5.022321428571428770e-02,-4.980468750000000000e-02,-4.994419642857143155e-02,-4.994419642857143155e-02,-5.036272321428571230e-02,-4.980468750000000000e-02,-5.022321428571428770e-02,-4.938616071428571230e-02,-4.966517857142856845e-02,-4.966517857142856845e-02,-5.008370535714285615e-02,-4.952566964285714385e-02,-4.924665178571428770e-02,-5.161830357142856845e-02,-5.106026785714285615e-02,-5.064174107142856845e-02,-5.092075892857143155e-02,-5.064174107142856845e-02,-5.064174107142856845e-02,-4.994419642857143155e-02,-5.092075892857143155e-02,-4.994419642857143155e-02,-5.008370535714285615e-02,-5.050223214285714385e-02,-5.050223214285714385e-02,-5.050223214285714385e-02,-5.050223214285714385e-02,-5.050223214285714385e-02,-5.064174107142856845e-02,-4.980468750000000000e-02,-5.064174107142856845e-02,-5.022321428571428770e-02,-5.050223214285714385e-02,-4.952566964285714385e-02,-5.008370535714285615e-02,-4.994419642857143155e-02,-5.008370535714285615e-02,-4.966517857142856845e-02
-2.790178571428571577e-02,-2.790178571428571577e-02,-2.804129464285714385e-02,-2.734375000000000000e-02,-2.748325892857142808e-02,-2.664620535714285615e-02,-2.762276785714285615e-02,-2.790178571428571577e-02,-2.720424107142857192e-02,-2.790178571428571577e-02,-2.706473214285714385e-02,-2.818080357142857192e-02,-2.636718750000000000e-02,-2.692522321428571577e-02,-2.650669642857142808e-02,-2.720424107142857192e-02,-2.734375000000000000e-02,-2.790178571428571577e-02,-2.859933035714285615e-02,-2.790178571428571577e-02,-2.804129464285714385e-02,-2.776227678571428423e-02,-2.818080357142857192e-02,-2.762276785714285615e-02,-2.818080357142857192e-02,-2.762276785714285615e-02,-2.734375000000000000e-02,-2.776227678571428423e-02,-2.762276785714285615e-02,-2.804129464285714385e-02,-2.748325892857142808e-02,-2.748325892857142808e-02,-2.706473214285714385e-02,-2.762276785714285615e-02,-2.818080357142857192e-02,-2.790178571428571577e-02,-2.720424107142857192e-02,-2.804129464285714385e-02,-2.720424107142857192e-02,-2.790178571428571577e-02,-2.706473214285714385e-02,-2.664620535714285615e-02
1.116071428571428596e-02,1.199776785714285789e-02,1.199776785714285789e-02,1.213727678571428596e-02,1.213727678571428596e-02,1.269531250000000000e-02,1.241629464285714211e-02,1.241629464285714211e-02,1.339285714285714211e-02,1.241629464285714211e-02,1.185825892857142808e-02,1.297433035714285789e-02,1.325334821428571404e-02,1.381138392857142808e-02,1.381138392857142808e-02,1.241629464285714211e-02,1.269531250000000000e-02,1.199776785714285789e-02,1.102120535714285789e-02,1.213727678571428596e-02,1.241629464285714211e-02,1.171875000000000000e-02,1.130022321428571404e-02,1.185825892857142808e-02,1.171875000000000000e-02,1.185825892857142808e-02,1.283482142857142808e-02,1.283482142857142808e-02,1.381138392857142808e-02,1.199776785714285789e-02,1.255580357142857192e-02,1.227678571428571404e-02,1.297433035714285789e-02,1.283482142857142808e-02,1.241629464285714211e-02,1.255580357142857192e-02,1.241629464285714211e-02,1.311383928571428596e-02,1.199776785714285789e-02,1.171875000000000000e-02,1.269531250000000000e-02,1.353236607142857192e-02
-7.114955357142857019e-03,-6.835937500000000000e-03,-6.835937500000000000e-03,-6.277901785714285962e-03,-6.696428571428571057e-03,-6.975446428571428943e-03,-6.417410714285714038e-03,-6.696428571428571057e-03,-7.952008928571428076e-03,-7.114955357142857019e-03,-6.417410714285714038e-03,-6.975446428571428943e-03,-6.975446428571428943e-03,-6.417410714285714038e-03,-7.114955357142857019e-03,-6.835937500000000000e-03,-6.835937500000000000e-03,-6.696428571428571057e-03,-6.696428571428571057e-03,-6.556919642857142981e-03,-6.556919642857142981e-03,-5.998883928571428943e-03,-6.975446428571428943e-03,-6.277901785714285962e-03,-7.114955357142857019e-03,-6.417410714285714038e-03,-6.138392857142857019e-03,-7.393973214285714038e-03,-6.696428571428571057e-03,-7.254464285714285962e-03,-6.835937500000000000e-03,-7.393973214285714038e-03,-7.114955357142857019e-03,-7.254464285714285962e-03,-6.975446428571428943e-03,-6.696428571428571057e-03,-6.696428571428571057e-03,-6.556919642857142981e-03,-7.114955357142857019e-03,-6.277901785714285962e-03,-6.556919642857142981e-03,-6.417410714285714038e-03
-1.413225446428571508e-01,-1.410435267857142738e-01,-1.403459821428571508e-01,-1.409040178571428492e-01,-1.402064732142857262e-01,-1.400669642857142738e-01,-1.397879464285714246e-01,-1.396484375000000000e-01,-1.406250000000000000e-01,-1.396484375000000000e-01,-1.396484375000000000e-01,-1.393694196428571508e-01,-1.386718750000000000e-01,-1.382533482142857262e-01,-1.385323660714285754e-01,-1.385323660714285754e-01,-1.383928571428571508e-01,-1.436941964285714246e-01,-1.428571428571428492e-01,-1.424386160714285754e-01,-1.431361607142857262e-01,-1.418805803571428492e-01,-1.421595982142857262e-01,-1.422991071428571508e-01,-1.422991071428571508e-01,-1.420200892857142738e-01,-1.413225446428571508e-01,-1.418805803571428492e-01,-1.410435267857142738e-01,-1.418805803571428492e-01,-1.407645089285714246e-01,-1.410435267857142738e-01,-1.404854910714285754e-01,-1.402064732142857262e-01,-1.407645089285714246e-01,-1.409040178571428492e-01,-1.407645089285714246e-01,-1.392299107142857262e-01,-1.397879464285714246e-01,-1.390904017857142738e-01,-1.399274553571428492e-01,-1.388113839285714246e-01
-9.347098214285713691e-02,-9.235491071428571230e-02,-9.361049107142857539e-02,-9.249441964285713691e-02,-9.319196428571428770e-02,-9.249441964285713691e-02,-9.319196428571428770e-02,-9.207589285714286309e-02,-9.249441964285713691e-02,-9.277343750000000000e-02,-9.193638392857142461e-02,-9.193638392857142461e-02,-9.137834821428571230e-02,-9.151785714285713691e-02,-9.151785714285713691e-02,-9.221540178571428770e-02,-9.165736607142857539e-02,-9.514508928571428770e-02,-9.500558035714286309e-02,-9.361049107142857539e-02,-9.416852678571428770e-02,-9.416852678571428770e-02,-9.458705357142857539e-02,-9.430803571428571230e-02,-9.444754464285713691e-02,-9.361049107142857539e-02,-9.402901785714286309e-02,-9.361049107142857539e-02,-9.319196428571428770e-02,-9.375000000000000000e-02,-9.361049107142857539e-02,-9.375000000000000000e-02,-9.361049107142857539e-02,-9.291294642857142461e-02,-9.361049107142857539e-02,-9.291294642857142461e-02,-9.305245535714286309e-02,-9.263392857142857539e-02,-9.263392857142857539e-02,-9.249441964285713691e-02,-9.263392857142857539e-02,-9.193638392857142461e-02
-4.101562500000000000e-02,-4.031808035714285615e-02,-4.059709821428571230e-02,-3.934151785714285615e-02,-4.017857142857143155e-02,-3.976004464285714385e-02,-3.989955357142856845e-02,-3.989955357142856845e-02,-3.948102678571428770e-02,-3.976004464285714385e-02,-3.962053571428571230e-02,-4.003906250000000000e-02,-3.892299107142856845e-02,-3.836495535714285615e-02,-3.794642857142856845e-02,-3.976004464285714385e-02,-3.878348214285714385e-02,-4.129464285714285615e-02,-4.143415178571428770e-02,-4.073660714285714385e-02,-4.101562500000000000e-02,-4.143415178571428770e-02,-4.185267857142856845e-02,-4.115513392857143155e-02,-4.143415178571428770e-02,-4.031808035714285615e-02,-4.031808035714285615e-02,-3.962053571428571230e-02,-4.017857142857143155e-02,-4.101562500000000000e-02,-3.976004464285714385e-02,-4.017857142857143155e-02,-3.962053571428571230e-02,-3.962053571428571230e-02,-4.045758928571428770e-02,-3.989955357142856845e-02,-3.934151785714285615e-02,-3.962053571428571230e-02,-3.948102678571428770e-02,-3.920200892857143155e-02,-3.878348214285714385e-02,-3.864397321428571230e-02
-4.589843750000000000e-02,-4.534040178571428770e-02,-4.561941964285714385e-02,-4.478236607142856845e-02,-4.506138392857143155e-02,-4.534040178571428770e-02,-4.464285714285714385e-02,-4.589843750000000000e-02,-4.617745535714285615e-02,-4.464285714285714385e-02,-4.450334821428571230e-02,-4.478236607142856845e-02,-4.450334821428571230e-02,-4.506138392857143155e-02,-4.547991071428571230e-02,-4.478236607142856845e-02,-4.478236607142856845e-02,-4.659598214285714385e-02,-4.547991071428571230e-02,-4.520089285714285615e-02,-4.617745535714285615e-02,-4.464285714285714385e-02,-4.589843750000000000e-02,-4.534040178571428770e-02,-4.603794642857143155e-02,-4.547991071428571230e-02,-4.534040178571428770e-02,-4.561941964285714385e-02,-4.506138392857143155e-02,-4.506138392857143155e-02,-4.575892857142856845e-02,-4.561941964285714385e-02,-4.506138392857143155e-02,-4.547991071428571230e-02,-4.575892857142856845e-02,-4.534040178571428770e-02,-4.478236607142856845e-02,-4.492187500000000000e-02,-4.422433035714285615e-02,-4.478236607142856845e-02,-4.561941964285714385e-02,-4.394531250000000000e-02
-1.375558035714285754e-01,-1.365792410714285754e-01,-1.363002232142857262e-01,-1.368582589285714246e-01,-1.356026785714285754e-01,-1.361607142857142738e-01,-1.351841517857142738e-01,-1.356026785714285754e-01,-1.371372767857142738e-01,-1.350446428571428492e-01,-1.349051339285714246e-01,-1.354631696428571508e-01,-1.351841517857142738e-01,-1.347656250000000000e-01,-1.357421875000000000e-01,-1.342075892857142738e-01,-1.339285714285714246e-01,-1.379743303571428492e-01,-1.374162946428571508e-01,-1.375558035714285754e-01,-1.379743303571428492e-01,-1.364397321428571508e-01,-1.367187500000000000e-01,-1.363002232142857262e-01,-1.371372767857142738e-01,-1.369977678571428492e-01,-1.368582589285714246e-01,-1.369977678571428492e-01,-1.364397321428571508e-01,-1.367187500000000000e-01,-1.361607142857142738e-01,-1.368582589285714246e-01,-1.368582589285714246e-01,-1.364397321428571508e-01,-1.356026785714285754e-01,-1.361607142857142738e-01,-1.365792410714285754e-01,-1.353236607142857262e-01,-1.351841517857142738e-01,-1.350446428571428492e-01,-1.360212053571428492e-01,-1.356026785714285754e-01
-7.101004464285713691e-02,-6.975446428571428770e-02,-6.989397321428571230e-02,-6.919642857142857539e-02,-7.017299107142857539e-02,-6.891741071428571230e-02,-6.933593750000000000e-02,-6.947544642857142461e-02,-6.961495535714286309e-02,-6.961495535714286309e-02,-6.891741071428571230e-02,-6.835937500000000000e-02,-6.794084821428571230e-02,-6.808035714285713691e-02,-6.821986607142857539e-02,-6.863839285714286309e-02,-6.780133928571428770e-02,-7.059151785714286309e-02,-7.101004464285713691e-02,-6.989397321428571230e-02,-7.031250000000000000e-02,-7.017299107142857539e-02,-7.073102678571428770e-02,-7.073102678571428770e-02,-7.003348214285713691e-02,-7.017299107142857539e-02,-6.933593750000000000e-02,-6.961495535714286309e-02,-6.891741071428571230e-02,-7.003348214285713691e-02,-6.975446428571428770e-02,-6.947544642857142461e-02,-6.919642857142857539e-02,-6.933593750000000000e-02,-6.933593750000000000e-02,-6.919642857142857539e-02,-6.947544642857142461e-02,-6.863839285714286309e-02,-6.821986607142857539e-02,-6.891741071428571230e-02,-6.863839285714286309e-02,-6.849888392857142461e-02
-2.204241071428571577e-02,-2.176339285714285615e-02,-2.232142857142857192e-02,-2.092633928571428423e-02,-2.148437500000000000e-02,-2.106584821428571577e-02,-2.218191964285714385e-02,-2.176339285714285615e-02,-2.022879464285714385e-02,-2.260044642857142808e-02,-2.134486607142857192e-02,-2.106584821428571577e-02,-2.036830357142857192e-02,-2.036830357142857192e-02,-1.953125000000000000e-02,-2.148437500000000000e-02,-2.050781250000000000e-02,-2.232142857142857192e-02,-2.273995535714285615e-02,-2.232142857142857192e-02,-2.190290178571428423e-02,-2.246093750000000000e-02,-2.260044642857142808e-02,-2.246093750000000000e-02,-2.246093750000000000e-02,-2.204241071428571577e-02,-2.106584821428571577e-02,-2.092633928571428423e-02,-2.092633928571428423e-02,-2.218191964285714385e-02,-2.106584821428571577e-02,-2.134486607142857192e-02,-2.134486607142857192e-02,-2.092633928571428423e-02,-2.120535714285714385e-02,-2.064732142857142808e-02,-2.134486607142857192e-02,-2.148437500000000000e-02,-2.134486607142857192e-02,-2.106584821428571577e-02,-2.050781250000000000e-02,-2.092633928571428423e-02
-3.236607142857143155e-02,-3.138950892857143155e-02,-3.125000000000000000e-02,-3.180803571428571230e-02,-3.125000000000000000e-02,-3.194754464285714385e-02,-3.069196428571428423e-02,-3.194754464285714385e-02,-3.250558035714285615e-02,-3.125000000000000000e-02,-3.111049107142857192e-02,-3.083147321428571577e-02,-3.083147321428571577e-02,-3.111049107142857192e-02,-3.222656250000000000e-02,-3.111049107142857192e-02,-3.069196428571428423e-02,-3.194754464285714385e-02,-3.166852678571428770e-02,-3.083147321428571577e-02,-3.222656250000000000e-02,-3.097098214285714385e-02,-3.125000000000000000e-02,-3.055245535714285615e-02,-3.152901785714285615e-02,-3.152901785714285615e-02,-3.013392857142857192e-02,-3.111049107142857192e-02,-3.125000000000000000e-02,-3.152901785714285615e-02,-3.097098214285714385e-02,-3.166852678571428770e-02,-3.125000000000000000e-02,-3.125000000000000000e-02,-3.152901785714285615e-02,-3.180803571428571230e-02,-3.111049107142857192e-02,-3.111049107142857192e-02,-3.138950892857143155e-02,-3.041294642857142808e-02,-3.138950892857143155e-02,-3.041294642857142808e-02
-1.316964285714285754e-01,-1.309988839285714246e-01,-1.311383928571428492e-01,-1.316964285714285754e-01,-1.309988839285714246e-01,-1.309988839285714246e-01,-1.309988839285714246e-01,-1.314174107142857262e-01,-1.318359375000000000e-01,-1.308593750000000000e-01,-1.298828125000000000e-01,-1.304408482142857262e-01,-1.303013392857142738e-01,-1.303013392857142738e-01,-1.311383928571428492e-01,-1.297433035714285754e-01,-1.291852678571428492e-01,-1.321149553571428492e-01,-1.318359375000000000e-01,-1.322544642857142738e-01,-1.322544642857142738e-01,-1.312779017857142738e-01,-1.319754464285714246e-01,-1.311383928571428492e-01,-1.323939732142857262e-01,-1.316964285714285754e-01,-1.309988839285714246e-01,-1.319754464285714246e-01,-1.319754464285714246e-01,-1.316964285714285754e-01,-1.314174107142857262e-01,-1.312779017857142738e-01,-1.314174107142857262e-01,-1.319754464285714246e-01,-1.314174107142857262e-01,-1.308593750000000000e-01,-1.305803571428571508e-01,-1.311383928571428492e-01,-1.308593750000000000e-01,-1.305803571428571508e-01,-1.315569196428571508e-01,-1.309988839285714246e-01
-6.515066964285713691e-02,-6.459263392857142461e-02,-6.459263392857142461e-02,-6.459263392857142461e-02,-6.445312500000000000e-02,-6.459263392857142461e-02,-6.445312500000000000e-02,-6.431361607142857539e-02,-6.403459821428571230e-02,-6.473214285714286309e-02,-6.487165178571428770e-02,-6.403459821428571230e-02,-6.375558035714286309e-02,-6.361607142857142461e-02,-6.319754464285713691e-02,-6.403459821428571230e-02,-6.347656250000000000e-02,-6.501116071428571230e-02,-6.529017857142857539e-02,-6.473214285714286309e-02,-6.584821428571428770e-02,-6.529017857142857539e-02,-6.501116071428571230e-02,-6.445312500000000000e-02,-6.417410714285713691e-02,-6.431361607142857539e-02,-6.431361607142857539e-02,-6.417410714285713691e-02,-6.389508928571428770e-02,-6.431361607142857539e-02,-6.459263392857142461e-02,-6.403459821428571230e-02,-6.431361607142857539e-02,-6.417410714285713691e-02,-6.445312500000000000e-02,-6.375558035714286309e-02,-6.459263392857142461e-02,-6.389508928571428770e-02,-6.445312500000000000e-02,-6.389508928571428770e-02,-6.389508928571428770e-02,-6.319754464285713691e-02
-1.688058035714285615e-02,-1.729910714285714385e-02,-1.702008928571428423e-02,-1.604352678571428423e-02,-1.715959821428571577e-02,-1.702008928571428423e-02,-1.729910714285714385e-02,-1.702008928571428423e-02,-1.590401785714285615e-02,-1.674107142857142808e-02,-1.618303571428571577e-02,-1.618303571428571577e-02,-1.590401785714285615e-02,-1.590401785714285615e-02,-1.450892857142857192e-02,-1.688058035714285615e-02,-1.590401785714285615e-02,-1.729910714285714385e-02,-1.827566964285714385e-02,-1.729910714285714385e-02,-1.715959821428571577e-02,-1.827566964285714385e-02,-1.813616071428571577e-02,-1.799665178571428423e-02,-1.757812500000000000e-02,-1.702008928571428423e-02,-1.715959821428571577e-02,-1.590401785714285615e-02,-1.604352678571428423e-02,-1.799665178571428423e-02,-1.688058035714285615e-02,-1.646205357142857192e-02,-1.632254464285714385e-02,-1.632254464285714385e-02,-1.660156250000000000e-02,-1.632254464285714385e-02,-1.674107142857142808e-02,-1.729910714285714385e-02,-1.618303571428571577e-02,-1.688058035714285615e-02,-1.548549107142857192e-02,-1.660156250000000000e-02
-2.790178571428571577e-02,-2.734375000000000000e-02,-2.678571428571428423e-02,-2.762276785714285615e-02,-2.664620535714285615e-02,-2.720424107142857192e-02,-2.594866071428571577e-02,-2.706473214285714385e-02,-2.804129464285714385e-02,-2.664620535714285615e-02,-2.748325892857142808e-02,-2.692522321428571577e-02,-2.594866071428571577e-02,-2.636718750000000000e-02,-2.748325892857142808e-02,-2.678571428571428423e-02,-2.678571428571428423e-02,-2.748325892857142808e-02,-2.748325892857142808e-02,-2.734375000000000000e-02,-2.776227678571428423e-02,-2.636718750000000000e-02,-2.706473214285714385e-02,-2.664620535714285615e-02,-2.762276785714285615e-02,-2.734375000000000000e-02,-2.678571428571428423e-02,-2.692522321428571577e-02,-2.636718750000000000e-02,-2.706473214285714385e-02,-2.720424107142857192e-02,-2.650669642857142808e-02,-2.678571428571428423e-02,-2.692522321428571577e-02,-2.706473214285714385e-02,-2.678571428571428423e-02,-2.692522321428571577e-02,-2.678571428571428423e-02,-2.636718750000000000e-02,-2.622767857142857192e-02,-2.706473214285714385e-02,-2.650669642857142808e-02
-1.269531250000000000e-01,-1.275111607142857262e-01,-1.269531250000000000e-01,-1.270926339285714246e-01,-1.266741071428571508e-01,-1.273716517857142738e-01,-1.258370535714285754e-01,-1.269531250000000000e-01,-1.277901785714285754e-01,-1.263950892857142738e-01,-1.262555803571428492e-01,-1.268136160714285754e-01,-1.262555803571428492e-01,-1.273716517857142738e-01,-1.275111607142857262e-01,-1.256975446428571508e-01,-1.262555803571428492e-01,-1.304408482142857262e-01,-1.298828125000000000e-01,-1.297433035714285754e-01,-1.297433035714285754e-01,-1.286272321428571508e-01,-1.294642857142857262e-01,-1.277901785714285754e-01,-1.290457589285714246e-01,-1.287667410714285754e-01,-1.287667410714285754e-01,-1.296037946428571508e-01,-1.280691964285714246e-01,-1.286272321428571508e-01,-1.286272321428571508e-01,-1.275111607142857262e-01,-1.280691964285714246e-01,-1.282087053571428492e-01,-1.266741071428571508e-01,-1.276506696428571508e-01,-1.266741071428571508e-01,-1.268136160714285754e-01,-1.263950892857142738e-01,-1.259765625000000000e-01,-1.269531250000000000e-01,-1.262555803571428492e-01
-2.553013392857142808e-02,-2.553013392857142808e-02,-2.566964285714285615e-02,-2.511160714285714385e-02,-2.511160714285714385e-02,-2.525111607142857192e-02,-2.469308035714285615e-02,-2.539062500000000000e-02,-2.539062500000000000e-02,-2.525111607142857192e-02,-2.539062500000000000e-02,-2.511160714285714385e-02,-2.497209821428571577e-02,-2.525111607142857192e-02,-2.497209821428571577e-02,-2.553013392857142808e-02,-2.469308035714285615e-02,-2.664620535714285615e-02,-2.692522321428571577e-02,-2.650669642857142808e-02,-2.678571428571428423e-02,-2.636718750000000000e-02,-2.650669642857142808e-02,-2.650669642857142808e-02,-2.678571428571428423e-02,-2.720424107142857192e-02,-2.553013392857142808e-02,-2.497209821428571577e-02,-2.525111607142857192e-02,-2.664620535714285615e-02,-2.497209821428571577e-02,-2.539062500000000000e-02,-2.441406250000000000e-02,-2.511160714285714385e-02,-2.441406250000000000e-02,-2.483258928571428423e-02,-2.497209821428571577e-02,-2.497209821428571577e-02,-2.441406250000000000e-02,-2.497209821428571577e-02,-2.455357142857142808e-02,-2.497209821428571577e-02
2.678571428571428423e-02,2.636718750000000000e-02,2.636718750000000000e-02,2.720424107142857192e-02,2.664620535714285615e-02,2.706473214285714385e-02,2.650669642857142808e-02,2.650669642857142808e-02,2.706473214285714385e-02,2.650669642857142808e-02,2.692522321428571577e-02,2.776227678571428423e-02,2.692522321428571577e-02,2.748325892857142808e-02,2.818080357142857192e-02,2.553013392857142808e-02,2.720424107142857192e-02,2.580915178571428423e-02,2.553013392857142808e-02,2.580915178571428423e-02,2.622767857142857192e-02,2.483258928571428423e-02,2.483258928571428423e-02,2.566964285714285615e-02,2.608816964285714385e-02,2.580915178571428423e-02,2.692522321428571577e-02,2.790178571428571577e-02,2.762276785714285615e-02,2.525111607142857192e-02,2.720424107142857192e-02,2.748325892857142808e-02,2.734375000000000000e-02,2.748325892857142808e-02,2.790178571428571577e-02,2.748325892857142808e-02,2.818080357142857192e-02,2.678571428571428423e-02,2.734375000000000000e-02,2.664620535714285615e-02,2.804129464285714385e-02,2.734375000000000000e-02
1.534598214285714211e-02,1.506696428571428596e-02,1.590401785714285615e-02,1.562500000000000000e-02,1.590401785714285615e-02,1.576450892857142808e-02,1.688058035714285615e-02,1.534598214285714211e-02,1.478794642857142808e-02,1.604352678571428423e-02,1.548549107142857192e-02,1.492745535714285789e-02,1.590401785714285615e-02,1.506696428571428596e-02,1.492745535714285789e-02,1.520647321428571404e-02,1.562500000000000000e-02,1.604352678571428423e-02,1.590401785714285615e-02,1.548549107142857192e-02,1.590401785714285615e-02,1.618303571428571577e-02,1.604352678571428423e-02,1.660156250000000000e-02,1.548549107142857192e-02,1.492745535714285789e-02,1.576450892857142808e-02,1.618303571428571577e-02,1.604352678571428423e-02,1.548549107142857192e-02,1.618303571428571577e-02,1.576450892857142808e-02,1.632254464285714385e-02,1.548549107142857192e-02,1.576450892857142808e-02,1.562500000000000000e-02,1.632254464285714385e-02,1.632254464285714385e-02,1.604352678571428423e-02,1.632254464285714385e-02,1.534598214285714211e-02,1.590401785714285615e-02
-2.315848214285714385e-02,-2.273995535714285615e-02,-2.260044642857142808e-02,-2.246093750000000000e-02,-2.232142857142857192e-02,-2.315848214285714385e-02,-2.134486607142857192e-02,-2.287946428571428423e-02,-2.371651785714285615e-02,-2.218191964285714385e-02,-2.218191964285714385e-02,-2.218191964285714385e-02,-2.287946428571428423e-02,-2.315848214285714385e-02,-2.371651785714285615e-02,-2.232142857142857192e-02,-2.287946428571428423e-02,-2.329799107142857192e-02,-2.162388392857142808e-02,-2.232142857142857192e-02,-2.315848214285714385e-02,-2.120535714285714385e-02,-2.218191964285714385e-02,-2.176339285714285615e-02,-2.273995535714285615e-02,-2.301897321428571577e-02,-2.246093750000000000e-02,-2.315848214285714385e-02,-2.218191964285714385e-02,-2.357700892857142808e-02,-2.273995535714285615e-02,-2.218191964285714385e-02,-2.218191964285714385e-02,-2.343750000000000000e-02,-2.287946428571428423e-02,-2.287946428571428423e-02,-2.246093750000000000e-02,-2.246093750000000000e-02,-2.204241071428571577e-02,-2.273995535714285615e-02,-2.287946428571428423e-02,-2.190290178571428423e-02
6.431361607142857539e-02,6.417410714285713691e-02,6.417410714285713691e-02,6.417410714285713691e-02,6.431361607142857539e-02,6.347656250000000000e-02,6.389508928571428770e-02,6.347656250000000000e-02,6.347656250000000000e-02,6.361607142857142461e-02,6.361607142857142461e-02,6.403459821428571230e-02,6.403459821428571230e-02,6.333705357142857539e-02,6.375558035714286309e-02,6.333705357142857539e-02,6.319754464285713691e-02,6.445312500000000000e-02,6.459263392857142461e-02,6.417410714285713691e-02,6.487165178571428770e-02,6.403459821428571230e-02,6.431361607142857539e-02,6.473214285714286309e-02,6.417410714285713691e-02,6.445312500000000000e-02,6.459263392857142461e-02,6.515066964285713691e-02,6.459263392857142461e-02,6.361607142857142461e-02,6.445312500000000000e-02,6.403459821428571230e-02,6.431361607142857539e-02,6.389508928571428770e-02,6.459263392857142461e-02,6.445312500000000000e-02,6.417410714285713691e-02,6.361607142857142461e-02,6.445312500000000000e-02,6.403459821428571230e-02,6.459263392857142461e-02,6.347656250000000000e-02
1.070033482142857123e-01,1.058872767857142877e-01,1.057477678571428631e-01,1.071428571428571369e-01,1.063058035714285754e-01,1.065848214285714246e-01,1.058872767857142877e-01,1.054687500000000000e-01,1.063058035714285754e-01,1.057477678571428631e-01,1.060267857142857123e-01,1.075613839285714246e-01,1.061662946428571369e-01,1.061662946428571369e-01,1.072823660714285754e-01,1.049107142857142877e-01,1.057477678571428631e-01,1.077008928571428631e-01,1.072823660714285754e-01,1.071428571428571369e-01,1.081194196428571369e-01,1.071428571428571369e-01,1.070033482142857123e-01,1.068638392857142877e-01,1.077008928571428631e-01,1.068638392857142877e-01,1.075613839285714246e-01,1.081194196428571369e-01,1.072823660714285754e-01,1.063058035714285754e-01,1.071428571428571369e-01,1.067243303571428631e-01,1.068638392857142877e-01,1.070033482142857123e-01,1.071428571428571369e-01,1.071428571428571369e-01,1.067243303571428631e-01,1.056082589285714246e-01,1.063058035714285754e-01,1.058872767857142877e-01,1.070033482142857123e-01,1.063058035714285754e-01
7.965959821428571230e-02,7.896205357142857539e-02,7.896205357142857539e-02,7.910156250000000000e-02,7.882254464285713691e-02,7.840401785714286309e-02,7.896205357142857539e-02,7.840401785714286309e-02,7.742745535714286309e-02,7.854352678571428770e-02,7.826450892857142461e-02,7.798549107142857539e-02,7.826450892857142461e-02,7.840401785714286309e-02,7.770647321428571230e-02,7.784598214285713691e-02,7.812500000000000000e-02,8.105468750000000000e-02,8.035714285714286309e-02,8.049665178571428770e-02,8.007812500000000000e-02,8.021763392857142461e-02,7.993861607142857539e-02,8.021763392857142461e-02,7.952008928571428770e-02,7.993861607142857539e-02,8.007812500000000000e-02,7.910156250000000000e-02,7.938058035714286309e-02,7.882254464285713691e-02,7.896205357142857539e-02,7.910156250000000000e-02,7.896205357142857539e-02,7.868303571428571230e-02,7.882254464285713691e-02,7.924107142857142461e-02,7.924107142857142461e-02,7.882254464285713691e-02,7.938058035714286309e-02,7.910156250000000000e-02,7.854352678571428770e-02,7.910156250000000000e-02
-2.218191964285714385e-02,-2.120535714285714385e-02,-2.176339285714285615e-02,-2.204241071428571577e-02,-2.176339285714285615e-02,-2.120535714285714385e-02,-2.162388392857142808e-02,-2.190290178571428423e-02,-2.106584821428571577e-02,-2.148437500000000000e-02,-2.148437500000000000e-02,-2.078683035714285615e-02,-2.120535714285714385e-02,-2.162388392857142808e-02,-2.134486607142857192e-02,-2.134486607142857192e-02,-2.078683035714285615e-02,-2.315848214285714385e-02,-2.176339285714285615e-02,-2.232142857142857192e-02,-2.260044642857142808e-02,-2.162388392857142808e-02,-2.176339285714285615e-02,-2.190290178571428423e-02,-2.176339285714285615e-02,-2.232142857142857192e-02,-2.190290178571428423e-02,-2.148437500000000000e-02,-2.162388392857142808e-02,-2.204241071428571577e-02,-2.204241071428571577e-02,-2.176339285714285615e-02,-2.162388392857142808e-02,-2.176339285714285615e-02,-2.148437500000000000e-02,-2.120535714285714385e-02,-2.148437500000000000e-02,-2.162388392857142808e-02,-2.148437500000000000e-02,-2.078683035714285615e-02,-2.120535714285714385e-02,-2.078683035714285615e-02
-5.580357142857142547e-04,1.395089285714285637e-04,-5.580357142857142547e-04,6.975446428571428726e-04,1.395089285714285637e-04,4.185267857142856911e-04,-4.185267857142856911e-04,-8.370535714285713821e-04,2.790178571428571274e-04,1.395089285714285637e-04,9.765625000000000000e-04,1.395089285714285637e-04,2.790178571428571274e-04,5.580357142857142547e-04,1.395089285714285637e-04,2.790178571428571274e-04,4.185267857142856911e-04,-4.185267857142856911e-04,-8.370535714285713821e-04,-6.975446428571428726e-04,0.000000000000000000e+00,-5.580357142857142547e-04,-8.370535714285713821e-04,-5.580357142857142547e-04,-1.395089285714285637e-04,-4.185267857142856911e-04,2.790178571428571274e-04,5.580357142857142547e-04,-4.185267857142856911e-04,-8.370535714285713821e-04,-1.395089285714285637e-04,-4.185267857142856911e-04,0.000000000000000000e+00,-1.395089285714285637e-04,2.790178571428571274e-04,1.395089285714285637e-04,4.185267857142856911e-04,-1.255580357142857236e-03,0.000000000000000000e+00,-4.185267857142856911e-04,1.395089285714285637e-04,0.000000000000000000e+00
3.417968750000000000e-02,3.459821428571428770e-02,3.376116071428571230e-02,3.473772321428571230e-02,3.404017857142856845e-02,3.529575892857143155e-02,3.362165178571428770e-02,3.431919642857143155e-02,3.599330357142856845e-02,3.445870535714285615e-02,3.459821428571428770e-02,3.543526785714285615e-02,3.515625000000000000e-02,3.501674107142856845e-02,3.613281250000000000e-02,3.431919642857143155e-02,3.515625000000000000e-02,3.473772321428571230e-02,3.320312500000000000e-02,3.362165178571428770e-02,3.543526785714285615e-02,3.445870535714285615e-02,3.417968750000000000e-02,3.431919642857143155e-02,3.459821428571428770e-02,3.390066964285714385e-02,3.445870535714285615e-02,3.571428571428571230e-02,3.459821428571428770e-02,3.417968750000000000e-02,3.487723214285714385e-02,3.543526785714285615e-02,3.487723214285714385e-02,3.487723214285714385e-02,3.515625000000000000e-02,3.459821428571428770e-02,3.459821428571428770e-02,3.431919642857143155e-02,3.431919642857143155e-02,3.390066964285714385e-02,3.585379464285714385e-02,3.487723214285714385e-02
1.185825892857142808e-02,1.213727678571428596e-02,1.143973214285714211e-02,1.143973214285714211e-02,1.157924107142857192e-02,1.199776785714285789e-02,1.241629464285714211e-02,1.143973214285714211e-02,1.157924107142857192e-02,1.116071428571428596e-02,1.213727678571428596e-02,1.185825892857142808e-02,1.213727678571428596e-02,1.171875000000000000e-02,1.088169642857142808e-02,1.185825892857142808e-02,1.241629464285714211e-02,1.171875000000000000e-02,1.227678571428571404e-02,1.157924107142857192e-02,1.171875000000000000e-02,1.241629464285714211e-02,1.143973214285714211e-02,1.199776785714285789e-02,1.130022321428571404e-02,1.157924107142857192e-02,1.130022321428571404e-02,1.157924107142857192e-02,1.241629464285714211e-02,1.143973214285714211e-02,1.060267857142857192e-02,1.185825892857142808e-02,1.157924107142857192e-02,1.102120535714285789e-02,1.171875000000000000e-02,1.185825892857142808e-02,1.241629464285714211e-02,1.157924107142857192e-02,1.157924107142857192e-02,1.157924107142857192e-02,1.130022321428571404e-02,1.199776785714285789e-02
-1.400669642857142738e-01,-1.389508928571428492e-01,-1.390904017857142738e-01,-1.396484375000000000e-01,-1.382533482142857262e-01,-1.376953125000000000e-01,-1.372767857142857262e-01,-1.389508928571428492e-01,-1.386718750000000000e-01,-1.376953125000000000e-01,-1.383928571428571508e-01,-1.372767857142857262e-01,-1.381138392857142738e-01,-1.376953125000000000e-01,-1.390904017857142738e-01,-1.378348214285714246e-01,-1.368582589285714246e-01,-1.410435267857142738e-01,-1.393694196428571508e-01,-1.402064732142857262e-01,-1.402064732142857262e-01,-1.396484375000000000e-01,-1.397879464285714246e-01,-1.383928571428571508e-01,-1.397879464285714246e-01,-1.395089285714285754e-01,-1.402064732142857262e-01,-1.397879464285714246e-01,-1.395089285714285754e-01,-1.403459821428571508e-01,-1.396484375000000000e-01,-1.392299107142857262e-01,-1.388113839285714246e-01,-1.389508928571428492e-01,-1.386718750000000000e-01,-1.378348214285714246e-01,-1.386718750000000000e-01,-1.383928571428571508e-01,-1.383928571428571508e-01,-1.378348214285714246e-01,-1.385323660714285754e-01,-1.381138392857142738e-01
-3.822544642857143155e-02,-3.850446428571428770e-02,-3.822544642857143155e-02,-3.710937500000000000e-02,-3.822544642857143155e-02,-3.808593750000000000e-02,-3.766741071428571230e-02,-3.836495535714285615e-02,-3.808593750000000000e-02,-3.836495535714285615e-02,-3.752790178571428770e-02,-3.766741071428571230e-02,-3.766741071428571230e-02,-3.780691964285714385e-02,-3.794642857142856845e-02,-3.808593750000000000e-02,-3.738839285714285615e-02,-3.878348214285714385e-02,-3.864397321428571230e-02,-3.850446428571428770e-02,-3.808593750000000000e-02,-3.836495535714285615e-02,-3.892299107142856845e-02,-3.836495535714285615e-02,-3.850446428571428770e-02,-3.794642857142856845e-02,-3.766741071428571230e-02,-3.794642857142856845e-02,-3.766741071428571230e-02,-3.864397321428571230e-02,-3.878348214285714385e-02,-3.794642857142856845e-02,-3.808593750000000000e-02,-3.850446428571428770e-02,-3.794642857142856845e-02,-3.766741071428571230e-02,-3.766741071428571230e-02,-3.920200892857143155e-02,-3.752790178571428770e-02,-3.822544642857143155e-02,-3.808593750000000000e-02,-3.738839285714285615e-02
1.646205357142857192e-02,1.674107142857142808e-02,1.702008928571428423e-02,1.743861607142857192e-02,1.632254464285714385e-02,1.799665178571428423e-02,1.674107142857142808e-02,1.785714285714285615e-02,1.827566964285714385e-02,1.618303571428571577e-02,1.660156250000000000e-02,1.729910714285714385e-02,1.743861607142857192e-02,1.841517857142857192e-02,1.841517857142857192e-02,1.688058035714285615e-02,1.729910714285714385e-02,1.771763392857142808e-02,1.715959821428571577e-02,1.660156250000000000e-02,1.785714285714285615e-02,1.688058035714285615e-02,1.757812500000000000e-02,1.688058035714285615e-02,1.674107142857142808e-02,1.743861607142857192e-02,1.715959821428571577e-02,1.813616071428571577e-02,1.729910714285714385e-02,1.715959821428571577e-02,1.813616071428571577e-02,1.729910714285714385e-02,1.743861607142857192e-02,1.799665178571428423e-02,1.771763392857142808e-02,1.743861607142857192e-02,1.771763392857142808e-02,1.590401785714285615e-02,1.688058035714285615e-02,1.729910714285714385e-02,1.729910714285714385e-02,1.743861607142857192e-02
8.370535714285714038e-03,8.649553571428571924e-03,7.812500000000000000e-03,8.649553571428571924e-03,7.952008928571428076e-03,8.789062500000000000e-03,8.789062500000000000e-03,7.812500000000000000e-03,7.672991071428571057e-03,8.091517857142857886e-03,8.789062500000000000e-03,8.510044642857142114e-03,8.649553571428571924e-03,8.370535714285714038e-03,7.533482142857142981e-03,8.091517857142857886e-03,8.370535714285714038e-03,9.068080357142857886e-03,9.207589285714285962e-03,9.765625000000000000e-03,8.649553571428571924e-03,9.347098214285714038e-03,8.370535714285714038e-03,9.905133928571428076e-03,8.789062500000000000e-03,9.207589285714285962e-03,8.928571428571428076e-03,8.510044642857142114e-03,9.207589285714285962e-03,8.231026785714285962e-03,8.789062500000000000e-03,8.510044642857142114e-03,8.928571428571428076e-03,8.231026785714285962e-03,8.649553571428571924e-03,8.370535714285714038e-03,8.370535714285714038e-03,8.510044642857142114e-03,9.207589285714285962e-03,9.207589285714285962e-03,8.091517857142857886e-03,8.928571428571428076e-03
-6.654575892857142461e-02,-6.654575892857142461e-02,-6.654575892857142461e-02,-6.682477678571428770e-02,-6.612723214285713691e-02,-6.668526785714286309e-02,-6.626674107142857539e-02,-6.612723214285713691e-02,-6.682477678571428770e-02,-6.724330357142857539e-02,-6.626674107142857539e-02,-6.626674107142857539e-02,-6.668526785714286309e-02,-6.626674107142857539e-02,-6.835937500000000000e-02,-6.640625000000000000e-02,-6.556919642857142461e-02,-6.654575892857142461e-02,-6.542968750000000000e-02,-6.668526785714286309e-02,-6.668526785714286309e-02,-6.612723214285713691e-02,-6.668526785714286309e-02,-6.501116071428571230e-02,-6.682477678571428770e-02,-6.640625000000000000e-02,-6.668526785714286309e-02,-6.668526785714286309e-02,-6.598772321428571230e-02,-6.710379464285713691e-02,-6.682477678571428770e-02,-6.696428571428571230e-02,-6.556919642857142461e-02,-6.668526785714286309e-02,-6.738281250000000000e-02,-6.654575892857142461e-02,-6.668526785714286309e-02,-6.598772321428571230e-02,-6.640625000000000000e-02,-6.556919642857142461e-02,-6.654575892857142461e-02,-6.626674107142857539e-02
2.246093750000000000e-02,2.287946428571428423e-02,2.287946428571428423e-02,2.301897321428571577e-02,2.218191964285714385e-02,2.287946428571428423e-02,2.218191964285714385e-02,2.260044642857142808e-02,2.232142857142857192e-02,2.218191964285714385e-02,2.232142857142857192e-02,2.273995535714285615e-02,2.301897321428571577e-02,2.273995535714285615e-02,2.273995535714285615e-02,2.232142857142857192e-02,2.315848214285714385e-02,2.357700892857142808e-02,2.343750000000000000e-02,2.385602678571428423e-02,2.413504464285714385e-02,2.315848214285714385e-02,2.287946428571428423e-02,2.273995535714285615e-02,2.371651785714285615e-02,2.301897321428571577e-02,2.315848214285714385e-02,2.371651785714285615e-02,2.399553571428571577e-02,2.287946428571428423e-02,2.301897321428571577e-02,2.329799107142857192e-02,2.301897321428571577e-02,2.232142857142857192e-02,2.301897321428571577e-02,2.287946428571428423e-02,2.315848214285714385e-02,2.260044642857142808e-02,2.301897321428571577e-02,2.162388392857142808e-02,2.273995535714285615e-02,2.329799107142857192e-02
7.059151785714286309e-02,7.003348214285713691e-02,6.975446428571428770e-02,7.059151785714286309e-02,6.863839285714286309e-02,7.031250000000000000e-02,6.877790178571428770e-02,7.003348214285713691e-02,7.073102678571428770e-02,6.877790178571428770e-02,6.933593750000000000e-02,6.961495535714286309e-02,7.003348214285713691e-02,6.989397321428571230e-02,7.101004464285713691e-02,6.863839285714286309e-02,6.961495535714286309e-02,7.142857142857142461e-02,7.156808035714286309e-02,7.073102678571428770e-02,7.156808035714286309e-02,6.989397321428571230e-02,6.975446428571428770e-02,7.017299107142857539e-02,7.031250000000000000e-02,7.073102678571428770e-02,7.045200892857142461e-02,7.170758928571428770e-02,7.101004464285713691e-02,6.975446428571428770e-02,7.087053571428571230e-02,7.087053571428571230e-02,7.059151785714286309e-02,7.017299107142857539e-02,7.045200892857142461e-02,7.101004464285713691e-02,7.003348214285713691e-02,6.989397321428571230e-02,7.017299107142857539e-02,6.961495535714286309e-02,6.989397321428571230e-02,7.031250000000000000e-02
4.910714285714285615e-02,4.910714285714285615e-02,4.896763392857143155e-02,4.966517857142856845e-02,4.952566964285714385e-02,4.924665178571428770e-02,4.938616071428571230e-02,4.910714285714285615e-02,4.924665178571428770e-02,4.882812500000000000e-02,4.854910714285714385e-02,4.924665178571428770e-02,4.868861607142856845e-02,4.910714285714285615e-02,4.854910714285714385e-02,4.854910714285714385e-02,4.882812500000000000e-02,5.161830357142856845e-02,5.119977678571428770e-02,5.133928571428571230e-02,5.078125000000000000e-02,5.092075892857143155e-02,4.980468750000000000e-02,5.119977678571428770e-02,5.064174107142856845e-02,5.008370535714285615e-02,5.022321428571428770e-02,5.064174107142856845e-02,5.106026785714285615e-02,4.994419642857143155e-02,4.980468750000000000e-02,4.966517857142856845e-02,4.980468750000000000e-02,4.882812500000000000e-02,4.924665178571428770e-02,4.924665178571428770e-02,4.938616071428571230e-02,4.994419642857143155e-02,4.924665178571428770e-02,4.924665178571428770e-02,4.938616071428571230e-02,4.980468750000000000e-02
-2.929687500000000000e-03,-3.348214285714285528e-03,-2.929687500000000000e-03,-3.487723214285714472e-03,-3.069196428571428509e-03,-3.906250000000000000e-03,-3.348214285714285528e-03,-4.743303571428571057e-03,-4.464285714285714038e-03,-4.045758928571428943e-03,-3.627232142857142981e-03,-3.487723214285714472e-03,-3.487723214285714472e-03,-3.487723214285714472e-03,-5.301339285714285962e-03,-4.882812500000000000e-03,-2.650669642857142981e-03,-2.232142857142857019e-03,-1.674107142857142764e-03,-1.953125000000000000e-03,-2.650669642857142981e-03,-2.232142857142857019e-03,-2.790178571428571491e-03,-2.092633928571428509e-03,-3.069196428571428509e-03,-2.650669642857142981e-03,-2.371651785714285528e-03,-2.929687500000000000e-03,-2.650669642857142981e-03,-3.627232142857142981e-03,-3.627232142857142981e-03,-3.348214285714285528e-03,-3.208705357142857019e-03,-4.743303571428571057e-03,-3.906250000000000000e-03,-3.208705357142857019e-03,-3.208705357142857019e-03,-3.208705357142857019e-03,-2.650669642857142981e-03,-2.929687500000000000e-03,-4.185267857142857019e-03,-3.487723214285714472e-03
7.798549107142857539e-02,7.854352678571428770e-02,7.868303571428571230e-02,7.868303571428571230e-02,7.798549107142857539e-02,7.868303571428571230e-02,7.798549107142857539e-02,7.840401785714286309e-02,7.812500000000000000e-02,7.798549107142857539e-02,7.798549107142857539e-02,7.826450892857142461e-02,7.812500000000000000e-02,7.798549107142857539e-02,7.826450892857142461e-02,7.672991071428571230e-02,7.770647321428571230e-02,8.049665178571428770e-02,7.993861607142857539e-02,8.007812500000000000e-02,8.021763392857142461e-02,7.938058035714286309e-02,7.924107142857142461e-02,7.938058035714286309e-02,7.993861607142857539e-02,7.910156250000000000e-02,7.965959821428571230e-02,8.007812500000000000e-02,7.979910714285713691e-02,7.854352678571428770e-02,7.840401785714286309e-02,7.910156250000000000e-02,7.924107142857142461e-02,7.924107142857142461e-02,7.882254464285713691e-02,7.854352678571428770e-02,7.868303571428571230e-02,7.868303571428571230e-02,7.868303571428571230e-02,7.882254464285713691e-02,7.812500000000000000e-02,7.882254464285713691e-02
1.190011160714285754e-01,1.184430803571428631e-01,1.177455357142857123e-01,1.188616071428571369e-01,1.177455357142857123e-01,1.185825892857142877e-01,1.169084821428571369e-01,1.177455357142857123e-01,1.184430803571428631e-01,1.170479910714285754e-01,1.177455357142857123e-01,1.174665178571428631e-01,1.184430803571428631e-01,1.177455357142857123e-01,1.188616071428571369e-01,1.170479910714285754e-01,1.167689732142857123e-01,1.203962053571428631e-01,1.195591517857142877e-01,1.191406250000000000e-01,1.206752232142857123e-01,1.190011160714285754e-01,1.184430803571428631e-01,1.185825892857142877e-01,1.194196428571428631e-01,1.194196428571428631e-01,1.194196428571428631e-01,1.199776785714285754e-01,1.195591517857142877e-01,1.188616071428571369e-01,1.191406250000000000e-01,1.192801339285714246e-01,1.191406250000000000e-01,1.191406250000000000e-01,1.192801339285714246e-01,1.184430803571428631e-01,1.185825892857142877e-01,1.177455357142857123e-01,1.180245535714285754e-01,1.174665178571428631e-01,1.183035714285714246e-01,1.180245535714285754e-01
8.789062500000000000e-02,8.747209821428571230e-02,8.761160714285713691e-02,8.775111607142857539e-02,8.747209821428571230e-02,8.733258928571428770e-02,8.789062500000000000e-02,8.691406250000000000e-02,8.677455357142857539e-02,8.719308035714286309e-02,8.733258928571428770e-02,8.733258928571428770e-02,8.677455357142857539e-02,8.761160714285713691e-02,8.635602678571428770e-02,8.579799107142857539e-02,8.719308035714286309e-02,9.054129464285713691e-02,8.970424107142857539e-02,8.956473214285713691e-02,8.886718750000000000e-02,8.914620535714286309e-02,8.886718750000000000e-02,8.970424107142857539e-02,8.872767857142857539e-02,8.858816964285713691e-02,8.844866071428571230e-02,8.900669642857142461e-02,8.830915178571428770e-02,8.775111607142857539e-02,8.844866071428571230e-02,8.872767857142857539e-02,8.844866071428571230e-02,8.719308035714286309e-02,8.803013392857142461e-02,8.803013392857142461e-02,8.803013392857142461e-02,8.775111607142857539e-02,8.789062500000000000e-02,8.803013392857142461e-02,8.719308035714286309e-02,8.789062500000000000e-02
9.765625000000000000e-03,9.626116071428571924e-03,9.347098214285714038e-03,9.486607142857142114e-03,9.486607142857142114e-03,9.905133928571428076e-03,1.046316964285714211e-02,8.789062500000000000e-03,9.765625000000000000e-03,9.486607142857142114e-03,9.905133928571428076e-03,1.018415178571428596e-02,1.004464285714285789e-02,9.905133928571428076e-03,9.486607142857142114e-03,9.068080357142857886e-03,1.004464285714285789e-02,1.060267857142857192e-02,1.046316964285714211e-02,1.018415178571428596e-02,1.060267857142857192e-02,1.046316964285714211e-02,1.018415178571428596e-02,1.102120535714285789e-02,9.765625000000000000e-03,1.004464285714285789e-02,1.004464285714285789e-02,1.032366071428571404e-02,1.004464285714285789e-02,9.347098214285714038e-03,9.626116071428571924e-03,9.765625000000000000e-03,9.905133928571428076e-03,9.486607142857142114e-03,9.905133928571428076e-03,9.486607142857142114e-03,9.765625000000000000e-03,9.486607142857142114e-03,1.060267857142857192e-02,1.004464285714285789e-02,9.347098214285714038e-03,9.905133928571428076e-03
2.832031250000000000e-02,2.901785714285714385e-02,2.832031250000000000e-02,2.804129464285714385e-02,2.762276785714285615e-02,2.887834821428571577e-02,2.873883928571428423e-02,2.804129464285714385e-02,2.901785714285714385e-02,2.859933035714285615e-02,2.776227678571428423e-02,2.873883928571428423e-02,2.887834821428571577e-02,2.873883928571428423e-02,2.943638392857142808e-02,2.804129464285714385e-02,2.887834821428571577e-02,2.929687500000000000e-02,2.887834821428571577e-02,2.832031250000000000e-02,2.915736607142857192e-02,2.859933035714285615e-02,2.901785714285714385e-02,2.887834821428571577e-02,2.845982142857142808e-02,2.845982142857142808e-02,2.859933035714285615e-02,2.929687500000000000e-02,2.887834821428571577e-02,2.832031250000000000e-02,2.887834821428571577e-02,2.901785714285714385e-02,2.929687500000000000e-02,2.901785714285714385e-02,2.915736607142857192e-02,2.887834821428571577e-02,2.887834821428571577e-02,2.859933035714285615e-02,2.859933035714285615e-02,2.915736607142857192e-02,2.915736607142857192e-02,2.873883928571428423e-02
6.375558035714286309e-02,6.361607142857142461e-02,6.305803571428571230e-02,6.361607142857142461e-02,6.291852678571428770e-02,6.431361607142857539e-02,6.277901785714286309e-02,6.277901785714286309e-02,6.389508928571428770e-02,6.291852678571428770e-02,6.333705357142857539e-02,6.375558035714286309e-02,6.487165178571428770e-02,6.361607142857142461e-02,6.473214285714286309e-02,6.319754464285713691e-02,6.263950892857142461e-02,6.417410714285713691e-02,6.291852678571428770e-02,6.347656250000000000e-02,6.403459821428571230e-02,6.305803571428571230e-02,6.319754464285713691e-02,6.305803571428571230e-02,6.403459821428571230e-02,6.347656250000000000e-02,6.375558035714286309e-02,6.445312500000000000e-02,6.361607142857142461e-02,6.305803571428571230e-02,6.389508928571428770e-02,6.319754464285713691e-02,6.389508928571428770e-02,6.389508928571428770e-02,6.417410714285713691e-02,6.445312500000000000e-02,6.305803571428571230e-02,6.263950892857142461e-02,6.347656250000000000e-02,6.291852678571428770e-02,6.375558035714286309e-02,6.361607142857142461e-02
3.417968750000000000e-02,3.445870535714285615e-02,3.390066964285714385e-02,3.417968750000000000e-02,3.431919642857143155e-02,3.459821428571428770e-02,3.473772321428571230e-02,3.390066964285714385e-02,3.376116071428571230e-02,3.417968750000000000e-02,3.431919642857143155e-02,3.404017857142856845e-02,3.445870535714285615e-02,3.501674107142856845e-02,3.348214285714285615e-02,3.376116071428571230e-02,3.459821428571428770e-02,3.571428571428571230e-02,3.543526785714285615e-02,3.529575892857143155e-02,3.487723214285714385e-02,3.487723214285714385e-02,3.501674107142856845e-02,3.571428571428571230e-02,3.459821428571428770e-02,3.487723214285714385e-02,3.487723214285714385e-02,3.515625000000000000e-02,3.445870535714285615e-02,3.417968750000000000e-02,3.431919642857143155e-02,3.431919642857143155e-02,3.501674107142856845e-02,3.417968750000000000e-02,3.417968750000000000e-02,3.431919642857143155e-02,3.501674107142856845e-02,3.445870535714285615e-02,3.431919642857143155e-02,3.445870535714285615e-02,3.404017857142856845e-02,3.445870535714285615e-02
-5.608258928571428770e-02,-5.594308035714285615e-02,-5.538504464285714385e-02,-5.538504464285714385e-02,-5.594308035714285615e-02,-5.538504464285714385e-02,-5.440848214285714385e-02,-5.608258928571428770e-02,-5.664062500000000000e-02,-5.552455357142856845e-02,-5.412946428571428770e-02,-5.510602678571428770e-02,-5.524553571428571230e-02,-5.412946428571428770e-02,-5.594308035714285615e-02,-5.538504464285714385e-02,-5.398995535714285615e-02,-5.650111607142856845e-02,-5.524553571428571230e-02,-5.594308035714285615e-02,-5.594308035714285615e-02,-5.566406250000000000e-02,-5.622209821428571230e-02,-5.580357142857143155e-02,-5.664062500000000000e-02,-5.552455357142856845e-02,-5.566406250000000000e-02,-5.608258928571428770e-02,-5.650111607142856845e-02,-5.636160714285714385e-02,-5.636160714285714385e-02,-5.552455357142856845e-02,-5.552455357142856845e-02,-5.664062500000000000e-02,-5.594308035714285615e-02,-5.594308035714285615e-02,-5.524553571428571230e-02,-5.524553571428571230e-02,-5.538504464285714385e-02,-5.510602678571428770e-02,-5.538504464285714385e-02,-5.468750000000000000e-02
-1.255580357142857236e-03,-1.395089285714285745e-03,-1.674107142857142764e-03,-1.116071428571428509e-03,-1.116071428571428509e-03,-4.185267857142856911e-04,-1.813616071428571491e-03,-1.534598214285714255e-03,-1.255580357142857236e-03,-1.674107142857142764e-03,-9.765625000000000000e-04,-6.975446428571428726e-04,-4.185267857142856911e-04,2.790178571428571274e-04,0.000000000000000000e+00,-8.370535714285713821e-04,-9.765625000000000000e-04,-6.975446428571428726e-04,-1.674107142857142764e-03,-2.092633928571428509e-03,-1.255580357142857236e-03,-2.232142857142857019e-03,-1.255580357142857236e-03,-1.534598214285714255e-03,-1.534598214285714255e-03,-1.534598214285714255e-03,-9.765625000000000000e-04,-1.116071428571428509e-03,-1.116071428571428509e-03,-1.255580357142857236e-03,-9.765625000000000000e-04,-8.370535714285713821e-04,-8.370535714285713821e-04,-1.255580357142857236e-03,-1.255580357142857236e-03,-1.674107142857142764e-03,-1.674107142857142764e-03,-5.580357142857142547e-04,-8.370535714285713821e-04,-5.580357142857142547e-04,-4.185267857142856911e-04,-1.255580357142857236e-03
3.529575892857143155e-02,3.613281250000000000e-02,3.543526785714285615e-02,3.613281250000000000e-02,3.585379464285714385e-02,3.641183035714285615e-02,3.487723214285714385e-02,3.613281250000000000e-02,3.696986607142856845e-02,3.585379464285714385e-02,3.585379464285714385e-02,3.669084821428571230e-02,3.696986607142856845e-02,3.585379464285714385e-02,3.780691964285714385e-02,3.585379464285714385e-02,3.529575892857143155e-02,3.655133928571428770e-02,3.473772321428571230e-02,3.473772321428571230e-02,3.571428571428571230e-02,3.473772321428571230e-02,3.515625000000000000e-02,3.501674107142856845e-02,3.571428571428571230e-02,3.529575892857143155e-02,3.557477678571428770e-02,3.613281250000000000e-02,3.696986607142856845e-02,3.613281250000000000e-02,3.613281250000000000e-02,3.599330357142856845e-02,3.641183035714285615e-02,3.613281250000000000e-02,3.641183035714285615e-02,3.641183035714285615e-02,3.473772321428571230e-02,3.543526785714285615e-02,3.543526785714285615e-02,3.585379464285714385e-02,3.613281250000000000e-02,3.710937500000000000e-02
1.213727678571428596e-02,1.227678571428571404e-02,1.213727678571428596e-02,1.269531250000000000e-02,1.283482142857142808e-02,1.185825892857142808e-02,1.241629464285714211e-02,1.199776785714285789e-02,1.199776785714285789e-02,1.269531250000000000e-02,1.255580357142857192e-02,1.213727678571428596e-02,1.227678571428571404e-02,1.283482142857142808e-02,1.143973214285714211e-02,1.213727678571428596e-02,1.255580357142857192e-02,1.241629464285714211e-02,1.171875000000000000e-02,1.213727678571428596e-02,1.269531250000000000e-02,1.269531250000000000e-02,1.241629464285714211e-02,1.227678571428571404e-02,1.171875000000000000e-02,1.227678571428571404e-02,1.255580357142857192e-02,1.255580357142857192e-02,1.269531250000000000e-02,1.199776785714285789e-02,1.227678571428571404e-02,1.227678571428571404e-02,1.227678571428571404e-02,1.185825892857142808e-02,1.213727678571428596e-02,1.227678571428571404e-02,1.269531250000000000e-02,1.255580357142857192e-02,1.199776785714285789e-02,1.269531250000000000e-02,1.213727678571428596e-02,1.297433035714285789e-02
-7.700892857142857539e-02,-7.686941964285713691e-02,-7.575334821428571230e-02,-7.603236607142857539e-02,-7.631138392857142461e-02,-7.589285714285713691e-02,-7.491629464285713691e-02,-7.533482142857142461e-02,-7.714843750000000000e-02,-7.533482142857142461e-02,-7.561383928571428770e-02,-7.561383928571428770e-02,-7.533482142857142461e-02,-7.435825892857142461e-02,-7.617187500000000000e-02,-7.491629464285713691e-02,-7.407924107142857539e-02,-7.840401785714286309e-02,-7.645089285714286309e-02,-7.700892857142857539e-02,-7.728794642857142461e-02,-7.561383928571428770e-02,-7.672991071428571230e-02,-7.617187500000000000e-02,-7.756696428571428770e-02,-7.672991071428571230e-02,-7.603236607142857539e-02,-7.645089285714286309e-02,-7.645089285714286309e-02,-7.686941964285713691e-02,-7.659040178571428770e-02,-7.603236607142857539e-02,-7.617187500000000000e-02,-7.672991071428571230e-02,-7.603236607142857539e-02,-7.672991071428571230e-02,-7.533482142857142461e-02,-7.575334821428571230e-02,-7.589285714285713691e-02,-7.505580357142857539e-02,-7.491629464285713691e-02,-7.463727678571428770e-02
-1.702008928571428423e-02,-1.688058035714285615e-02,-1.674107142857142808e-02,-1.604352678571428423e-02,-1.660156250000000000e-02,-1.632254464285714385e-02,-1.702008928571428423e-02,-1.660156250000000000e-02,-1.646205357142857192e-02,-1.632254464285714385e-02,-1.548549107142857192e-02,-1.632254464285714385e-02,-1.604352678571428423e-02,-1.590401785714285615e-02,-1.590401785714285615e-02,-1.604352678571428423e-02,-1.688058035714285615e-02,-1.785714285714285615e-02,-1.757812500000000000e-02,-1.799665178571428423e-02,-1.688058035714285615e-02,-1.743861607142857192e-02,-1.715959821428571577e-02,-1.757812500000000000e-02,-1.688058035714285615e-02,-1.688058035714285615e-02,-1.674107142857142808e-02,-1.702008928571428423e-02,-1.715959821428571577e-02,-1.771763392857142808e-02,-1.674107142857142808e-02,-1.702008928571428423e-02,-1.688058035714285615e-02,-1.688058035714285615e-02,-1.743861607142857192e-02,-1.688058035714285615e-02,-1.660156250000000000e-02,-1.688058035714285615e-02,-1.715959821428571577e-02,-1.674107142857142808e-02,-1.702008928571428423e-02,-1.604352678571428423e-02
2.078683035714285615e-02,2.092633928571428423e-02,2.092633928571428423e-02,2.120535714285714385e-02,2.134486607142857192e-02,2.218191964285714385e-02,2.134486607142857192e-02,2.218191964285714385e-02,2.176339285714285615e-02,2.190290178571428423e-02,2.134486607142857192e-02,2.218191964285714385e-02,2.218191964285714385e-02,2.176339285714285615e-02,2.315848214285714385e-02,2.162388392857142808e-02,2.092633928571428423e-02,2.064732142857142808e-02,1.939174107142857192e-02,2.022879464285714385e-02,2.120535714285714385e-02,2.036830357142857192e-02,2.022879464285714385e-02,2.120535714285714385e-02,2.092633928571428423e-02,2.050781250000000000e-02,2.134486607142857192e-02,2.190290178571428423e-02,2.106584821428571577e-02,2.134486607142857192e-02,2.148437500000000000e-02,2.134486607142857192e-02,2.134486607142857192e-02,2.148437500000000000e-02,2.162388392857142808e-02,2.204241071428571577e-02,2.064732142857142808e-02,2.120535714285714385e-02,2.134486607142857192e-02,2.106584821428571577e-02,2.204241071428571577e-02,2.218191964285714385e-02
-2.790178571428571274e-04,6.975446428571428726e-04,4.185267857142856911e-04,1.255580357142857236e-03,1.116071428571428509e-03,2.790178571428571274e-04,1.116071428571428509e-03,1.395089285714285637e-04,-2.790178571428571274e-04,6.975446428571428726e-04,9.765625000000000000e-04,4.185267857142856911e-04,1.116071428571428509e-03,9.765625000000000000e-04,4.185267857142856911e-04,8.370535714285713821e-04,1.255580357142857236e-03,-2.790178571428571274e-04,6.975446428571428726e-04,5.580357142857142547e-04,2.790178571428571274e-04,6.975446428571428726e-04,-1.395089285714285637e-04,6.975446428571428726e-04,-5.580357142857142547e-04,8.370535714285713821e-04,9.765625000000000000e-04,5.580357142857142547e-04,2.790178571428571274e-04,4.185267857142856911e-04,0.000000000000000000e+00,0.000000000000000000e+00,6.975446428571428726e-04,0.000000000000000000e+00,1.395089285714285637e-04,5.580357142857142547e-04,9.765625000000000000e-04,4.185267857142856911e-04,1.255580357142857236e-03,2.790178571428571274e-04,5.580357142857142547e-04,9.765625000000000000e-04
-1.099330357142857123e-01,-1.097935267857142877e-01,-1.096540178571428631e-01,-1.096540178571428631e-01,-1.097935267857142877e-01,-1.100725446428571369e-01,-1.082589285714285754e-01,-1.090959821428571369e-01,-1.110491071428571369e-01,-1.086774553571428631e-01,-1.090959821428571369e-01,-1.097935267857142877e-01,-1.089564732142857123e-01,-1.089564732142857123e-01,-1.099330357142857123e-01,-1.085379464285714246e-01,-1.079799107142857123e-01,-1.110491071428571369e-01,-1.096540178571428631e-01,-1.100725446428571369e-01,-1.110491071428571369e-01,-1.095145089285714246e-01,-1.099330357142857123e-01,-1.090959821428571369e-01,-1.111886160714285754e-01,-1.100725446428571369e-01,-1.096540178571428631e-01,-1.103515625000000000e-01,-1.095145089285714246e-01,-1.104910714285714246e-01,-1.099330357142857123e-01,-1.099330357142857123e-01,-1.095145089285714246e-01,-1.102120535714285754e-01,-1.100725446428571369e-01,-1.114676339285714246e-01,-1.090959821428571369e-01,-1.096540178571428631e-01,-1.090959821428571369e-01,-1.078404017857142877e-01,-1.093750000000000000e-01,-1.083984375000000000e-01
-1.213727678571428596e-02,-1.297433035714285789e-02,-1.311383928571428596e-02,-1.269531250000000000e-02,-1.227678571428571404e-02,-1.255580357142857192e-02,-1.269531250000000000e-02,-1.241629464285714211e-02,-1.283482142857142808e-02,-1.227678571428571404e-02,-1.143973214285714211e-02,-1.255580357142857192e-02,-1.143973214285714211e-02,-1.325334821428571404e-02,-1.241629464285714211e-02,-1.297433035714285789e-02,-1.199776785714285789e-02,-1.325334821428571404e-02,-1.269531250000000000e-02,-1.241629464285714211e-02,-1.269531250000000000e-02,-1.241629464285714211e-02,-1.297433035714285789e-02,-1.269531250000000000e-02,-1.269531250000000000e-02,-1.213727678571428596e-02,-1.185825892857142808e-02,-1.297433035714285789e-02,-1.213727678571428596e-02,-1.297433035714285789e-02,-1.269531250000000000e-02,-1.213727678571428596e-02,-1.269531250000000000e-02,-1.311383928571428596e-02,-1.227678571428571404e-02,-1.269531250000000000e-02,-1.199776785714285789e-02,-1.227678571428571404e-02,-1.241629464285714211e-02,-1.213727678571428596e-02,-1.241629464285714211e-02,-1.227678571428571404e-02
3.487723214285714385e-02,3.473772321428571230e-02,3.487723214285714385e-02,3.529575892857143155e-02,3.599330357142856845e-02,3.613281250000000000e-02,3.445870535714285615e-02,3.557477678571428770e-02,3.529575892857143155e-02,3.473772321428571230e-02,3.501674107142856845e-02,3.487723214285714385e-02,3.585379464285714385e-02,3.501674107142856845e-02,3.710937500000000000e-02,3.557477678571428770e-02,3.501674107142856845e-02,3.613281250000000000e-02,3.487723214285714385e-02,3.543526785714285615e-02,3.613281250000000000e-02,3.571428571428571230e-02,3.529575892857143155e-02,3.627232142857143155e-02,3.585379464285714385e-02,3.557477678571428770e-02,3.655133928571428770e-02,3.571428571428571230e-02,3.557477678571428770e-02,3.515625000000000000e-02,3.599330357142856845e-02,3.515625000000000000e-02,3.543526785714285615e-02,3.613281250000000000e-02,3.543526785714285615e-02,3.599330357142856845e-02,3.501674107142856845e-02,3.585379464285714385e-02,3.571428571428571230e-02,3.473772321428571230e-02,3.599330357142856845e-02,3.529575892857143155e-02
2.092633928571428423e-02,2.148437500000000000e-02,2.148437500000000000e-02,2.176339285714285615e-02,2.148437500000000000e-02,2.092633928571428423e-02,2.148437500000000000e-02,2.064732142857142808e-02,2.078683035714285615e-02,2.106584821428571577e-02,2.190290178571428423e-02,2.106584821428571577e-02,2.134486607142857192e-02,2.092633928571428423e-02,2.078683035714285615e-02,2.064732142857142808e-02,2.120535714285714385e-02,2.162388392857142808e-02,2.246093750000000000e-02,2.218191964285714385e-02,2.162388392857142808e-02,2.204241071428571577e-02,2.176339285714285615e-02,2.190290178571428423e-02,2.106584821428571577e-02,2.218191964285714385e-02,2.190290178571428423e-02,2.106584821428571577e-02,2.190290178571428423e-02,2.190290178571428423e-02,2.176339285714285615e-02,2.148437500000000000e-02,2.190290178571428423e-02,2.148437500000000000e-02,2.162388392857142808e-02,2.078683035714285615e-02,2.176339285714285615e-02,2.162388392857142808e-02,2.148437500000000000e-02,2.176339285714285615e-02,2.148437500000000000e-02,2.218191964285714385e-02
-3.459821428571428770e-02,-3.417968750000000000e-02,-3.404017857142856845e-02,-3.404017857142856845e-02,-3.362165178571428770e-02,-3.459821428571428770e-02,-3.334263392857143155e-02,-3.404017857142856845e-02,-3.445870535714285615e-02,-3.390066964285714385e-02,-3.417968750000000000e-02,-3.404017857142856845e-02,-3.417968750000000000e-02,-3.404017857142856845e-02,-3.473772321428571230e-02,-3.445870535714285615e-02,-3.306361607142856845e-02,-3.362165178571428770e-02,-3.194754464285714385e-02,-3.306361607142856845e-02,-3.376116071428571230e-02,-3.306361607142856845e-02,-3.320312500000000000e-02,-3.292410714285714385e-02,-3.459821428571428770e-02,-3.320312500000000000e-02,-3.362165178571428770e-02,-3.376116071428571230e-02,-3.390066964285714385e-02,-3.306361607142856845e-02,-3.404017857142856845e-02,-3.348214285714285615e-02,-3.390066964285714385e-02,-3.417968750000000000e-02,-3.431919642857143155e-02,-3.487723214285714385e-02,-3.362165178571428770e-02,-3.417968750000000000e-02,-3.362165178571428770e-02,-3.222656250000000000e-02,-3.348214285714285615e-02,-3.362165178571428770e-02
5.245535714285714385e-02,5.329241071428571230e-02,5.273437500000000000e-02,5.329241071428571230e-02,5.273437500000000000e-02,5.273437500000000000e-02,5.259486607142856845e-02,5.231584821428571230e-02,5.287388392857143155e-02,5.245535714285714385e-02,5.231584821428571230e-02,5.245535714285714385e-02,5.315290178571428770e-02,5.259486607142856845e-02,5.287388392857143155e-02,5.217633928571428770e-02,5.203683035714285615e-02,5.398995535714285615e-02,5.343191964285714385e-02,5.371093750000000000e-02,5.329241071428571230e-02,5.398995535714285615e-02,5.315290178571428770e-02,5.315290178571428770e-02,5.385044642857143155e-02,5.343191964285714385e-02,5.398995535714285615e-02,5.329241071428571230e-02,5.357142857142856845e-02,5.315290178571428770e-02,5.315290178571428770e-02,5.357142857142856845e-02,5.231584821428571230e-02,5.329241071428571230e-02,5.287388392857143155e-02,5.343191964285714385e-02,5.301339285714285615e-02,5.315290178571428770e-02,5.287388392857143155e-02,5.231584821428571230e-02,5.245535714285714385e-02,5.329241071428571230e-02
9.430803571428571230e-02,9.361049107142857539e-02,9.319196428571428770e-02,9.361049107142857539e-02,9.347098214285713691e-02,9.486607142857142461e-02,9.347098214285713691e-02,9.388950892857142461e-02,9.388950892857142461e-02,9.361049107142857539e-02,9.347098214285713691e-02,9.305245535714286309e-02,9.402901785714286309e-02,9.347098214285713691e-02,9.430803571428571230e-02,9.333147321428571230e-02,9.277343750000000000e-02,9.542410714285713691e-02,9.361049107142857539e-02,9.486607142857142461e-02,9.542410714285713691e-02,9.528459821428571230e-02,9.458705357142857539e-02,9.486607142857142461e-02,9.570312500000000000e-02,9.458705357142857539e-02,9.556361607142857539e-02,9.528459821428571230e-02,9.486607142857142461e-02,9.402901785714286309e-02,9.514508928571428770e-02,9.458705357142857539e-02,9.430803571428571230e-02,9.486607142857142461e-02,9.402901785714286309e-02,9.500558035714286309e-02,9.388950892857142461e-02,9.472656250000000000e-02,9.402901785714286309e-02,9.291294642857142461e-02,9.375000000000000000e-02,9.319196428571428770e-02
6.808035714285713691e-02,6.766183035714286309e-02,6.794084821428571230e-02,6.780133928571428770e-02,6.794084821428571230e-02,6.766183035714286309e-02,6.794084821428571230e-02,6.738281250000000000e-02,6.766183035714286309e-02,6.794084821428571230e-02,6.724330357142857539e-02,6.738281250000000000e-02,6.682477678571428770e-02,6.710379464285713691e-02,6.710379464285713691e-02,6.682477678571428770e-02,6.766183035714286309e-02,6.933593750000000000e-02,6.947544642857142461e-02,6.919642857142857539e-02,6.863839285714286309e-02,6.947544642857142461e-02,6.835937500000000000e-02,6.891741071428571230e-02,6.835937500000000000e-02,6.835937500000000000e-02,6.849888392857142461e-02,6.863839285714286309e-02,6.877790178571428770e-02,6.808035714285713691e-02,6.821986607142857539e-02,6.794084821428571230e-02,6.780133928571428770e-02,6.752232142857142461e-02,6.780133928571428770e-02,6.724330357142857539e-02,6.821986607142857539e-02,6.780133928571428770e-02,6.766183035714286309e-02,6.794084821428571230e-02,6.696428571428571230e-02,6.808035714285713691e-02
-2.190290178571428423e-02,-2.246093750000000000e-02,-2.273995535714285615e-02,-2.232142857142857192e-02,-2.218191964285714385e-02,-2.176339285714285615e-02,-2.162388392857142808e-02,-2.204241071428571577e-02,-2.148437500000000000e-02,-2.218191964285714385e-02,-2.134486607142857192e-02,-2.190290178571428423e-02,-2.204241071428571577e-02,-2.204241071428571577e-02,-2.246093750000000000e-02,-2.218191964285714385e-02,-2.120535714285714385e-02,-2.260044642857142808e-02,-2.273995535714285615e-02,-2.246093750000000000e-02,-2.260044642857142808e-02,-2.260044642857142808e-02,-2.273995535714285615e-02,-2.176339285714285615e-02,-2.273995535714285615e-02,-2.246093750000000000e-02,-2.204241071428571577e-02,-2.232142857142857192e-02,-2.176339285714285615e-02,-2.232142857142857192e-02,-2.176339285714285615e-02,-2.246093750000000000e-02,-2.232142857142857192e-02,-2.232142857142857192e-02,-2.218191964285714385e-02,-2.162388392857142808e-02,-2.148437500000000000e-02,-2.204241071428571577e-02,-2.190290178571428423e-02,-2.190290178571428423e-02,-2.232142857142857192e-02,-2.204241071428571577e-02
-1.953125000000000000e-03,-2.092633928571428509e-03,-1.813616071428571491e-03,-1.395089285714285745e-03,-1.534598214285714255e-03,-8.370535714285713821e-04,-1.674107142857142764e-03,-6.975446428571428726e-04,-9.765625000000000000e-04,-9.765625000000000000e-04,-1.534598214285714255e-03,-8.370535714285713821e-04,-1.255580357142857236e-03,-1.395089285714285745e-03,-6.975446428571428726e-04,-1.255580357142857236e-03,-1.395089285714285745e-03,-1.534598214285714255e-03,-2.371651785714285528e-03,-1.674107142857142764e-03,-2.232142857142857019e-03,-1.674107142857142764e-03,-1.953125000000000000e-03,-1.255580357142857236e-03,-1.116071428571428509e-03,-2.092633928571428509e-03,-1.534598214285714255e-03,-6.975446428571428726e-04,-4.185267857142856911e-04,-1.674107142857142764e-03,-1.674107142857142764e-03,-2.790178571428571274e-04,-1.534598214285714255e-03,-6.975446428571428726e-04,-6.975446428571428726e-04,-6.975446428571428726e-04,-1.116071428571428509e-03,-6.975446428571428726e-04,-1.534598214285714255e-03,-8.370535714285713821e-04,-1.255580357142857236e-03,-9.765625000000000000e-04
3.571428571428571230e-02,3.557477678571428770e-02,3.585379464285714385e-02,3.571428571428571230e-02,3.529575892857143155e-02,3.738839285714285615e-02,3.599330357142856845e-02,3.655133928571428770e-02,3.683035714285714385e-02,3.655133928571428770e-02,3.627232142857143155e-02,3.501674107142856845e-02,3.641183035714285615e-02,3.627232142857143155e-02,3.710937500000000000e-02,3.724888392857143155e-02,3.599330357142856845e-02,3.599330357142856845e-02,3.459821428571428770e-02,3.473772321428571230e-02,3.599330357142856845e-02,3.641183035714285615e-02,3.487723214285714385e-02,3.571428571428571230e-02,3.669084821428571230e-02,3.529575892857143155e-02,3.683035714285714385e-02,3.627232142857143155e-02,3.710937500000000000e-02,3.459821428571428770e-02,3.669084821428571230e-02,3.585379464285714385e-02,3.599330357142856845e-02,3.655133928571428770e-02,3.655133928571428770e-02,3.696986607142856845e-02,3.655133928571428770e-02,3.613281250000000000e-02,3.585379464285714385e-02,3.529575892857143155e-02,3.613281250000000000e-02,3.599330357142856845e-02
1.213727678571428596e-02,1.185825892857142808e-02,1.255580357142857192e-02,1.213727678571428596e-02,1.255580357142857192e-02,1.255580357142857192e-02,1.283482142857142808e-02,1.241629464285714211e-02,1.199776785714285789e-02,1.241629464285714211e-02,1.241629464285714211e-02,1.185825892857142808e-02,1.297433035714285789e-02,1.269531250000000000e-02,1.199776785714285789e-02,1.213727678571428596e-02,1.297433035714285789e-02,1.297433035714285789e-02,1.255580357142857192e-02,1.269531250000000000e-02,1.241629464285714211e-02,1.311383928571428596e-02,1.269531250000000000e-02,1.283482142857142808e-02,1.269531250000000000e-02,1.213727678571428596e-02,1.241629464285714211e-02,1.283482142857142808e-02,1.297433035714285789e-02,1.213727678571428596e-02,1.241629464285714211e-02,1.283482142857142808e-02,1.311383928571428596e-02,1.213727678571428596e-02,1.241629464285714211e-02,1.199776785714285789e-02,1.269531250000000000e-02,1.283482142857142808e-02,1.241629464285714211e-02,1.297433035714285789e-02,1.143973214285714211e-02,1.283482142857142808e-02
-9.375000000000000000e-02,-9.430803571428571230e-02,-9.416852678571428770e-02,-9.305245535714286309e-02,-9.347098214285713691e-02,-9.430803571428571230e-02,-9.333147321428571230e-02,-9.361049107142857539e-02,-9.375000000000000000e-02,-9.402901785714286309e-02,-9.291294642857142461e-02,-9.277343750000000000e-02,-9.291294642857142461e-02,-9.375000000000000000e-02,-9.430803571428571230e-02,-9.319196428571428770e-02,-9.221540178571428770e-02,-9.514508928571428770e-02,-9.388950892857142461e-02,-9.416852678571428770e-02,-9.528459821428571230e-02,-9.514508928571428770e-02,-9.402901785714286309e-02,-9.388950892857142461e-02,-9.486607142857142461e-02,-9.402901785714286309e-02,-9.388950892857142461e-02,-9.486607142857142461e-02,-9.444754464285713691e-02,-9.416852678571428770e-02,-9.430803571428571230e-02,-9.388950892857142461e-02,-9.430803571428571230e-02,-9.458705357142857539e-02,-9.402901785714286309e-02,-9.458705357142857539e-02,-9.347098214285713691e-02,-9.361049107142857539e-02,-9.263392857142857539e-02,-9.291294642857142461e-02,-9.375000000000000000e-02,-9.319196428571428770e-02
-1.116071428571428509e-03,-9.765625000000000000e-04,-6.975446428571428726e-04,-1.395089285714285745e-03,-1.395089285714285745e-03,-2.790178571428571274e-04,-8.370535714285713821e-04,-9.765625000000000000e-04,-6.975446428571428726e-04,-5.580357142857142547e-04,-1.116071428571428509e-03,-9.765625000000000000e-04,-9.765625000000000000e-04,-5.580357142857142547e-04,0.000000000000000000e+00,-6.975446428571428726e-04,-2.790178571428571274e-04,-8.370535714285713821e-04,-1.116071428571428509e-03,-6.975446428571428726e-04,-4.185267857142856911e-04,-8.370535714285713821e-04,-1.255580357142857236e-03,0.000000000000000000e+00,-6.975446428571428726e-04,-9.765625000000000000e-04,-4.185267857142856911e-04,-2.790178571428571274e-04,-6.975446428571428726e-04,-1.534598214285714255e-03,-5.580357142857142547e-04,1.395089285714285637e-04,-5.580357142857142547e-04,-8.370535714285713821e-04,-6.975446428571428726e-04,0.000000000000000000e+00,-8.370535714285713821e-04,-5.580357142857142547e-04,-5.580357142857142547e-04,-2.790178571428571274e-04,-6.975446428571428726e-04,-6.975446428571428726e-04
4.478236607142856845e-02,4.478236607142856845e-02,4.464285714285714385e-02,4.464285714285714385e-02,4.450334821428571230e-02,4.589843750000000000e-02,4.464285714285714385e-02,4.492187500000000000e-02,4.464285714285714385e-02,4.520089285714285615e-02,4.436383928571428770e-02,4.422433035714285615e-02,4.506138392857143155e-02,4.464285714285714385e-02,4.575892857142856845e-02,4.464285714285714385e-02,4.422433035714285615e-02,4.492187500000000000e-02,4.506138392857143155e-02,4.492187500000000000e-02,4.561941964285714385e-02,4.589843750000000000e-02,4.478236607142856845e-02,4.547991071428571230e-02,4.534040178571428770e-02,4.422433035714285615e-02,4.534040178571428770e-02,4.617745535714285615e-02,4.589843750000000000e-02,4.380580357142856845e-02,4.492187500000000000e-02,4.534040178571428770e-02,4.464285714285714385e-02,4.561941964285714385e-02,4.561941964285714385e-02,4.589843750000000000e-02,4.534040178571428770e-02,4.534040178571428770e-02,4.547991071428571230e-02,4.394531250000000000e-02,4.534040178571428770e-02,4.436383928571428770e-02
2.887834821428571577e-02,2.832031250000000000e-02,2.929687500000000000e-02,2.832031250000000000e-02,2.859933035714285615e-02,2.859933035714285615e-02,2.859933035714285615e-02,2.804129464285714385e-02,2.818080357142857192e-02,2.790178571428571577e-02,2.859933035714285615e-02,2.804129464285714385e-02,2.790178571428571577e-02,2.832031250000000000e-02,2.790178571428571577e-02,2.748325892857142808e-02,2.845982142857142808e-02,2.943638392857142808e-02,2.957589285714285615e-02,2.929687500000000000e-02,2.943638392857142808e-02,2.901785714285714385e-02,2.985491071428571577e-02,2.957589285714285615e-02,2.915736607142857192e-02,2.915736607142857192e-02,2.915736607142857192e-02,2.887834821428571577e-02,2.901785714285714385e-02,2.859933035714285615e-02,2.915736607142857192e-02,2.887834821428571577e-02,2.901785714285714385e-02,2.873883928571428423e-02,2.832031250000000000e-02,2.832031250000000000e-02,2.859933035714285615e-02,2.832031250000000000e-02,2.915736607142857192e-02,2.887834821428571577e-02,2.873883928571428423e-02,2.887834821428571577e-02
-6.431361607142857539e-02,-6.445312500000000000e-02,-6.473214285714286309e-02,-6.375558035714286309e-02,-6.417410714285713691e-02,-6.459263392857142461e-02,-6.375558035714286309e-02,-6.542968750000000000e-02,-6.487165178571428770e-02,-6.501116071428571230e-02,-6.305803571428571230e-02,-6.319754464285713691e-02,-6.417410714285713691e-02,-6.431361607142857539e-02,-6.487165178571428770e-02,-6.375558035714286309e-02,-6.277901785714286309e-02,-6.445312500000000000e-02,-6.417410714285713691e-02,-6.375558035714286309e-02,-6.459263392857142461e-02,-6.431361607142857539e-02,-6.375558035714286309e-02,-6.375558035714286309e-02,-6.417410714285713691e-02,-6.431361607142857539e-02,-6.445312500000000000e-02,-6.431361607142857539e-02,-6.473214285714286309e-02,-6.529017857142857539e-02,-6.431361607142857539e-02,-6.417410714285713691e-02,-6.389508928571428770e-02,-6.570870535714286309e-02,-6.459263392857142461e-02,-6.487165178571428770e-02,-6.347656250000000000e-02,-6.445312500000000000e-02,-6.389508928571428770e-02,-6.403459821428571230e-02,-6.389508928571428770e-02,-6.319754464285713691e-02
2.329799107142857192e-02,2.246093750000000000e-02,2.260044642857142808e-02,2.273995535714285615e-02,2.260044642857142808e-02,2.301897321428571577e-02,2.176339285714285615e-02,2.246093750000000000e-02,2.260044642857142808e-02,2.232142857142857192e-02,2.176339285714285615e-02,2.232142857142857192e-02,2.287946428571428423e-02,2.246093750000000000e-02,2.343750000000000000e-02,2.204241071428571577e-02,2.246093750000000000e-02,2.343750000000000000e-02,2.371651785714285615e-02,2.287946428571428423e-02,2.413504464285714385e-02,2.329799107142857192e-02,2.329799107142857192e-02,2.329799107142857192e-02,2.413504464285714385e-02,2.343750000000000000e-02,2.385602678571428423e-02,2.385602678571428423e-02,2.329799107142857192e-02,2.218191964285714385e-02,2.315848214285714385e-02,2.315848214285714385e-02,2.385602678571428423e-02,2.301897321428571577e-02,2.329799107142857192e-02,2.315848214285714385e-02,2.301897321428571577e-02,2.204241071428571577e-02,2.273995535714285615e-02,2.260044642857142808e-02,2.315848214285714385e-02,2.246093750000000000e-02
6.808035714285713691e-02,6.905691964285713691e-02,6.835937500000000000e-02,6.794084821428571230e-02,6.849888392857142461e-02,6.961495535714286309e-02,6.808035714285713691e-02,6.808035714285713691e-02,6.877790178571428770e-02,6.919642857142857539e-02,6.752232142857142461e-02,6.849888392857142461e-02,6.863839285714286309e-02,6.808035714285713691e-02,6.961495535714286309e-02,6.808035714285713691e-02,6.724330357142857539e-02,6.905691964285713691e-02,6.947544642857142461e-02,6.891741071428571230e-02,6.961495535714286309e-02,6.975446428571428770e-02,6.919642857142857539e-02,6.947544642857142461e-02,6.961495535714286309e-02,6.849888392857142461e-02,6.961495535714286309e-02,7.031250000000000000e-02,6.933593750000000000e-02,6.780133928571428770e-02,6.947544642857142461e-02,6.877790178571428770e-02,6.919642857142857539e-02,6.947544642857142461e-02,7.003348214285713691e-02,6.933593750000000000e-02,6.905691964285713691e-02,6.821986607142857539e-02,6.821986607142857539e-02,6.821986607142857539e-02,6.947544642857142461e-02,6.863839285714286309e-02
4.715401785714285615e-02,4.729352678571428770e-02,4.715401785714285615e-02,4.673549107142856845e-02,4.701450892857143155e-02,4.701450892857143155e-02,4.701450892857143155e-02,4.631696428571428770e-02,4.673549107142856845e-02,4.617745535714285615e-02,4.729352678571428770e-02,4.631696428571428770e-02,4.673549107142856845e-02,4.701450892857143155e-02,4.589843750000000000e-02,4.603794642857143155e-02,4.659598214285714385e-02,4.868861607142856845e-02,4.827008928571428770e-02,4.840959821428571230e-02,4.840959821428571230e-02,4.799107142857143155e-02,4.840959821428571230e-02,4.813058035714285615e-02,4.813058035714285615e-02,4.785156250000000000e-02,4.771205357142856845e-02,4.729352678571428770e-02,4.757254464285714385e-02,4.701450892857143155e-02,4.743303571428571230e-02,4.729352678571428770e-02,4.771205357142856845e-02,4.631696428571428770e-02,4.715401785714285615e-02,4.673549107142856845e-02,4.715401785714285615e-02,4.659598214285714385e-02,4.715401785714285615e-02,4.701450892857143155e-02,4.687500000000000000e-02,4.701450892857143155e-02
-3.208705357142856845e-02,-3.180803571428571230e-02,-3.180803571428571230e-02,-3.166852678571428770e-02,-3.180803571428571230e-02,-3.292410714285714385e-02,-3.111049107142857192e-02,-3.278459821428571230e-02,-3.194754464285714385e-02,-3.264508928571428770e-02,-3.111049107142857192e-02,-3.069196428571428423e-02,-3.250558035714285615e-02,-3.152901785714285615e-02,-3.236607142857143155e-02,-3.208705357142856845e-02,-3.097098214285714385e-02,-3.083147321428571577e-02,-3.069196428571428423e-02,-3.152901785714285615e-02,-3.125000000000000000e-02,-3.083147321428571577e-02,-3.083147321428571577e-02,-3.069196428571428423e-02,-3.138950892857143155e-02,-3.069196428571428423e-02,-3.097098214285714385e-02,-3.166852678571428770e-02,-3.138950892857143155e-02,-3.194754464285714385e-02,-3.194754464285714385e-02,-3.138950892857143155e-02,-3.111049107142857192e-02,-3.250558035714285615e-02,-3.264508928571428770e-02,-3.236607142857143155e-02,-3.194754464285714385e-02,-3.166852678571428770e-02,-3.166852678571428770e-02,-3.166852678571428770e-02,-3.138950892857143155e-02,-2.999441964285714385e-02
5.175781250000000000e-02,5.119977678571428770e-02,5.050223214285714385e-02,5.147879464285714385e-02,5.078125000000000000e-02,5.175781250000000000e-02,5.022321428571428770e-02,4.980468750000000000e-02,5.106026785714285615e-02,5.050223214285714385e-02,5.064174107142856845e-02,5.064174107142856845e-02,5.119977678571428770e-02,5.008370535714285615e-02,5.050223214285714385e-02,5.050223214285714385e-02,5.036272321428571230e-02,5.259486607142856845e-02,5.189732142857143155e-02,5.245535714285714385e-02,5.231584821428571230e-02,5.189732142857143155e-02,5.175781250000000000e-02,5.203683035714285615e-02,5.217633928571428770e-02,5.175781250000000000e-02,5.189732142857143155e-02,5.231584821428571230e-02,5.217633928571428770e-02,5.092075892857143155e-02,5.161830357142856845e-02,5.133928571428571230e-02,5.147879464285714385e-02,5.092075892857143155e-02,5.147879464285714385e-02,5.106026785714285615e-02,5.092075892857143155e-02,4.994419642857143155e-02,5.078125000000000000e-02,5.022321428571428770e-02,5.092075892857143155e-02,5.050223214285714385e-02
9.123883928571428770e-02,9.151785714285713691e-02,9.095982142857142461e-02,9.012276785714286309e-02,9.109933035714286309e-02,9.179687500000000000e-02,9.095982142857142461e-02,9.068080357142857539e-02,9.082031250000000000e-02,9.137834821428571230e-02,8.956473214285713691e-02,9.040178571428571230e-02,9.054129464285713691e-02,8.970424107142857539e-02,9.165736607142857539e-02,8.984375000000000000e-02,8.970424107142857539e-02,9.221540178571428770e-02,9.221540178571428770e-02,9.165736607142857539e-02,9.291294642857142461e-02,9.221540178571428770e-02,9.207589285714286309e-02,9.221540178571428770e-02,9.179687500000000000e-02,9.082031250000000000e-02,9.123883928571428770e-02,9.263392857142857539e-02,9.179687500000000000e-02,9.095982142857142461e-02,9.179687500000000000e-02,9.207589285714286309e-02,9.137834821428571230e-02,9.221540178571428770e-02,9.291294642857142461e-02,9.207589285714286309e-02,9.137834821428571230e-02,9.040178571428571230e-02,9.040178571428571230e-02,9.068080357142857539e-02,9.109933035714286309e-02,8.970424107142857539e-02
6.473214285714286309e-02,6.459263392857142461e-02,6.431361607142857539e-02,6.473214285714286309e-02,6.417410714285713691e-02,6.417410714285713691e-02,6.431361607142857539e-02,6.361607142857142461e-02,6.459263392857142461e-02,6.403459821428571230e-02,6.473214285714286309e-02,6.445312500000000000e-02,6.417410714285713691e-02,6.375558035714286309e-02,6.389508928571428770e-02,6.361607142857142461e-02,6.389508928571428770e-02,6.668526785714286309e-02,6.584821428571428770e-02,6.570870535714286309e-02,6.598772321428571230e-02,6.612723214285713691e-02,6.556919642857142461e-02,6.542968750000000000e-02,6.556919642857142461e-02,6.598772321428571230e-02,6.501116071428571230e-02,6.542968750000000000e-02,6.473214285714286309e-02,6.445312500000000000e-02,6.459263392857142461e-02,6.487165178571428770e-02,6.459263392857142461e-02,6.403459821428571230e-02,6.403459821428571230e-02,6.459263392857142461e-02,6.445312500000000000e-02,6.403459821428571230e-02,6.459263392857142461e-02,6.445312500000000000e-02,6.417410714285713691e-02,6.487165178571428770e-02
-3.097098214285714385e-02,-3.083147321428571577e-02,-3.138950892857143155e-02,-2.999441964285714385e-02,-3.111049107142857192e-02,-3.180803571428571230e-02,-3.027343750000000000e-02,-3.166852678571428770e-02,-3.138950892857143155e-02,-3.152901785714285615e-02,-3.083147321428571577e-02,-3.041294642857142808e-02,-3.111049107142857192e-02,-3.111049107142857192e-02,-3.166852678571428770e-02,-3.111049107142857192e-02,-3.027343750000000000e-02,-2.985491071428571577e-02,-2.943638392857142808e-02,-3.027343750000000000e-02,-3.055245535714285615e-02,-3.027343750000000000e-02,-3.041294642857142808e-02,-2.999441964285714385e-02,-3.083147321428571577e-02,-3.027343750000000000e-02,-3.055245535714285615e-02,-3.152901785714285615e-02,-3.111049107142857192e-02,-3.083147321428571577e-02,-3.097098214285714385e-02,-3.069196428571428423e-02,-2.999441964285714385e-02,-3.152901785714285615e-02,-3.138950892857143155e-02,-3.166852678571428770e-02,-3.111049107142857192e-02,-3.138950892857143155e-02,-3.166852678571428770e-02,-3.013392857142857192e-02,-3.125000000000000000e-02,-3.083147321428571577e-02
4.910714285714285615e-02,4.924665178571428770e-02,4.896763392857143155e-02,4.938616071428571230e-02,4.910714285714285615e-02,4.966517857142856845e-02,4.868861607142856845e-02,4.854910714285714385e-02,4.868861607142856845e-02,4.910714285714285615e-02,4.910714285714285615e-02,4.910714285714285615e-02,4.966517857142856845e-02,4.910714285714285615e-02,4.896763392857143155e-02,4.827008928571428770e-02,4.827008928571428770e-02,5.078125000000000000e-02,5.050223214285714385e-02,5.022321428571428770e-02,5.050223214285714385e-02,5.036272321428571230e-02,5.022321428571428770e-02,5.008370535714285615e-02,4.994419642857143155e-02,4.966517857142856845e-02,5.050223214285714385e-02,5.022321428571428770e-02,4.966517857142856845e-02,4.924665178571428770e-02,4.938616071428571230e-02,4.938616071428571230e-02,4.966517857142856845e-02,4.980468750000000000e-02,4.952566964285714385e-02,4.924665178571428770e-02,4.938616071428571230e-02,4.896763392857143155e-02,4.924665178571428770e-02,4.840959821428571230e-02,4.910714285714285615e-02,4.882812500000000000e-02
9.054129464285713691e-02,9.151785714285713691e-02,9.068080357142857539e-02,9.109933035714286309e-02,9.123883928571428770e-02,9.235491071428571230e-02,9.026227678571428770e-02,9.137834821428571230e-02,9.109933035714286309e-02,9.082031250000000000e-02,9.026227678571428770e-02,9.040178571428571230e-02,9.068080357142857539e-02,9.054129464285713691e-02,9.165736607142857539e-02,9.012276785714286309e-02,8.998325892857142461e-02,9.263392857142857539e-02,9.193638392857142461e-02,9.193638392857142461e-02,9.305245535714286309e-02,9.137834821428571230e-02,9.221540178571428770e-02,9.207589285714286309e-02,9.235491071428571230e-02,9.137834821428571230e-02,9.193638392857142461e-02,9.277343750000000000e-02,9.221540178571428770e-02,9.165736607142857539e-02,9.207589285714286309e-02,9.123883928571428770e-02,9.095982142857142461e-02,9.207589285714286309e-02,9.207589285714286309e-02,9.165736607142857539e-02,9.054129464285713691e-02,8.998325892857142461e-02,9.082031250000000000e-02,9.054129464285713691e-02,9.137834821428571230e-02,8.970424107142857539e-02
6.431361607142857539e-02,6.431361607142857539e-02,6.403459821428571230e-02,6.515066964285713691e-02,6.445312500000000000e-02,6.403459821428571230e-02,6.459263392857142461e-02,6.361607142857142461e-02,6.347656250000000000e-02,6.375558035714286309e-02,6.403459821428571230e-02,6.431361607142857539e-02,6.375558035714286309e-02,6.347656250000000000e-02,6.291852678571428770e-02,6.333705357142857539e-02,6.375558035714286309e-02,6.612723214285713691e-02,6.626674107142857539e-02,6.612723214285713691e-02,6.570870535714286309e-02,6.556919642857142461e-02,6.556919642857142461e-02,6.501116071428571230e-02,6.542968750000000000e-02,6.542968750000000000e-02,6.487165178571428770e-02,6.487165178571428770e-02,6.459263392857142461e-02,6.431361607142857539e-02,6.487165178571428770e-02,6.473214285714286309e-02,6.501116071428571230e-02,6.417410714285713691e-02,6.403459821428571230e-02,6.417410714285713691e-02,6.431361607142857539e-02,6.403459821428571230e-02,6.459263392857142461e-02,6.473214285714286309e-02,6.361607142857142461e-02,6.459263392857142461e-02
1.534598214285714255e-03,1.255580357142857236e-03,9.765625000000000000e-04,1.813616071428571491e-03,1.116071428571428509e-03,2.790178571428571274e-04,2.232142857142857019e-03,9.765625000000000000e-04,9.765625000000000000e-04,6.975446428571428726e-04,1.813616071428571491e-03,1.534598214285714255e-03,8.370535714285713821e-04,9.765625000000000000e-04,0.000000000000000000e+00,1.255580357142857236e-03,1.534598214285714255e-03,3.348214285714285528e-03,3.627232142857142981e-03,2.650669642857142981e-03,2.232142857142857019e-03,2.511160714285714472e-03,2.371651785714285528e-03,2.650669642857142981e-03,1.534598214285714255e-03,2.790178571428571491e-03,2.371651785714285528e-03,1.534598214285714255e-03,1.813616071428571491e-03,1.395089285714285745e-03,2.232142857142857019e-03,2.092633928571428509e-03,2.232142857142857019e-03,8.370535714285713821e-04,1.813616071428571491e-03,6.975446428571428726e-04,1.813616071428571491e-03,1.395089285714285745e-03,1.255580357142857236e-03,2.371651785714285528e-03,1.116071428571428509e-03,2.232142857142857019e-03
8.119419642857142461e-02,8.105468750000000000e-02,8.091517857142857539e-02,8.105468750000000000e-02,8.091517857142857539e-02,8.105468750000000000e-02,8.063616071428571230e-02,8.077566964285713691e-02,8.035714285714286309e-02,8.049665178571428770e-02,8.063616071428571230e-02,8.049665178571428770e-02,8.007812500000000000e-02,8.049665178571428770e-02,8.035714285714286309e-02,7.965959821428571230e-02,8.077566964285713691e-02,8.258928571428571230e-02,8.244977678571428770e-02,8.244977678571428770e-02,8.286830357142857539e-02,8.217075892857142461e-02,8.175223214285713691e-02,8.203125000000000000e-02,8.189174107142857539e-02,8.175223214285713691e-02,8.203125000000000000e-02,8.258928571428571230e-02,8.217075892857142461e-02,8.091517857142857539e-02,8.133370535714286309e-02,8.161272321428571230e-02,8.189174107142857539e-02,8.077566964285713691e-02,8.133370535714286309e-02,8.105468750000000000e-02,8.091517857142857539e-02,8.021763392857142461e-02,8.063616071428571230e-02,8.063616071428571230e-02,8.063616071428571230e-02,8.147321428571428770e-02
1.178850446428571369e-01,1.170479910714285754e-01,1.174665178571428631e-01,1.174665178571428631e-01,1.176060267857142877e-01,1.187220982142857123e-01,1.167689732142857123e-01,1.178850446428571369e-01,1.171875000000000000e-01,1.169084821428571369e-01,1.174665178571428631e-01,1.164899553571428631e-01,1.174665178571428631e-01,1.173270089285714246e-01,1.170479910714285754e-01,1.159319196428571369e-01,1.164899553571428631e-01,1.190011160714285754e-01,1.188616071428571369e-01,1.181640625000000000e-01,1.192801339285714246e-01,1.183035714285714246e-01,1.180245535714285754e-01,1.184430803571428631e-01,1.190011160714285754e-01,1.177455357142857123e-01,1.184430803571428631e-01,1.194196428571428631e-01,1.188616071428571369e-01,1.178850446428571369e-01,1.176060267857142877e-01,1.183035714285714246e-01,1.173270089285714246e-01,1.185825892857142877e-01,1.181640625000000000e-01,1.180245535714285754e-01,1.169084821428571369e-01,1.166294642857142877e-01,1.183035714285714246e-01,1.173270089285714246e-01,1.174665178571428631e-01,1.164899553571428631e-01
8.510044642857142461e-02,8.468191964285713691e-02,8.454241071428571230e-02,8.468191964285713691e-02,8.496093750000000000e-02,8.440290178571428770e-02,8.482142857142857539e-02,8.440290178571428770e-02,8.454241071428571230e-02,8.398437500000000000e-02,8.398437500000000000e-02,8.426339285714286309e-02,8.440290178571428770e-02,8.412388392857142461e-02,8.398437500000000000e-02,8.384486607142857539e-02,8.398437500000000000e-02,8.719308035714286309e-02,8.705357142857142461e-02,8.691406250000000000e-02,8.677455357142857539e-02,8.635602678571428770e-02,8.621651785714286309e-02,8.663504464285713691e-02,8.579799107142857539e-02,8.607700892857142461e-02,8.621651785714286309e-02,8.593750000000000000e-02,8.593750000000000000e-02,8.523995535714286309e-02,8.523995535714286309e-02,8.579799107142857539e-02,8.579799107142857539e-02,8.468191964285713691e-02,8.510044642857142461e-02,8.496093750000000000e-02,8.482142857142857539e-02,8.482142857142857539e-02,8.412388392857142461e-02,8.496093750000000000e-02,8.398437500000000000e-02,8.496093750000000000e-02
-3.445870535714285615e-02,-3.459821428571428770e-02,-3.487723214285714385e-02,-3.445870535714285615e-02,-3.473772321428571230e-02,-3.431919642857143155e-02,-3.431919642857143155e-02,-3.445870535714285615e-02,-3.431919642857143155e-02,-3.459821428571428770e-02,-3.334263392857143155e-02,-3.417968750000000000e-02,-3.404017857142856845e-02,-3.362165178571428770e-02,-3.459821428571428770e-02,-3.362165178571428770e-02,-3.334263392857143155e-02,-3.487723214285714385e-02,-3.459821428571428770e-02,-3.487723214285714385e-02,-3.473772321428571230e-02,-3.445870535714285615e-02,-3.515625000000000000e-02,-3.473772321428571230e-02,-3.501674107142856845e-02,-3.431919642857143155e-02,-3.431919642857143155e-02,-3.473772321428571230e-02,-3.487723214285714385e-02,-3.529575892857143155e-02,-3.404017857142856845e-02,-3.348214285714285615e-02,-3.404017857142856845e-02,-3.529575892857143155e-02,-3.431919642857143155e-02,-3.417968750000000000e-02,-3.431919642857143155e-02,-3.459821428571428770e-02,-3.348214285714285615e-02,-3.404017857142856845e-02,-3.417968750000000000e-02,-3.334263392857143155e-02
-1.953125000000000000e-02,-1.953125000000000000e-02,-1.827566964285714385e-02,-1.911272321428571577e-02,-1.911272321428571577e-02,-1.771763392857142808e-02,-1.841517857142857192e-02,-1.841517857142857192e-02,-1.827566964285714385e-02,-1.813616071428571577e-02,-1.855468750000000000e-02,-1.799665178571428423e-02,-1.785714285714285615e-02,-1.785714285714285615e-02,-1.743861607142857192e-02,-1.869419642857142808e-02,-1.729910714285714385e-02,-1.911272321428571577e-02,-1.883370535714285615e-02,-1.939174107142857192e-02,-1.911272321428571577e-02,-1.883370535714285615e-02,-1.869419642857142808e-02,-1.869419642857142808e-02,-1.841517857142857192e-02,-1.897321428571428423e-02,-1.841517857142857192e-02,-1.813616071428571577e-02,-1.841517857142857192e-02,-1.911272321428571577e-02,-1.813616071428571577e-02,-1.827566964285714385e-02,-1.841517857142857192e-02,-1.813616071428571577e-02,-1.897321428571428423e-02,-1.855468750000000000e-02,-1.897321428571428423e-02,-1.841517857142857192e-02,-1.827566964285714385e-02,-1.813616071428571577e-02,-1.813616071428571577e-02,-1.785714285714285615e-02
1.897321428571428423e-02,1.883370535714285615e-02,1.813616071428571577e-02,1.897321428571428423e-02,1.855468750000000000e-02,1.925223214285714385e-02,1.813616071428571577e-02,1.883370535714285615e-02,1.897321428571428423e-02,1.869419642857142808e-02,1.869419642857142808e-02,1.883370535714285615e-02,2.008928571428571577e-02,1.981026785714285615e-02,2.022879464285714385e-02,1.827566964285714385e-02,1.897321428571428423e-02,1.785714285714285615e-02,1.799665178571428423e-02,1.827566964285714385e-02,1.939174107142857192e-02,1.827566964285714385e-02,1.785714285714285615e-02,1.799665178571428423e-02,1.925223214285714385e-02,1.869419642857142808e-02,1.855468750000000000e-02,1.994977678571428423e-02,1.967075892857142808e-02,1.855468750000000000e-02,1.883370535714285615e-02,1.883370535714285615e-02,1.841517857142857192e-02,1.869419642857142808e-02,1.855468750000000000e-02,1.911272321428571577e-02,1.925223214285714385e-02,1.869419642857142808e-02,1.953125000000000000e-02,1.827566964285714385e-02,1.939174107142857192e-02,1.869419642857142808e-02
-3.208705357142857019e-03,-2.790178571428571491e-03,-3.348214285714285528e-03,-2.511160714285714472e-03,-3.208705357142857019e-03,-2.511160714285714472e-03,-2.232142857142857019e-03,-3.069196428571428509e-03,-2.511160714285714472e-03,-2.092633928571428509e-03,-2.511160714285714472e-03,-2.511160714285714472e-03,-2.650669642857142981e-03,-2.371651785714285528e-03,-2.511160714285714472e-03,-3.487723214285714472e-03,-2.511160714285714472e-03,-2.092633928571428509e-03,-2.511160714285714472e-03,-2.232142857142857019e-03,-2.232142857142857019e-03,-2.092633928571428509e-03,-2.650669642857142981e-03,-2.511160714285714472e-03,-2.650669642857142981e-03,-2.511160714285714472e-03,-2.232142857142857019e-03,-2.650669642857142981e-03,-2.232142857142857019e-03,-2.929687500000000000e-03,-2.511160714285714472e-03,-1.813616071428571491e-03,-2.232142857142857019e-03,-2.232142857142857019e-03,-2.511160714285714472e-03,-2.790178571428571491e-03,-2.371651785714285528e-03,-2.092633928571428509e-03,-2.232142857142857019e-03,-2.232142857142857019e-03,-2.650669642857142981e-03,-1.953125000000000000e-03
-9.905133928571428770e-02,-9.891183035714286309e-02,-9.905133928571428770e-02,-9.905133928571428770e-02,-9.933035714285713691e-02,-9.933035714285713691e-02,-9.877232142857142461e-02,-9.933035714285713691e-02,-9.905133928571428770e-02,-9.891183035714286309e-02,-9.793526785714286309e-02,-9.835379464285713691e-02,-9.835379464285713691e-02,-9.835379464285713691e-02,-9.919084821428571230e-02,-9.849330357142857539e-02,-9.737723214285713691e-02,-1.008649553571428631e-01,-1.000279017857142877e-01,-9.974888392857142461e-02,-1.003069196428571369e-01,-1.004464285714285754e-01,-1.003069196428571369e-01,-1.000279017857142877e-01,-1.008649553571428631e-01,-9.974888392857142461e-02,-9.960937500000000000e-02,-1.005859375000000000e-01,-1.003069196428571369e-01,-1.001674107142857123e-01,-9.974888392857142461e-02,-9.974888392857142461e-02,-9.877232142857142461e-02,-9.974888392857142461e-02,-9.960937500000000000e-02,-9.919084821428571230e-02,-9.891183035714286309e-02,-9.905133928571428770e-02,-9.905133928571428770e-02,-9.835379464285713691e-02,-9.905133928571428770e-02,-9.835379464285713691e-02
-3.934151785714285615e-02,-3.864397321428571230e-02,-3.878348214285714385e-02,-3.934151785714285615e-02,-3.934151785714285615e-02,-3.766741071428571230e-02,-3.794642857142856845e-02,-3.906250000000000000e-02,-3.794642857142856845e-02,-3.836495535714285615e-02,-3.892299107142856845e-02,-3.864397321428571230e-02,-3.752790178571428770e-02,-3.752790178571428770e-02,-3.724888392857143155e-02,-3.808593750000000000e-02,-3.724888392857143155e-02,-3.948102678571428770e-02,-3.934151785714285615e-02,-3.976004464285714385e-02,-3.878348214285714385e-02,-3.962053571428571230e-02,-3.906250000000000000e-02,-3.962053571428571230e-02,-3.948102678571428770e-02,-3.976004464285714385e-02,-3.948102678571428770e-02,-3.822544642857143155e-02,-3.864397321428571230e-02,-3.962053571428571230e-02,-3.934151785714285615e-02,-3.850446428571428770e-02,-3.906250000000000000e-02,-3.836495535714285615e-02,-3.850446428571428770e-02,-3.864397321428571230e-02,-3.976004464285714385e-02,-3.864397321428571230e-02,-3.850446428571428770e-02,-3.766741071428571230e-02,-3.850446428571428770e-02,-3.906250000000000000e-02
2.092633928571428509e-03,2.650669642857142981e-03,1.534598214285714255e-03,2.511160714285714472e-03,1.953125000000000000e-03,3.487723214285714472e-03,2.511160714285714472e-03,3.208705357142857019e-03,2.929687500000000000e-03,2.929687500000000000e-03,2.650669642857142981e-03,3.069196428571428509e-03,3.627232142857142981e-03,2.790178571428571491e-03,4.464285714285714038e-03,2.929687500000000000e-03,3.487723214285714472e-03,1.395089285714285745e-03,1.255580357142857236e-03,1.674107142857142764e-03,2.371651785714285528e-03,2.092633928571428509e-03,1.534598214285714255e-03,1.813616071428571491e-03,2.650669642857142981e-03,2.092633928571428509e-03,2.511160714285714472e-03,3.348214285714285528e-03,2.650669642857142981e-03,2.232142857142857019e-03,2.650669642857142981e-03,2.790178571428571491e-03,1.395089285714285745e-03,2.650669642857142981e-03,3.487723214285714472e-03,3.906250000000000000e-03,2.371651785714285528e-03,2.511160714285714472e-03,3.208705357142857019e-03,2.650669642857142981e-03,2.371651785714285528e-03,1.953125000000000000e-03
-1.520647321428571404e-02,-1.464843750000000000e-02,-1.548549107142857192e-02,-1.534598214285714211e-02,-1.534598214285714211e-02,-1.478794642857142808e-02,-1.506696428571428596e-02,-1.548549107142857192e-02,-1.478794642857142808e-02,-1.520647321428571404e-02,-1.506696428571428596e-02,-1.534598214285714211e-02,-1.506696428571428596e-02,-1.464843750000000000e-02,-1.478794642857142808e-02,-1.478794642857142808e-02,-1.478794642857142808e-02,-1.534598214285714211e-02,-1.520647321428571404e-02,-1.548549107142857192e-02,-1.548549107142857192e-02,-1.520647321428571404e-02,-1.562500000000000000e-02,-1.506696428571428596e-02,-1.604352678571428423e-02,-1.520647321428571404e-02,-1.478794642857142808e-02,-1.548549107142857192e-02,-1.576450892857142808e-02,-1.562500000000000000e-02,-1.492745535714285789e-02,-1.618303571428571577e-02,-1.422991071428571404e-02,-1.534598214285714211e-02,-1.506696428571428596e-02,-1.548549107142857192e-02,-1.506696428571428596e-02,-1.492745535714285789e-02,-1.534598214285714211e-02,-1.436941964285714211e-02,-1.464843750000000000e-02,-1.422991071428571404e-02
-1.309988839285714246e-01,-1.301618303571428492e-01,-1.301618303571428492e-01,-1.294642857142857262e-01,-1.297433035714285754e-01,-1.294642857142857262e-01,-1.287667410714285754e-01,-1.297433035714285754e-01,-1.300223214285714246e-01,-1.287667410714285754e-01,-1.286272321428571508e-01,-1.277901785714285754e-01,-1.282087053571428492e-01,-1.286272321428571508e-01,-1.291852678571428492e-01,-1.287667410714285754e-01,-1.280691964285714246e-01,-1.315569196428571508e-01,-1.312779017857142738e-01,-1.311383928571428492e-01,-1.312779017857142738e-01,-1.314174107142857262e-01,-1.307198660714285754e-01,-1.311383928571428492e-01,-1.309988839285714246e-01,-1.303013392857142738e-01,-1.311383928571428492e-01,-1.315569196428571508e-01,-1.305803571428571508e-01,-1.304408482142857262e-01,-1.305803571428571508e-01,-1.301618303571428492e-01,-1.293247767857142738e-01,-1.303013392857142738e-01,-1.301618303571428492e-01,-1.298828125000000000e-01,-1.294642857142857262e-01,-1.296037946428571508e-01,-1.300223214285714246e-01,-1.289062500000000000e-01,-1.293247767857142738e-01,-1.282087053571428492e-01
-6.626674107142857539e-02,-6.570870535714286309e-02,-6.598772321428571230e-02,-6.626674107142857539e-02,-6.556919642857142461e-02,-6.542968750000000000e-02,-6.556919642857142461e-02,-6.515066964285713691e-02,-6.515066964285713691e-02,-6.584821428571428770e-02,-6.529017857142857539e-02,-6.584821428571428770e-02,-6.445312500000000000e-02,-6.473214285714286309e-02,-6.445312500000000000e-02,-6.487165178571428770e-02,-6.529017857142857539e-02,-6.654575892857142461e-02,-6.696428571428571230e-02,-6.752232142857142461e-02,-6.668526785714286309e-02,-6.668526785714286309e-02,-6.682477678571428770e-02,-6.682477678571428770e-02,-6.724330357142857539e-02,-6.598772321428571230e-02,-6.640625000000000000e-02,-6.612723214285713691e-02,-6.696428571428571230e-02,-6.640625000000000000e-02,-6.598772321428571230e-02,-6.570870535714286309e-02,-6.626674107142857539e-02,-6.515066964285713691e-02,-6.556919642857142461e-02,-6.556919642857142461e-02,-6.570870535714286309e-02,-6.542968750000000000e-02,-6.626674107142857539e-02,-6.501116071428571230e-02,-6.542968750000000000e-02,-6.556919642857142461e-02
-2.260044642857142808e-02,-2.204241071428571577e-02,-2.218191964285714385e-02,-2.232142857142857192e-02,-2.162388392857142808e-02,-2.176339285714285615e-02,-2.120535714285714385e-02,-2.092633928571428423e-02,-2.134486607142857192e-02,-2.092633928571428423e-02,-2.176339285714285615e-02,-2.092633928571428423e-02,-2.106584821428571577e-02,-2.092633928571428423e-02,-1.953125000000000000e-02,-2.092633928571428423e-02,-2.162388392857142808e-02,-2.301897321428571577e-02,-2.413504464285714385e-02,-2.287946428571428423e-02,-2.232142857142857192e-02,-2.190290178571428423e-02,-2.343750000000000000e-02,-2.343750000000000000e-02,-2.190290178571428423e-02,-2.357700892857142808e-02,-2.273995535714285615e-02,-2.148437500000000000e-02,-2.148437500000000000e-02,-2.218191964285714385e-02,-2.190290178571428423e-02,-2.148437500000000000e-02,-2.260044642857142808e-02,-2.120535714285714385e-02,-2.148437500000000000e-02,-2.092633928571428423e-02,-2.218191964285714385e-02,-2.176339285714285615e-02,-2.162388392857142808e-02,-2.162388392857142808e-02,-2.162388392857142808e-02,-2.176339285714285615e-02
-3.348214285714285615e-02,-3.376116071428571230e-02,-3.404017857142856845e-02,-3.390066964285714385e-02,-3.320312500000000000e-02,-3.376116071428571230e-02,-3.376116071428571230e-02,-3.362165178571428770e-02,-3.390066964285714385e-02,-3.376116071428571230e-02,-3.320312500000000000e-02,-3.362165178571428770e-02,-3.334263392857143155e-02,-3.306361607142856845e-02,-3.404017857142856845e-02,-3.348214285714285615e-02,-3.334263392857143155e-02,-3.376116071428571230e-02,-3.417968750000000000e-02,-3.390066964285714385e-02,-3.376116071428571230e-02,-3.362165178571428770e-02,-3.404017857142856845e-02,-3.417968750000000000e-02,-3.459821428571428770e-02,-3.334263392857143155e-02,-3.404017857142856845e-02,-3.404017857142856845e-02,-3.404017857142856845e-02,-3.376116071428571230e-02,-3.376116071428571230e-02,-3.376116071428571230e-02,-3.306361607142856845e-02,-3.431919642857143155e-02,-3.390066964285714385e-02,-3.404017857142856845e-02,-3.348214285714285615e-02,-3.431919642857143155e-02,-3.334263392857143155e-02,-3.390066964285714385e-02,-3.376116071428571230e-02,-3.320312500000000000e-02
-1.851283482142857262e-01,-1.840122767857142738e-01,-1.834542410714285754e-01,-1.842912946428571508e-01,-1.827566964285714246e-01,-1.844308035714285754e-01,-1.831752232142857262e-01,-1.837332589285714246e-01,-1.838727678571428492e-01,-1.831752232142857262e-01,-1.821986607142857262e-01,-1.819196428571428492e-01,-1.828962053571428492e-01,-1.820591517857142738e-01,-1.837332589285714246e-01,-1.823381696428571508e-01,-1.817801339285714246e-01,-1.861049107142857262e-01,-1.848493303571428492e-01,-1.848493303571428492e-01,-1.862444196428571508e-01,-1.849888392857142738e-01,-1.848493303571428492e-01,-1.854073660714285754e-01,-1.855468750000000000e-01,-1.848493303571428492e-01,-1.845703125000000000e-01,-1.855468750000000000e-01,-1.848493303571428492e-01,-1.838727678571428492e-01,-1.851283482142857262e-01,-1.840122767857142738e-01,-1.835937500000000000e-01,-1.844308035714285754e-01,-1.844308035714285754e-01,-1.848493303571428492e-01,-1.827566964285714246e-01,-1.834542410714285754e-01,-1.837332589285714246e-01,-1.837332589285714246e-01,-1.827566964285714246e-01,-1.815011160714285754e-01
-7.770647321428571230e-02,-7.659040178571428770e-02,-7.742745535714286309e-02,-7.659040178571428770e-02,-7.742745535714286309e-02,-7.700892857142857539e-02,-7.686941964285713691e-02,-7.728794642857142461e-02,-7.714843750000000000e-02,-7.784598214285713691e-02,-7.700892857142857539e-02,-7.756696428571428770e-02,-7.603236607142857539e-02,-7.631138392857142461e-02,-7.659040178571428770e-02,-7.672991071428571230e-02,-7.659040178571428770e-02,-7.798549107142857539e-02,-7.784598214285713691e-02,-7.798549107142857539e-02,-7.812500000000000000e-02,-7.742745535714286309e-02,-7.854352678571428770e-02,-7.812500000000000000e-02,-7.784598214285713691e-02,-7.700892857142857539e-02,-7.714843750000000000e-02,-7.770647321428571230e-02,-7.728794642857142461e-02,-7.770647321428571230e-02,-7.659040178571428770e-02,-7.728794642857142461e-02,-7.714843750000000000e-02,-7.742745535714286309e-02,-7.756696428571428770e-02,-7.742745535714286309e-02,-7.672991071428571230e-02,-7.784598214285713691e-02,-7.672991071428571230e-02,-7.756696428571428770e-02,-7.756696428571428770e-02,-7.686941964285713691e-02
-1.757812500000000000e-02,-1.674107142857142808e-02,-1.702008928571428423e-02,-1.688058035714285615e-02,-1.576450892857142808e-02,-1.604352678571428423e-02,-1.590401785714285615e-02,-1.562500000000000000e-02,-1.646205357142857192e-02,-1.604352678571428423e-02,-1.743861607142857192e-02,-1.646205357142857192e-02,-1.660156250000000000e-02,-1.632254464285714385e-02,-1.534598214285714211e-02,-1.618303571428571577e-02,-1.646205357142857192e-02,-1.688058035714285615e-02,-1.688058035714285615e-02,-1.757812500000000000e-02,-1.646205357142857192e-02,-1.590401785714285615e-02,-1.702008928571428423e-02,-1.688058035714285615e-02,-1.688058035714285615e-02,-1.715959821428571577e-02,-1.646205357142857192e-02,-1.576450892857142808e-02,-1.576450892857142808e-02,-1.646205357142857192e-02,-1.660156250000000000e-02,-1.604352678571428423e-02,-1.646205357142857192e-02,-1.590401785714285615e-02,-1.632254464285714385e-02,-1.646205357142857192e-02,-1.702008928571428423e-02,-1.548549107142857192e-02,-1.604352678571428423e-02,-1.646205357142857192e-02,-1.729910714285714385e-02,-1.674107142857142808e-02
-1.897321428571428423e-02,-1.883370535714285615e-02,-1.939174107142857192e-02,-1.869419642857142808e-02,-1.841517857142857192e-02,-1.897321428571428423e-02,-1.841517857142857192e-02,-1.967075892857142808e-02,-1.953125000000000000e-02,-1.939174107142857192e-02,-1.827566964285714385e-02,-1.897321428571428423e-02,-1.855468750000000000e-02,-1.939174107142857192e-02,-2.022879464285714385e-02,-1.911272321428571577e-02,-1.883370535714285615e-02,-1.841517857142857192e-02,-1.897321428571428423e-02,-1.827566964285714385e-02,-1.953125000000000000e-02,-1.799665178571428423e-02,-1.827566964285714385e-02,-1.897321428571428423e-02,-1.855468750000000000e-02,-1.841517857142857192e-02,-1.897321428571428423e-02,-1.883370535714285615e-02,-1.967075892857142808e-02,-1.855468750000000000e-02,-1.911272321428571577e-02,-1.855468750000000000e-02,-1.813616071428571577e-02,-1.925223214285714385e-02,-1.925223214285714385e-02,-1.925223214285714385e-02,-1.827566964285714385e-02,-1.967075892857142808e-02,-1.883370535714285615e-02,-1.939174107142857192e-02,-1.925223214285714385e-02,-1.897321428571428423e-02
-7.617187500000000000e-02,-7.631138392857142461e-02,-7.561383928571428770e-02,-7.672991071428571230e-02,-7.617187500000000000e-02,-7.617187500000000000e-02,-7.575334821428571230e-02,-7.686941964285713691e-02,-7.714843750000000000e-02,-7.631138392857142461e-02,-7.631138392857142461e-02,-7.547433035714286309e-02,-7.561383928571428770e-02,-7.659040178571428770e-02,-7.645089285714286309e-02,-7.575334821428571230e-02,-7.575334821428571230e-02,-7.645089285714286309e-02,-7.533482142857142461e-02,-7.561383928571428770e-02,-7.672991071428571230e-02,-7.547433035714286309e-02,-7.519531250000000000e-02,-7.533482142857142461e-02,-7.645089285714286309e-02,-7.449776785714286309e-02,-7.645089285714286309e-02,-7.714843750000000000e-02,-7.645089285714286309e-02,-7.617187500000000000e-02,-7.617187500000000000e-02,-7.575334821428571230e-02,-7.491629464285713691e-02,-7.686941964285713691e-02,-7.659040178571428770e-02,-7.672991071428571230e-02,-7.547433035714286309e-02,-7.603236607142857539e-02,-7.617187500000000000e-02,-7.575334821428571230e-02,-7.575334821428571230e-02,-7.449776785714286309e-02
1.827566964285714385e-02,1.827566964285714385e-02,1.771763392857142808e-02,1.841517857142857192e-02,1.799665178571428423e-02,1.827566964285714385e-02,1.771763392857142808e-02,1.743861607142857192e-02,1.757812500000000000e-02,1.729910714285714385e-02,1.743861607142857192e-02,1.771763392857142808e-02,1.785714285714285615e-02,1.785714285714285615e-02,1.841517857142857192e-02,1.715959821428571577e-02,1.715959821428571577e-02,1.841517857142857192e-02,1.855468750000000000e-02,1.883370535714285615e-02,1.925223214285714385e-02,1.869419642857142808e-02,1.799665178571428423e-02,1.883370535714285615e-02,1.855468750000000000e-02,1.799665178571428423e-02,1.911272321428571577e-02,1.855468750000000000e-02,1.841517857142857192e-02,1.771763392857142808e-02,1.841517857142857192e-02,1.799665178571428423e-02,1.813616071428571577e-02,1.785714285714285615e-02,1.827566964285714385e-02,1.799665178571428423e-02,1.813616071428571577e-02,1.799665178571428423e-02,1.841517857142857192e-02,1.743861607142857192e-02,1.757812500000000000e-02,1.799665178571428423e-02
6.389508928571428770e-02,6.431361607142857539e-02,6.347656250000000000e-02,6.347656250000000000e-02,6.445312500000000000e-02,6.431361607142857539e-02,6.347656250000000000e-02,6.431361607142857539e-02,6.319754464285713691e-02,6.403459821428571230e-02,6.347656250000000000e-02,6.291852678571428770e-02,6.431361607142857539e-02,6.417410714285713691e-02,6.459263392857142461e-02,6.333705357142857539e-02,6.333705357142857539e-02,6.501116071428571230e-02,6.487165178571428770e-02,6.487165178571428770e-02,6.584821428571428770e-02,6.473214285714286309e-02,6.473214285714286309e-02,6.542968750000000000e-02,6.570870535714286309e-02,6.445312500000000000e-02,6.515066964285713691e-02,6.556919642857142461e-02,6.556919642857142461e-02,6.445312500000000000e-02,6.515066964285713691e-02,6.459263392857142461e-02,6.361607142857142461e-02,6.501116071428571230e-02,6.445312500000000000e-02,6.431361607142857539e-02,6.403459821428571230e-02,6.403459821428571230e-02,6.389508928571428770e-02,6.487165178571428770e-02,6.361607142857142461e-02,6.333705357142857539e-02
4.380580357142856845e-02,4.380580357142856845e-02,4.408482142857143155e-02,4.366629464285714385e-02,4.366629464285714385e-02,4.338727678571428770e-02,4.352678571428571230e-02,4.241071428571428770e-02,4.255022321428571230e-02,4.324776785714285615e-02,4.408482142857143155e-02,4.352678571428571230e-02,4.338727678571428770e-02,4.296875000000000000e-02,4.268973214285714385e-02,4.255022321428571230e-02,4.241071428571428770e-02,4.492187500000000000e-02,4.520089285714285615e-02,4.520089285714285615e-02,4.380580357142856845e-02,4.478236607142856845e-02,4.478236607142856845e-02,4.492187500000000000e-02,4.450334821428571230e-02,4.478236607142856845e-02,4.464285714285714385e-02,4.352678571428571230e-02,4.352678571428571230e-02,4.394531250000000000e-02,4.394531250000000000e-02,4.408482142857143155e-02,4.422433035714285615e-02,4.380580357142856845e-02,4.338727678571428770e-02,4.338727678571428770e-02,4.450334821428571230e-02,4.324776785714285615e-02,4.380580357142856845e-02,4.338727678571428770e-02,4.352678571428571230e-02,4.450334821428571230e-02
-1.674107142857142808e-02,-1.660156250000000000e-02,-1.632254464285714385e-02,-1.729910714285714385e-02,-1.729910714285714385e-02,-1.702008928571428423e-02,-1.646205357142857192e-02,-1.785714285714285615e-02,-1.729910714285714385e-02,-1.757812500000000000e-02,-1.660156250000000000e-02,-1.632254464285714385e-02,-1.688058035714285615e-02,-1.771763392857142808e-02,-1.729910714285714385e-02,-1.715959821428571577e-02,-1.674107142857142808e-02,-1.534598214285714211e-02,-1.576450892857142808e-02,-1.548549107142857192e-02,-1.688058035714285615e-02,-1.604352678571428423e-02,-1.520647321428571404e-02,-1.646205357142857192e-02,-1.632254464285714385e-02,-1.506696428571428596e-02,-1.632254464285714385e-02,-1.674107142857142808e-02,-1.743861607142857192e-02,-1.618303571428571577e-02,-1.688058035714285615e-02,-1.674107142857142808e-02,-1.618303571428571577e-02,-1.702008928571428423e-02,-1.646205357142857192e-02,-1.702008928571428423e-02,-1.632254464285714385e-02,-1.646205357142857192e-02,-1.688058035714285615e-02,-1.757812500000000000e-02,-1.646205357142857192e-02,-1.590401785714285615e-02
6.626674107142857539e-02,6.626674107142857539e-02,6.654575892857142461e-02,6.682477678571428770e-02,6.584821428571428770e-02,6.626674107142857539e-02,6.515066964285713691e-02,6.556919642857142461e-02,6.584821428571428770e-02,6.598772321428571230e-02,6.529017857142857539e-02,6.584821428571428770e-02,6.542968750000000000e-02,6.598772321428571230e-02,6.542968750000000000e-02,6.487165178571428770e-02,6.515066964285713691e-02,6.780133928571428770e-02,6.710379464285713691e-02,6.766183035714286309e-02,6.780133928571428770e-02,6.821986607142857539e-02,6.696428571428571230e-02,6.738281250000000000e-02,6.794084821428571230e-02,6.654575892857142461e-02,6.766183035714286309e-02,6.738281250000000000e-02,6.738281250000000000e-02,6.654575892857142461e-02,6.570870535714286309e-02,6.710379464285713691e-02,6.626674107142857539e-02,6.654575892857142461e-02,6.640625000000000000e-02,6.626674107142857539e-02,6.654575892857142461e-02,6.598772321428571230e-02,6.598772321428571230e-02,6.584821428571428770e-02,6.612723214285713691e-02,6.612723214285713691e-02
1.036551339285714246e-01,1.035156250000000000e-01,1.036551339285714246e-01,1.037946428571428631e-01,1.037946428571428631e-01,1.033761160714285754e-01,1.025390625000000000e-01,1.037946428571428631e-01,1.030970982142857123e-01,1.030970982142857123e-01,1.022600446428571369e-01,1.023995535714285754e-01,1.033761160714285754e-01,1.036551339285714246e-01,1.036551339285714246e-01,1.028180803571428631e-01,1.028180803571428631e-01,1.056082589285714246e-01,1.046316964285714246e-01,1.049107142857142877e-01,1.057477678571428631e-01,1.054687500000000000e-01,1.044921875000000000e-01,1.046316964285714246e-01,1.054687500000000000e-01,1.040736607142857123e-01,1.053292410714285754e-01,1.054687500000000000e-01,1.051897321428571369e-01,1.043526785714285754e-01,1.043526785714285754e-01,1.043526785714285754e-01,1.035156250000000000e-01,1.039341517857142877e-01,1.040736607142857123e-01,1.040736607142857123e-01,1.035156250000000000e-01,1.037946428571428631e-01,1.033761160714285754e-01,1.039341517857142877e-01,1.029575892857142877e-01,1.026785714285714246e-01
7.491629464285713691e-02,7.477678571428571230e-02,7.421875000000000000e-02,7.463727678571428770e-02,7.435825892857142461e-02,7.463727678571428770e-02,7.463727678571428770e-02,7.421875000000000000e-02,7.338169642857142461e-02,7.421875000000000000e-02,7.421875000000000000e-02,7.421875000000000000e-02,7.407924107142857539e-02,7.393973214285713691e-02,7.324218750000000000e-02,7.324218750000000000e-02,7.352120535714286309e-02,7.645089285714286309e-02,7.603236607142857539e-02,7.645089285714286309e-02,7.533482142857142461e-02,7.589285714285713691e-02,7.603236607142857539e-02,7.589285714285713691e-02,7.547433035714286309e-02,7.575334821428571230e-02,7.575334821428571230e-02,7.533482142857142461e-02,7.519531250000000000e-02,7.575334821428571230e-02,7.533482142857142461e-02,7.505580357142857539e-02,7.491629464285713691e-02,7.449776785714286309e-02,7.435825892857142461e-02,7.491629464285713691e-02,7.505580357142857539e-02,7.463727678571428770e-02,7.393973214285713691e-02,7.407924107142857539e-02,7.380022321428571230e-02,7.491629464285713691e-02
-8.510044642857142114e-03,-8.789062500000000000e-03,-9.347098214285714038e-03,-9.068080357142857886e-03,-9.068080357142857886e-03,-9.626116071428571924e-03,-8.510044642857142114e-03,-9.905133928571428076e-03,-9.347098214285714038e-03,-9.905133928571428076e-03,-8.370535714285714038e-03,-9.207589285714285962e-03,-8.789062500000000000e-03,-9.626116071428571924e-03,-1.018415178571428596e-02,-9.626116071428571924e-03,-8.649553571428571924e-03,-7.952008928571428076e-03,-8.231026785714285962e-03,-7.952008928571428076e-03,-8.789062500000000000e-03,-8.091517857142857886e-03,-8.510044642857142114e-03,-8.091517857142857886e-03,-9.207589285714285962e-03,-7.114955357142857019e-03,-8.510044642857142114e-03,-9.486607142857142114e-03,-9.068080357142857886e-03,-8.510044642857142114e-03,-8.789062500000000000e-03,-8.789062500000000000e-03,-7.952008928571428076e-03,-9.765625000000000000e-03,-9.068080357142857886e-03,-8.789062500000000000e-03,-8.091517857142857886e-03,-8.789062500000000000e-03,-9.347098214285714038e-03,-9.347098214285714038e-03,-9.068080357142857886e-03,-9.207589285714285962e-03
6.752232142857142461e-02,6.821986607142857539e-02,6.808035714285713691e-02,6.808035714285713691e-02,6.794084821428571230e-02,6.794084821428571230e-02,6.766183035714286309e-02,6.794084821428571230e-02,6.821986607142857539e-02,6.808035714285713691e-02,6.738281250000000000e-02,6.794084821428571230e-02,6.738281250000000000e-02,6.724330357142857539e-02,6.808035714285713691e-02,6.738281250000000000e-02,6.752232142857142461e-02,6.989397321428571230e-02,6.905691964285713691e-02,6.947544642857142461e-02,6.891741071428571230e-02,6.863839285714286309e-02,6.905691964285713691e-02,6.877790178571428770e-02,6.933593750000000000e-02,6.863839285714286309e-02,6.905691964285713691e-02,6.877790178571428770e-02,6.947544642857142461e-02,6.835937500000000000e-02,6.877790178571428770e-02,6.835937500000000000e-02,6.849888392857142461e-02,6.863839285714286309e-02,6.877790178571428770e-02,6.849888392857142461e-02,6.835937500000000000e-02,6.821986607142857539e-02,6.821986607142857539e-02,6.821986607142857539e-02,6.794084821428571230e-02,6.794084821428571230e-02
1.047712053571428631e-01,1.042131696428571369e-01,1.042131696428571369e-01,1.050502232142857123e-01,1.042131696428571369e-01,1.044921875000000000e-01,1.032366071428571369e-01,1.050502232142857123e-01,1.037946428571428631e-01,1.040736607142857123e-01,1.039341517857142877e-01,1.029575892857142877e-01,1.040736607142857123e-01,1.042131696428571369e-01,1.044921875000000000e-01,1.032366071428571369e-01,1.036551339285714246e-01,1.067243303571428631e-01,1.054687500000000000e-01,1.054687500000000000e-01,1.063058035714285754e-01,1.060267857142857123e-01,1.046316964285714246e-01,1.053292410714285754e-01,1.058872767857142877e-01,1.040736607142857123e-01,1.058872767857142877e-01,1.065848214285714246e-01,1.057477678571428631e-01,1.047712053571428631e-01,1.051897321428571369e-01,1.050502232142857123e-01,1.040736607142857123e-01,1.049107142857142877e-01,1.056082589285714246e-01,1.046316964285714246e-01,1.044921875000000000e-01,1.044921875000000000e-01,1.040736607142857123e-01,1.044921875000000000e-01,1.039341517857142877e-01,1.030970982142857123e-01
7.435825892857142461e-02,7.477678571428571230e-02,7.491629464285713691e-02,7.449776785714286309e-02,7.407924107142857539e-02,7.421875000000000000e-02,7.463727678571428770e-02,7.421875000000000000e-02,7.407924107142857539e-02,7.393973214285713691e-02,7.380022321428571230e-02,7.352120535714286309e-02,7.366071428571428770e-02,7.380022321428571230e-02,7.352120535714286309e-02,7.352120535714286309e-02,7.324218750000000000e-02,7.631138392857142461e-02,7.575334821428571230e-02,7.617187500000000000e-02,7.533482142857142461e-02,7.603236607142857539e-02,7.631138392857142461e-02,7.547433035714286309e-02,7.491629464285713691e-02,7.561383928571428770e-02,7.519531250000000000e-02,7.491629464285713691e-02,7.519531250000000000e-02,7.505580357142857539e-02,7.491629464285713691e-02,7.449776785714286309e-02,7.505580357142857539e-02,7.449776785714286309e-02,7.477678571428571230e-02,7.477678571428571230e-02,7.463727678571428770e-02,7.449776785714286309e-02,7.463727678571428770e-02,7.393973214285713691e-02,7.435825892857142461e-02,7.435825892857142461e-02
-1.757812500000000000e-02,-1.799665178571428423e-02,-1.855468750000000000e-02,-1.827566964285714385e-02,-1.827566964285714385e-02,-1.869419642857142808e-02,-1.827566964285714385e-02,-1.897321428571428423e-02,-1.855468750000000000e-02,-1.841517857142857192e-02,-1.743861607142857192e-02,-1.743861607142857192e-02,-1.813616071428571577e-02,-1.841517857142857192e-02,-1.869419642857142808e-02,-1.855468750000000000e-02,-1.855468750000000000e-02,-1.757812500000000000e-02,-1.785714285714285615e-02,-1.674107142857142808e-02,-1.827566964285714385e-02,-1.799665178571428423e-02,-1.771763392857142808e-02,-1.743861607142857192e-02,-1.869419642857142808e-02,-1.702008928571428423e-02,-1.813616071428571577e-02,-1.813616071428571577e-02,-1.827566964285714385e-02,-1.799665178571428423e-02,-1.869419642857142808e-02,-1.813616071428571577e-02,-1.660156250000000000e-02,-1.855468750000000000e-02,-1.785714285714285615e-02,-1.799665178571428423e-02,-1.757812500000000000e-02,-1.841517857142857192e-02,-1.799665178571428423e-02,-1.841517857142857192e-02,-1.771763392857142808e-02,-1.715959821428571577e-02
6.110491071428571230e-02,5.998883928571428770e-02,6.054687500000000000e-02,6.040736607142856845e-02,6.040736607142856845e-02,6.040736607142856845e-02,5.984933035714285615e-02,6.054687500000000000e-02,5.984933035714285615e-02,6.054687500000000000e-02,5.957031250000000000e-02,5.984933035714285615e-02,5.998883928571428770e-02,6.040736607142856845e-02,6.068638392857143155e-02,5.998883928571428770e-02,5.915178571428571230e-02,6.166294642857143155e-02,6.082589285714285615e-02,6.096540178571428770e-02,6.124441964285714385e-02,6.138392857142856845e-02,6.082589285714285615e-02,6.110491071428571230e-02,6.110491071428571230e-02,6.026785714285714385e-02,6.138392857142856845e-02,6.138392857142856845e-02,6.138392857142856845e-02,6.068638392857143155e-02,6.082589285714285615e-02,6.124441964285714385e-02,6.138392857142856845e-02,6.068638392857143155e-02,6.096540178571428770e-02,6.040736607142856845e-02,6.082589285714285615e-02,6.026785714285714385e-02,6.012834821428571230e-02,6.054687500000000000e-02,6.040736607142856845e-02,6.012834821428571230e-02
9.765625000000000000e-02,9.695870535714286309e-02,9.681919642857142461e-02,9.737723214285713691e-02,9.640066964285713691e-02,9.681919642857142461e-02,9.654017857142857539e-02,9.765625000000000000e-02,9.640066964285713691e-02,9.681919642857142461e-02,9.681919642857142461e-02,9.570312500000000000e-02,9.626116071428571230e-02,9.654017857142857539e-02,9.779575892857142461e-02,9.612165178571428770e-02,9.626116071428571230e-02,9.863281250000000000e-02,9.863281250000000000e-02,9.793526785714286309e-02,9.891183035714286309e-02,9.835379464285713691e-02,9.723772321428571230e-02,9.765625000000000000e-02,9.821428571428571230e-02,9.640066964285713691e-02,9.835379464285713691e-02,9.863281250000000000e-02,9.821428571428571230e-02,9.695870535714286309e-02,9.751674107142857539e-02,9.765625000000000000e-02,9.667968750000000000e-02,9.751674107142857539e-02,9.779575892857142461e-02,9.709821428571428770e-02,9.765625000000000000e-02,9.709821428571428770e-02,9.681919642857142461e-02,9.751674107142857539e-02,9.709821428571428770e-02,9.640066964285713691e-02
6.863839285714286309e-02,6.808035714285713691e-02,6.821986607142857539e-02,6.794084821428571230e-02,6.794084821428571230e-02,6.766183035714286309e-02,6.808035714285713691e-02,6.752232142857142461e-02,6.821986607142857539e-02,6.710379464285713691e-02,6.752232142857142461e-02,6.808035714285713691e-02,6.752232142857142461e-02,6.738281250000000000e-02,6.710379464285713691e-02,6.668526785714286309e-02,6.710379464285713691e-02,7.017299107142857539e-02,6.989397321428571230e-02,6.947544642857142461e-02,6.891741071428571230e-02,6.947544642857142461e-02,6.905691964285713691e-02,6.905691964285713691e-02,6.891741071428571230e-02,6.905691964285713691e-02,6.863839285714286309e-02,6.891741071428571230e-02,6.808035714285713691e-02,6.780133928571428770e-02,6.821986607142857539e-02,6.821986607142857539e-02,6.891741071428571230e-02,6.821986607142857539e-02,6.794084821428571230e-02,6.835937500000000000e-02,6.891741071428571230e-02,6.794084821428571230e-02,6.752232142857142461e-02,6.780133928571428770e-02,6.849888392857142461e-02,6.821986607142857539e-02
-2.845982142857142808e-02,-2.762276785714285615e-02,-2.790178571428571577e-02,-2.762276785714285615e-02,-2.762276785714285615e-02,-2.845982142857142808e-02,-2.720424107142857192e-02,-2.845982142857142808e-02,-2.832031250000000000e-02,-2.818080357142857192e-02,-2.748325892857142808e-02,-2.664620535714285615e-02,-2.776227678571428423e-02,-2.818080357142857192e-02,-2.790178571428571577e-02,-2.790178571428571577e-02,-2.790178571428571577e-02,-2.776227678571428423e-02,-2.720424107142857192e-02,-2.720424107142857192e-02,-2.790178571428571577e-02,-2.734375000000000000e-02,-2.706473214285714385e-02,-2.706473214285714385e-02,-2.790178571428571577e-02,-2.748325892857142808e-02,-2.790178571428571577e-02,-2.818080357142857192e-02,-2.818080357142857192e-02,-2.790178571428571577e-02,-2.845982142857142808e-02,-2.748325892857142808e-02,-2.650669642857142808e-02,-2.859933035714285615e-02,-2.748325892857142808e-02,-2.832031250000000000e-02,-2.706473214285714385e-02,-2.790178571428571577e-02,-2.776227678571428423e-02,-2.804129464285714385e-02,-2.804129464285714385e-02,-2.720424107142857192e-02
5.092075892857143155e-02,5.008370535714285615e-02,4.980468750000000000e-02,5.064174107142856845e-02,5.036272321428571230e-02,5.078125000000000000e-02,5.064174107142856845e-02,4.994419642857143155e-02,5.119977678571428770e-02,4.994419642857143155e-02,4.980468750000000000e-02,4.994419642857143155e-02,4.980468750000000000e-02,5.078125000000000000e-02,4.994419642857143155e-02,5.022321428571428770e-02,4.980468750000000000e-02,5.175781250000000000e-02,5.161830357142856845e-02,5.119977678571428770e-02,5.245535714285714385e-02,5.133928571428571230e-02,5.092075892857143155e-02,5.175781250000000000e-02,5.189732142857143155e-02,5.119977678571428770e-02,5.231584821428571230e-02,5.175781250000000000e-02,5.175781250000000000e-02,5.078125000000000000e-02,5.203683035714285615e-02,5.147879464285714385e-02,5.064174107142856845e-02,5.064174107142856845e-02,5.106026785714285615e-02,5.008370535714285615e-02,5.092075892857143155e-02,5.078125000000000000e-02,5.064174107142856845e-02,5.064174107142856845e-02,5.078125000000000000e-02,4.994419642857143155e-02
9.109933035714286309e-02,8.956473214285713691e-02,9.082031250000000000e-02,9.068080357142857539e-02,9.012276785714286309e-02,9.054129464285713691e-02,8.956473214285713691e-02,9.068080357142857539e-02,9.040178571428571230e-02,9.137834821428571230e-02,8.970424107142857539e-02,8.942522321428571230e-02,8.998325892857142461e-02,9.082031250000000000e-02,9.095982142857142461e-02,8.998325892857142461e-02,8.956473214285713691e-02,9.165736607142857539e-02,9.221540178571428770e-02,9.165736607142857539e-02,9.235491071428571230e-02,9.193638392857142461e-02,9.151785714285713691e-02,9.151785714285713691e-02,9.235491071428571230e-02,9.082031250000000000e-02,9.277343750000000000e-02,9.263392857142857539e-02,9.207589285714286309e-02,9.068080357142857539e-02,9.151785714285713691e-02,9.193638392857142461e-02,8.928571428571428770e-02,9.095982142857142461e-02,9.123883928571428770e-02,9.026227678571428770e-02,9.082031250000000000e-02,9.040178571428571230e-02,9.040178571428571230e-02,9.040178571428571230e-02,9.082031250000000000e-02,9.026227678571428770e-02
6.333705357142857539e-02,6.277901785714286309e-02,6.277901785714286309e-02,6.250000000000000000e-02,6.333705357142857539e-02,6.194196428571428770e-02,6.180245535714285615e-02,6.110491071428571230e-02,6.194196428571428770e-02,6.180245535714285615e-02,6.236049107142856845e-02,6.250000000000000000e-02,6.222098214285714385e-02,6.194196428571428770e-02,6.208147321428571230e-02,6.194196428571428770e-02,6.208147321428571230e-02,6.431361607142857539e-02,6.389508928571428770e-02,6.403459821428571230e-02,6.431361607142857539e-02,6.375558035714286309e-02,6.333705357142857539e-02,6.403459821428571230e-02,6.347656250000000000e-02,6.403459821428571230e-02,6.389508928571428770e-02,6.389508928571428770e-02,6.319754464285713691e-02,6.319754464285713691e-02,6.319754464285713691e-02,6.277901785714286309e-02,6.333705357142857539e-02,6.277901785714286309e-02,6.236049107142856845e-02,6.319754464285713691e-02,6.361607142857142461e-02,6.250000000000000000e-02,6.291852678571428770e-02,6.208147321428571230e-02,6.236049107142856845e-02,6.250000000000000000e-02
-1.095145089285714246e-01,-1.090959821428571369e-01,-1.085379464285714246e-01,-1.085379464285714246e-01,-1.086774553571428631e-01,-1.081194196428571369e-01,-1.083984375000000000e-01,-1.085379464285714246e-01,-1.078404017857142877e-01,-1.072823660714285754e-01,-1.077008928571428631e-01,-1.074218750000000000e-01,-1.075613839285714246e-01,-1.078404017857142877e-01,-1.070033482142857123e-01,-1.075613839285714246e-01,-1.070033482142857123e-01,-1.107700892857142877e-01,-1.104910714285714246e-01,-1.103515625000000000e-01,-1.102120535714285754e-01,-1.102120535714285754e-01,-1.090959821428571369e-01,-1.088169642857142877e-01,-1.095145089285714246e-01,-1.095145089285714246e-01,-1.095145089285714246e-01,-1.083984375000000000e-01,-1.089564732142857123e-01,-1.093750000000000000e-01,-1.092354910714285754e-01,-1.082589285714285754e-01,-1.082589285714285754e-01,-1.089564732142857123e-01,-1.082589285714285754e-01,-1.083984375000000000e-01,-1.082589285714285754e-01,-1.077008928571428631e-01,-1.083984375000000000e-01,-1.079799107142857123e-01,-1.075613839285714246e-01,-1.072823660714285754e-01
-9.054129464285713691e-02,-9.026227678571428770e-02,-9.054129464285713691e-02,-8.998325892857142461e-02,-9.040178571428571230e-02,-8.984375000000000000e-02,-9.026227678571428770e-02,-9.026227678571428770e-02,-8.956473214285713691e-02,-9.026227678571428770e-02,-8.956473214285713691e-02,-8.942522321428571230e-02,-8.970424107142857539e-02,-8.928571428571428770e-02,-8.900669642857142461e-02,-8.886718750000000000e-02,-8.858816964285713691e-02,-9.193638392857142461e-02,-9.151785714285713691e-02,-9.165736607142857539e-02,-9.082031250000000000e-02,-9.137834821428571230e-02,-9.137834821428571230e-02,-9.095982142857142461e-02,-9.068080357142857539e-02,-9.095982142857142461e-02,-9.082031250000000000e-02,-9.068080357142857539e-02,-9.095982142857142461e-02,-9.082031250000000000e-02,-9.040178571428571230e-02,-9.012276785714286309e-02,-9.040178571428571230e-02,-9.095982142857142461e-02,-9.068080357142857539e-02,-8.942522321428571230e-02,-8.914620535714286309e-02,-8.998325892857142461e-02,-8.984375000000000000e-02,-9.040178571428571230e-02,-8.942522321428571230e-02,-9.012276785714286309e-02
-4.268973214285714385e-02,-4.268973214285714385e-02,-4.199218750000000000e-02,-4.255022321428571230e-02,-4.199218750000000000e-02,-4.101562500000000000e-02,-4.171316964285714385e-02,-4.101562500000000000e-02,-4.115513392857143155e-02,-4.073660714285714385e-02,-4.213169642857143155e-02,-4.227120535714285615e-02,-4.185267857142856845e-02,-4.199218750000000000e-02,-4.031808035714285615e-02,-4.129464285714285615e-02,-4.073660714285714385e-02,-4.338727678571428770e-02,-4.282924107142856845e-02,-4.380580357142856845e-02,-4.213169642857143155e-02,-4.213169642857143155e-02,-4.282924107142856845e-02,-4.268973214285714385e-02,-4.157366071428571230e-02,-4.296875000000000000e-02,-4.213169642857143155e-02,-4.185267857142856845e-02,-4.157366071428571230e-02,-4.241071428571428770e-02,-4.227120535714285615e-02,-4.045758928571428770e-02,-4.296875000000000000e-02,-4.157366071428571230e-02,-4.143415178571428770e-02,-4.185267857142856845e-02,-4.213169642857143155e-02,-4.185267857142856845e-02,-4.241071428571428770e-02,-4.059709821428571230e-02,-4.143415178571428770e-02,-4.171316964285714385e-02
-4.938616071428571230e-02,-4.924665178571428770e-02,-4.994419642857143155e-02,-4.966517857142856845e-02,-4.924665178571428770e-02,-4.980468750000000000e-02,-4.924665178571428770e-02,-5.078125000000000000e-02,-4.966517857142856845e-02,-4.994419642857143155e-02,-4.882812500000000000e-02,-4.910714285714285615e-02,-4.868861607142856845e-02,-4.980468750000000000e-02,-4.952566964285714385e-02,-4.924665178571428770e-02,-4.896763392857143155e-02,-5.050223214285714385e-02,-4.966517857142856845e-02,-5.008370535714285615e-02,-4.980468750000000000e-02,-4.938616071428571230e-02,-4.938616071428571230e-02,-4.952566964285714385e-02,-4.966517857142856845e-02,-4.924665178571428770e-02,-4.966517857142856845e-02,-4.966517857142856845e-02,-5.064174107142856845e-02,-4.994419642857143155e-02,-4.994419642857143155e-02,-4.980468750000000000e-02,-4.910714285714285615e-02,-5.022321428571428770e-02,-4.952566964285714385e-02,-4.924665178571428770e-02,-4.882812500000000000e-02,-5.050223214285714385e-02,-4.924665178571428770e-02,-4.952566964285714385e-02,-4.938616071428571230e-02,-4.952566964285714385e-02
-1.888950892857142738e-01,-1.877790178571428492e-01,-1.876395089285714246e-01,-1.879185267857142738e-01,-1.872209821428571508e-01,-1.877790178571428492e-01,-1.861049107142857262e-01,-1.870814732142857262e-01,-1.866629464285714246e-01,-1.870814732142857262e-01,-1.863839285714285754e-01,-1.855468750000000000e-01,-1.862444196428571508e-01,-1.863839285714285754e-01,-1.872209821428571508e-01,-1.863839285714285754e-01,-1.856863839285714246e-01,-1.890345982142857262e-01,-1.891741071428571508e-01,-1.886160714285714246e-01,-1.894531250000000000e-01,-1.894531250000000000e-01,-1.880580357142857262e-01,-1.881975446428571508e-01,-1.886160714285714246e-01,-1.876395089285714246e-01,-1.891741071428571508e-01,-1.880580357142857262e-01,-1.891741071428571508e-01,-1.880580357142857262e-01,-1.881975446428571508e-01,-1.879185267857142738e-01,-1.863839285714285754e-01,-1.879185267857142738e-01,-1.877790178571428492e-01,-1.872209821428571508e-01,-1.873604910714285754e-01,-1.876395089285714246e-01,-1.870814732142857262e-01,-1.869419642857142738e-01,-1.872209821428571508e-01,-1.861049107142857262e-01
-7.798549107142857539e-02,-7.812500000000000000e-02,-7.798549107142857539e-02,-7.742745535714286309e-02,-7.854352678571428770e-02,-7.742745535714286309e-02,-7.700892857142857539e-02,-7.826450892857142461e-02,-7.728794642857142461e-02,-7.798549107142857539e-02,-7.784598214285713691e-02,-7.770647321428571230e-02,-7.756696428571428770e-02,-7.770647321428571230e-02,-7.784598214285713691e-02,-7.756696428571428770e-02,-7.700892857142857539e-02,-7.868303571428571230e-02,-7.784598214285713691e-02,-7.826450892857142461e-02,-7.798549107142857539e-02,-7.854352678571428770e-02,-7.882254464285713691e-02,-7.826450892857142461e-02,-7.882254464285713691e-02,-7.882254464285713691e-02,-7.812500000000000000e-02,-7.756696428571428770e-02,-7.784598214285713691e-02,-7.868303571428571230e-02,-7.770647321428571230e-02,-7.812500000000000000e-02,-7.826450892857142461e-02,-7.826450892857142461e-02,-7.714843750000000000e-02,-7.728794642857142461e-02,-7.714843750000000000e-02,-7.798549107142857539e-02,-7.714843750000000000e-02,-7.784598214285713691e-02,-7.798549107142857539e-02,-7.728794642857142461e-02
-1.562500000000000000e-02,-1.562500000000000000e-02,-1.590401785714285615e-02,-1.576450892857142808e-02,-1.576450892857142808e-02,-1.436941964285714211e-02,-1.534598214285714211e-02,-1.506696428571428596e-02,-1.464843750000000000e-02,-1.478794642857142808e-02,-1.618303571428571577e-02,-1.632254464285714385e-02,-1.604352678571428423e-02,-1.506696428571428596e-02,-1.492745535714285789e-02,-1.548549107142857192e-02,-1.548549107142857192e-02,-1.618303571428571577e-02,-1.548549107142857192e-02,-1.632254464285714385e-02,-1.492745535714285789e-02,-1.548549107142857192e-02,-1.562500000000000000e-02,-1.534598214285714211e-02,-1.534598214285714211e-02,-1.618303571428571577e-02,-1.492745535714285789e-02,-1.436941964285714211e-02,-1.492745535714285789e-02,-1.520647321428571404e-02,-1.478794642857142808e-02,-1.478794642857142808e-02,-1.688058035714285615e-02,-1.548549107142857192e-02,-1.534598214285714211e-02,-1.562500000000000000e-02,-1.548549107142857192e-02,-1.632254464285714385e-02,-1.590401785714285615e-02,-1.506696428571428596e-02,-1.548549107142857192e-02,-1.604352678571428423e-02
-1.897321428571428423e-02,-1.869419642857142808e-02,-1.911272321428571577e-02,-1.841517857142857192e-02,-1.897321428571428423e-02,-1.897321428571428423e-02,-1.925223214285714385e-02,-1.967075892857142808e-02,-1.911272321428571577e-02,-1.925223214285714385e-02,-1.911272321428571577e-02,-1.855468750000000000e-02,-1.855468750000000000e-02,-1.925223214285714385e-02,-1.911272321428571577e-02,-1.953125000000000000e-02,-1.953125000000000000e-02,-1.869419642857142808e-02,-1.897321428571428423e-02,-1.855468750000000000e-02,-1.841517857142857192e-02,-1.841517857142857192e-02,-1.841517857142857192e-02,-1.855468750000000000e-02,-1.883370535714285615e-02,-1.813616071428571577e-02,-1.869419642857142808e-02,-1.869419642857142808e-02,-1.925223214285714385e-02,-1.869419642857142808e-02,-1.911272321428571577e-02,-1.911272321428571577e-02,-1.841517857142857192e-02,-1.925223214285714385e-02,-1.883370535714285615e-02,-1.855468750000000000e-02,-1.897321428571428423e-02,-1.897321428571428423e-02,-1.869419642857142808e-02,-1.911272321428571577e-02,-1.911272321428571577e-02,-1.827566964285714385e-02
-7.101004464285713691e-02,-7.101004464285713691e-02,-7.059151785714286309e-02,-7.114955357142857539e-02,-7.031250000000000000e-02,-7.142857142857142461e-02,-7.087053571428571230e-02,-7.156808035714286309e-02,-7.128906250000000000e-02,-7.226562500000000000e-02,-7.087053571428571230e-02,-6.989397321428571230e-02,-7.031250000000000000e-02,-7.059151785714286309e-02,-7.101004464285713691e-02,-7.045200892857142461e-02,-7.045200892857142461e-02,-6.933593750000000000e-02,-7.087053571428571230e-02,-7.045200892857142461e-02,-7.128906250000000000e-02,-7.101004464285713691e-02,-7.073102678571428770e-02,-7.045200892857142461e-02,-7.101004464285713691e-02,-6.947544642857142461e-02,-7.156808035714286309e-02,-7.087053571428571230e-02,-7.114955357142857539e-02,-7.101004464285713691e-02,-7.073102678571428770e-02,-7.114955357142857539e-02,-6.961495535714286309e-02,-7.142857142857142461e-02,-7.114955357142857539e-02,-7.031250000000000000e-02,-7.045200892857142461e-02,-7.101004464285713691e-02,-7.003348214285713691e-02,-7.128906250000000000e-02,-7.073102678571428770e-02,-7.045200892857142461e-02
2.120535714285714385e-02,2.162388392857142808e-02,2.176339285714285615e-02,2.162388392857142808e-02,2.120535714285714385e-02,2.204241071428571577e-02,2.120535714285714385e-02,2.162388392857142808e-02,2.162388392857142808e-02,2.106584821428571577e-02,2.106584821428571577e-02,2.106584821428571577e-02,2.022879464285714385e-02,2.120535714285714385e-02,2.204241071428571577e-02,2.078683035714285615e-02,2.148437500000000000e-02,2.273995535714285615e-02,2.204241071428571577e-02,2.246093750000000000e-02,2.232142857142857192e-02,2.260044642857142808e-02,2.176339285714285615e-02,2.190290178571428423e-02,2.204241071428571577e-02,2.176339285714285615e-02,2.218191964285714385e-02,2.260044642857142808e-02,2.190290178571428423e-02,2.176339285714285615e-02,2.204241071428571577e-02,2.204241071428571577e-02,2.134486607142857192e-02,2.134486607142857192e-02,2.176339285714285615e-02,2.162388392857142808e-02,2.120535714285714385e-02,2.120535714285714385e-02,2.190290178571428423e-02,2.162388392857142808e-02,2.120535714285714385e-02,2.176339285714285615e-02
6.821986607142857539e-02,6.710379464285713691e-02,6.696428571428571230e-02,6.752232142857142461e-02,6.738281250000000000e-02,6.766183035714286309e-02,6.724330357142857539e-02,6.738281250000000000e-02,6.794084821428571230e-02,6.668526785714286309e-02,6.668526785714286309e-02,6.556919642857142461e-02,6.640625000000000000e-02,6.710379464285713691e-02,6.752232142857142461e-02,6.612723214285713691e-02,6.710379464285713691e-02,6.835937500000000000e-02,6.947544642857142461e-02,6.780133928571428770e-02,6.877790178571428770e-02,6.849888392857142461e-02,6.710379464285713691e-02,6.794084821428571230e-02,6.835937500000000000e-02,6.752232142857142461e-02,6.849888392857142461e-02,6.863839285714286309e-02,6.891741071428571230e-02,6.752232142857142461e-02,6.794084821428571230e-02,6.752232142857142461e-02,6.654575892857142461e-02,6.766183035714286309e-02,6.738281250000000000e-02,6.682477678571428770e-02,6.738281250000000000e-02,6.752232142857142461e-02,6.654575892857142461e-02,6.752232142857142461e-02,6.668526785714286309e-02,6.626674107142857539e-02
4.506138392857143155e-02,4.506138392857143155e-02,4.520089285714285615e-02,4.520089285714285615e-02,4.520089285714285615e-02,4.492187500000000000e-02,4.492187500000000000e-02,4.464285714285714385e-02,4.520089285714285615e-02,4.464285714285714385e-02,4.450334821428571230e-02,4.534040178571428770e-02,4.534040178571428770e-02,4.492187500000000000e-02,4.436383928571428770e-02,4.436383928571428770e-02,4.422433035714285615e-02,4.687500000000000000e-02,4.645647321428571230e-02,4.603794642857143155e-02,4.645647321428571230e-02,4.561941964285714385e-02,4.589843750000000000e-02,4.617745535714285615e-02,4.617745535714285615e-02,4.589843750000000000e-02,4.547991071428571230e-02,4.534040178571428770e-02,4.561941964285714385e-02,4.547991071428571230e-02,4.506138392857143155e-02,4.547991071428571230e-02,4.575892857142856845e-02,4.534040178571428770e-02,4.506138392857143155e-02,4.547991071428571230e-02,4.520089285714285615e-02,4.492187500000000000e-02,4.561941964285714385e-02,4.520089285714285615e-02,4.492187500000000000e-02,4.561941964285714385e-02
-5.915178571428571230e-02,-5.943080357142856845e-02,-5.915178571428571230e-02,-5.901227678571428770e-02,-5.943080357142856845e-02,-5.929129464285714385e-02,-5.915178571428571230e-02,-5.970982142857143155e-02,-5.901227678571428770e-02,-5.957031250000000000e-02,-5.845424107142856845e-02,-5.845424107142856845e-02,-5.831473214285714385e-02,-5.859375000000000000e-02,-5.859375000000000000e-02,-5.887276785714285615e-02,-5.817522321428571230e-02,-5.929129464285714385e-02,-5.998883928571428770e-02,-5.887276785714285615e-02,-5.970982142857143155e-02,-5.998883928571428770e-02,-6.012834821428571230e-02,-5.943080357142856845e-02,-5.998883928571428770e-02,-5.901227678571428770e-02,-5.929129464285714385e-02,-5.859375000000000000e-02,-5.998883928571428770e-02,-6.068638392857143155e-02,-5.887276785714285615e-02,-5.957031250000000000e-02,-5.887276785714285615e-02,-5.970982142857143155e-02,-5.957031250000000000e-02,-5.845424107142856845e-02,-5.873325892857143155e-02,-5.915178571428571230e-02,-5.803571428571428770e-02,-5.873325892857143155e-02,-5.901227678571428770e-02,-5.887276785714285615e-02
-4.171316964285714385e-02,-4.059709821428571230e-02,-4.059709821428571230e-02,-4.045758928571428770e-02,-4.045758928571428770e-02,-3.962053571428571230e-02,-4.059709821428571230e-02,-4.017857142857143155e-02,-3.920200892857143155e-02,-3.989955357142856845e-02,-4.045758928571428770e-02,-3.976004464285714385e-02,-3.989955357142856845e-02,-3.934151785714285615e-02,-3.920200892857143155e-02,-4.017857142857143155e-02,-3.934151785714285615e-02,-4.101562500000000000e-02,-4.087611607142856845e-02,-4.087611607142856845e-02,-4.031808035714285615e-02,-4.101562500000000000e-02,-4.087611607142856845e-02,-4.101562500000000000e-02,-4.031808035714285615e-02,-4.115513392857143155e-02,-4.031808035714285615e-02,-3.934151785714285615e-02,-3.948102678571428770e-02,-4.101562500000000000e-02,-4.045758928571428770e-02,-3.989955357142856845e-02,-4.129464285714285615e-02,-3.989955357142856845e-02,-4.031808035714285615e-02,-4.031808035714285615e-02,-4.045758928571428770e-02,-3.962053571428571230e-02,-4.059709821428571230e-02,-3.976004464285714385e-02,-3.976004464285714385e-02,-3.948102678571428770e-02
-1.116071428571428509e-03,-1.116071428571428509e-03,-1.674107142857142764e-03,-1.395089285714285745e-03,-2.092633928571428509e-03,-4.185267857142856911e-04,-1.534598214285714255e-03,-1.255580357142857236e-03,-5.580357142857142547e-04,-6.975446428571428726e-04,-1.395089285714285637e-04,-1.255580357142857236e-03,-8.370535714285713821e-04,-2.790178571428571274e-04,-1.395089285714285637e-04,-6.975446428571428726e-04,-1.255580357142857236e-03,-2.232142857142857019e-03,-9.765625000000000000e-04,-2.232142857142857019e-03,-5.580357142857142547e-04,-9.765625000000000000e-04,-2.092633928571428509e-03,-1.674107142857142764e-03,-9.765625000000000000e-04,-1.534598214285714255e-03,-6.975446428571428726e-04,-1.395089285714285637e-04,-1.395089285714285637e-04,-1.674107142857142764e-03,-9.765625000000000000e-04,-1.395089285714285745e-03,-1.953125000000000000e-03,-1.255580357142857236e-03,-5.580357142857142547e-04,-9.765625000000000000e-04,-1.116071428571428509e-03,-6.975446428571428726e-04,-1.116071428571428509e-03,-8.370535714285713821e-04,-1.395089285714285745e-03,-1.395089285714285745e-03
-1.827566964285714385e-02,-1.729910714285714385e-02,-1.715959821428571577e-02,-1.743861607142857192e-02,-1.743861607142857192e-02,-1.799665178571428423e-02,-1.729910714285714385e-02,-1.743861607142857192e-02,-1.757812500000000000e-02,-1.799665178571428423e-02,-1.757812500000000000e-02,-1.702008928571428423e-02,-1.729910714285714385e-02,-1.771763392857142808e-02,-1.743861607142857192e-02,-1.883370535714285615e-02,-1.771763392857142808e-02,-1.729910714285714385e-02,-1.771763392857142808e-02,-1.729910714285714385e-02,-1.771763392857142808e-02,-1.785714285714285615e-02,-1.757812500000000000e-02,-1.729910714285714385e-02,-1.729910714285714385e-02,-1.757812500000000000e-02,-1.785714285714285615e-02,-1.757812500000000000e-02,-1.757812500000000000e-02,-1.785714285714285615e-02,-1.743861607142857192e-02,-1.729910714285714385e-02,-1.660156250000000000e-02,-1.729910714285714385e-02,-1.771763392857142808e-02,-1.785714285714285615e-02,-1.757812500000000000e-02,-1.785714285714285615e-02,-1.729910714285714385e-02,-1.799665178571428423e-02,-1.771763392857142808e-02,-1.729910714285714385e-02
-1.587611607142857262e-01,-1.583426339285714246e-01,-1.587611607142857262e-01,-1.582031250000000000e-01,-1.579241071428571508e-01,-1.583426339285714246e-01,-1.580636160714285754e-01,-1.587611607142857262e-01,-1.582031250000000000e-01,-1.582031250000000000e-01,-1.570870535714285754e-01,-1.562500000000000000e-01,-1.563895089285714246e-01,-1.563895089285714246e-01,-1.569475446428571508e-01,-1.572265625000000000e-01,-1.562500000000000000e-01,-1.604352678571428492e-01,-1.609933035714285754e-01,-1.602957589285714246e-01,-1.600167410714285754e-01,-1.601562500000000000e-01,-1.598772321428571508e-01,-1.600167410714285754e-01,-1.601562500000000000e-01,-1.591796875000000000e-01,-1.604352678571428492e-01,-1.594587053571428492e-01,-1.598772321428571508e-01,-1.593191964285714246e-01,-1.594587053571428492e-01,-1.590401785714285754e-01,-1.577845982142857262e-01,-1.583426339285714246e-01,-1.580636160714285754e-01,-1.583426339285714246e-01,-1.575055803571428492e-01,-1.580636160714285754e-01,-1.576450892857142738e-01,-1.580636160714285754e-01,-1.577845982142857262e-01,-1.568080357142857262e-01
-9.667968750000000000e-02,-9.612165178571428770e-02,-9.626116071428571230e-02,-9.654017857142857539e-02,-9.654017857142857539e-02,-9.514508928571428770e-02,-9.584263392857142461e-02,-9.584263392857142461e-02,-9.584263392857142461e-02,-9.570312500000000000e-02,-9.584263392857142461e-02,-9.598214285714286309e-02,-9.514508928571428770e-02,-9.500558035714286309e-02,-9.430803571428571230e-02,-9.542410714285713691e-02,-9.500558035714286309e-02,-9.695870535714286309e-02,-9.793526785714286309e-02,-9.821428571428571230e-02,-9.681919642857142461e-02,-9.779575892857142461e-02,-9.695870535714286309e-02,-9.695870535714286309e-02,-9.723772321428571230e-02,-9.709821428571428770e-02,-9.640066964285713691e-02,-9.626116071428571230e-02,-9.695870535714286309e-02,-9.667968750000000000e-02,-9.654017857142857539e-02,-9.640066964285713691e-02,-9.598214285714286309e-02,-9.612165178571428770e-02,-9.598214285714286309e-02,-9.640066964285713691e-02,-9.640066964285713691e-02,-9.626116071428571230e-02,-9.626116071428571230e-02,-9.528459821428571230e-02,-9.542410714285713691e-02,-9.556361607142857539e-02
-4.617745535714285615e-02,-4.589843750000000000e-02,-4.589843750000000000e-02,-4.575892857142856845e-02,-4.645647321428571230e-02,-4.506138392857143155e-02,-4.589843750000000000e-02,-4.589843750000000000e-02,-4.520089285714285615e-02,-4.492187500000000000e-02,-4.520089285714285615e-02,-4.561941964285714385e-02,-4.520089285714285615e-02,-4.478236607142856845e-02,-4.478236607142856845e-02,-4.492187500000000000e-02,-4.520089285714285615e-02,-4.743303571428571230e-02,-4.715401785714285615e-02,-4.729352678571428770e-02,-4.603794642857143155e-02,-4.659598214285714385e-02,-4.701450892857143155e-02,-4.687500000000000000e-02,-4.673549107142856845e-02,-4.715401785714285615e-02,-4.589843750000000000e-02,-4.589843750000000000e-02,-4.589843750000000000e-02,-4.659598214285714385e-02,-4.589843750000000000e-02,-4.575892857142856845e-02,-4.743303571428571230e-02,-4.561941964285714385e-02,-4.478236607142856845e-02,-4.575892857142856845e-02,-4.603794642857143155e-02,-4.603794642857143155e-02,-4.575892857142856845e-02,-4.478236607142856845e-02,-4.492187500000000000e-02,-4.561941964285714385e-02
